0   16.0364    0
500   15.7375    0.298938
1000   15.2622    0.505665
1500   15.4157    0.389124
2000   15.3568    0.307121
2500   15.2814    0.261839
3000   15.3997    0.25094
3500   15.2701    0.253049
4000   15.0861    0.289258
4500   15.0083    0.270155
5000   14.9588    0.249322
5500   14.9337    0.228976
6000   15.0429    0.237225
6500   15.0223    0.220592
7000   15.0812    0.213644
7500   15.1611    0.215213
8000   15.157    0.202199
8500   15.1115    0.195998
9000   15.0891    0.186737
9500   15.0817    0.177309
10000   15.0797    0.168666
10500   15.0003    0.179361
11000   15.0515    0.178861
11500   15.0214    0.173869
12000   15.0606    0.171309
12500   15.045    0.165329
13000   15.0222    0.160712
13500   15.0392    0.1558
14000   15.0284    0.150718
14500   14.9702    0.156829
15000   14.9755    0.151779
15500   14.9757    0.14696
16000   14.9104    0.156696
16500   14.8863    0.153921
17000   14.9612    0.16721
17500   14.9503    0.162868
18000   14.9359    0.159057
18500   14.9448    0.155072
19000   14.9332    0.151491
19500   14.9222    0.148062
20000   14.9224    0.144405
20500   14.9246    0.140943
21000   14.9415    0.138659
21500   14.9498    0.135721
22000   14.9454    0.132743
22500   14.9184    0.132613
23000   14.8965    0.131583
23500   14.9126    0.129809
24000   14.9093    0.127175
24500   14.915    0.124738
25000   14.9199    0.122365
25500   14.934    0.120813
26000   14.9389    0.118611
26500   14.9584    0.118031
27000   14.9767    0.117292
27500   14.9834    0.115372
28000   14.9874    0.113402
28500   14.9902    0.111466
29000   15.0087    0.111102
29500   14.9864    0.111489
30000   14.9712    0.110695
30500   14.9892    0.110384
31000   15.0051    0.109768
31500   15.0195    0.108991
32000   15.0196    0.107301
32500   15.0006    0.107352
33000   15.0143    0.106623
33500   15.0104    0.105115
34000   15.0126    0.103603
34500   15.0066    0.102289
35000   14.9987    0.101153
35500   14.9784    0.101778
36000   14.9717    0.100594
36500   14.9845    0.100049
37000   14.9953    0.0992858
37500   14.9989    0.0980402
38000   15.0029    0.0968396
38500   15.0039    0.0955951
39000   15.001    0.0944212
39500   15.0018    0.0932369
40000   14.9991    0.0921191
40500   14.9777    0.0934668
41000   14.9761    0.0923478
41500   14.9854    0.0917165
42000   14.9922    0.0908833
42500   15.0048    0.0906975
43000   15.0174    0.0905381
43500   15.0258    0.0898988
44000   15.0223    0.0889533
44500   15.0112    0.0886627
45000   15.0124    0.0876911
45500   14.992    0.0890816
46000   14.9927    0.0881209
46500   14.9914    0.0871884
47000   14.9845    0.0865348
47500   14.9806    0.0857184
48000   14.9679    0.0857837
48500   14.9524    0.0863078
49000   14.9547    0.0854648
49500   14.9575    0.0846523
