0   5.26841    0
500   5.50927    0.240859
1000   5.61221    0.173018
1500   5.48222    0.178508
2000   5.47345    0.13855
2500   5.4596    0.113969
3000   5.49811    0.103734
3500   5.5771    0.119628
4000   5.60081    0.108133
4500   5.56701    0.102451
5000   5.52999    0.0997918
5500   5.54237    0.0919337
6000   5.5213    0.0871503
6500   5.52919    0.0810703
7000   5.50812    0.0783589
7500   5.53265    0.0772939
8000   5.52991    0.0726569
8500   5.51015    0.0712943
9000   5.54488    0.0758583
9500   5.54663    0.0719868
10000   5.55686    0.0692319
10500   5.58604    0.0721737
11000   5.52548    0.0917832
11500   5.50538    0.0901442
12000   5.4849    0.0888552
12500   5.45621    0.0900637
13000   5.43577    0.0890395
13500   5.43069    0.0859509
14000   5.44078    0.0835449
14500   5.46113    0.0832384
15000   5.46441    0.0805753
15500   5.46301    0.0780292
16000   5.48211    0.0780024
16500   5.49885    0.0775022
17000   5.48488    0.0765403
17500   5.50089    0.0760861
18000   5.49964    0.0740117
18500   5.50694    0.0724061
19000   5.49886    0.0709862
19500   5.49142    0.0695873
20000   5.49104    0.0678699
20500   5.48983    0.0662452
21000   5.48764    0.0647235
21500   5.47903    0.0638191
22000   5.47889    0.062385
22500   5.49205    0.0624173
23000   5.50419    0.0622707
23500   5.50424    0.0609596
24000   5.49893    0.0599385
24500   5.49623    0.0587893
25000   5.50072    0.0577997
25500   5.49527    0.0569394
26000   5.49254    0.0559212
26500   5.49053    0.0549127
27000   5.48167    0.054629
27500   5.47888    0.0537169
28000   5.48124    0.0528189
28500   5.47845    0.0519751
29000   5.4684    0.0520664
29500   5.47778    0.0520451
30000   5.48246    0.0513983
30500   5.48719    0.0507826
31000   5.48699    0.0499705
31500   5.48839    0.0492035
32000   5.48796    0.0484424
32500   5.486    0.0477432
33000   5.48735    0.0470445
33500   5.48019    0.046897
34000   5.4733    0.0467236
34500   5.46779    0.0463789
35000   5.48066    0.0474958
35500   5.48221    0.0468574
36000   5.48479    0.0462828
36500   5.48199    0.0457388
37000   5.48325    0.0451425
37500   5.47593    0.0451427
38000   5.46966    0.0449903
38500   5.4699    0.0444104
39000   5.47109    0.0438608
39500   5.46923    0.0433488
40000   5.47165    0.0428787
40500   5.4668    0.0426291
41000   5.46607    0.0421189
41500   5.46092    0.0419308
42000   5.45981    0.0414494
42500   5.46182    0.0410138
43000   5.46273    0.0405498
43500   5.45733    0.0404494
44000   5.45499    0.0400606
44500   5.46283    0.0403808
45000   5.47204    0.0409832
45500   5.47662    0.0407934
46000   5.48056    0.0405441
46500   5.48425    0.0402799
47000   5.47863    0.0402484
47500   5.4786    0.039827
48000   5.47515    0.0395657
48500   5.47322    0.0392074
49000   5.47813    0.0391194
49500   5.47459    0.0388878
