-6.3632
-6.3585
-6.35041
-6.3385
-6.32103
-6.29667
-6.26695
-6.22967
-6.18575
-6.1326
-6.0703
-5.9979
-5.91932
-5.83509
-5.74715
-5.66356
-5.58679
-5.52223
-5.47127
-5.4365
-5.41684
-5.4114
-5.41635
-5.42967
-5.44711
-5.46593
-5.48527
-5.50291
-5.51837
-5.5313
-5.54214
-5.55219
-5.56039
-5.56761
-5.57318
-5.57843
-5.58173
-5.58315
-5.58361
-5.58318
-5.58185
-5.58196
-5.58357
-5.58538
-5.58924
-5.59447
-5.5999
-5.60556
-5.60857
-5.6124
-5.6136
-5.61436
-5.61381
-5.61259
-5.61142
-5.61089
-5.61116
-5.61225
-5.61447
-5.61741
-5.62046
-5.62347
-5.62597
-5.62901
-5.6295
-5.62826
-5.62494
-5.62081
-5.61537
-5.61033
-5.60676
-5.60494
-5.60345
-5.60161
-5.59878
-5.59324
-5.58642
-5.57961
-5.5742
-5.57114
-5.56939
-5.57198
-5.57812
-5.58849
-5.60067
-5.61449
-5.62775
-5.6416
-5.65443
-5.66572
-5.67415
-5.68135
-5.68536
-5.68652
-5.68494
-5.68149
-5.67504
-5.66767
-5.65647
-5.64423
-5.63115
-5.61678
-5.60139
-5.58623
-5.57177
-5.55836
-5.54681
-5.53828
-5.53233
-5.5286
-5.52755
-5.52836
-5.53117
-5.53514
-5.54192
-5.55026
-5.56245
-5.57593
-5.59142
-5.60842
-5.62566
-5.64218
-5.65566
-5.66657
-5.67369
-5.67731
-5.67685
-5.67176
-5.66301
-5.65209
-5.6391
-5.62465
-5.61075
-5.59655
-5.58352
-5.57149
-5.56087
-5.55305
-5.54851
-5.54816
-5.5516
-5.55836
-5.56929
-5.58378
-5.59939
-5.61617
-5.63319
-5.64751
-5.65813
-5.66619
-5.66995
-5.67119
-5.66863
-5.66446
-5.65665
-5.64671
-5.63568
-5.62405
-5.61231
-5.59982
-5.58733
-5.57622
-5.56557
-5.55781
-5.55296
-5.55218
-5.55516
-5.56075
-5.56827
-5.57744
-5.58461
-5.59104
-5.59526
-5.59576
-5.59352
-5.58853
-5.58055
-5.57037
-5.55814
-5.54524
-5.53471
-5.52519
-5.52038
-5.52044
-5.52484
-5.53481
-5.54844
-5.5632
-5.57736
-5.59245
-5.60389
-5.61248
-5.6166
-5.61759
-5.6155
-5.60963
-5.60172
-5.59216
-5.58329
-5.57453
-5.56783
-5.56265
-5.56093
-5.561
-5.56356
-5.56791
-5.57386
-5.58079
-5.5876
-5.59312
-5.59719
-5.5994
-5.59967
-5.59707
-5.59288
-5.58672
-5.57832
-5.57039
-5.56245
-5.55589
-5.55146
-5.54973
-5.55045
-5.55154
-5.55407
-5.55703
-5.55911
-5.56206
-5.56385
-5.56497
-5.56592
-5.56642
-5.56756
-5.56804
-5.56787
-5.56737
-5.56545
-5.56338
-5.56091
-5.5572
-5.55313
-5.54952
-5.54744
-5.5475
-5.55131
-5.55762
-5.56648
-5.5774
-5.5887
-5.60079
-5.61197
-5.62224
-5.63034
-5.63573
-5.63796
-5.63692
-5.63363
-5.62706
-5.61919
-5.60999
-5.59932
-5.58902
-5.5794
-5.56962
-5.56159
-5.55481
-5.55009
-5.54715
-5.54451
-5.5426
-5.54171
-5.54193
-5.54196
-5.54275
-5.54366
-5.54549
-5.54652
-5.54917
-5.55245
-5.55632
-5.55924
-5.56207
-5.56303
-5.56116
-5.55924
-5.55716
-5.55295
-5.54975
-5.54806
-5.54794
-5.548
-5.54823
-5.54818
-5.54871
-5.54801
-5.54614
-5.5447
-5.54484
-5.54408
-5.5449
-5.54644
-5.54822
-5.55048
-5.5522
-5.55233
-5.55116
-5.54831
-5.54659
-5.54522
-5.5444
-5.5427
-5.53982
-5.53671
-5.53293
-5.52828
-5.52481
-5.52181
-5.51943
-5.5177
-5.51742
-5.51692
-5.51913
-5.52235
-5.52814
-5.53425
-5.54033
-5.54627
-5.55163
-5.5545
-5.5562
-5.55695
-5.55476
-5.55082
-5.54591
-5.53932
-5.53133
-5.5223
-5.51439
-5.50792
-5.50195
-5.4991
-5.49812
-5.49792
-5.50003
-5.50333
-5.5078
-5.51454
-5.52216
-5.53006
-5.53806
-5.54548
-5.55266
-5.55864
-5.56502
-5.56889
-5.57086
-5.5717
-5.56983
-5.56471
-5.5571
-5.54636
-5.53315
-5.51878
-5.50455
-5.49238
-5.48285
-5.4769
-5.47495
-5.47686
-5.48419
-5.49369
-5.50496
-5.51788
-5.53037
-5.54374
-5.55438
-5.56367
-5.56952
-5.5721
-5.57187
-5.57101
-5.56804
-5.56259
-5.55721
-5.55176
-5.54575
-5.5412
-5.53741
-5.53682
-5.53735
-5.53916
-5.54213
-5.54702
-5.55383
-5.56229
-5.56976
-5.57786
-5.58435
-5.58898
-5.59149
-5.59282
-5.59187
-5.59031
-5.58773
-5.58533
-5.58152
-5.57796
-5.57421
-5.57084
-5.56645
-5.56232
-5.55761
-5.55404
-5.54975
-5.54545
-5.54279
-5.54066
-5.53995
-5.54088
-5.54304
-5.54454
-5.54745
-5.55035
-5.55174
-5.55402
-5.55638
-5.55756
-5.55948
-5.56076
-5.56189
-5.56213
-5.56235
-5.56342
-5.56487
-5.56702
-5.56948
-5.57369
-5.57825
-5.58208
-5.58586
-5.58745
-5.58898
-5.58768
-5.58531
-5.57991
-5.57218
-5.564
-5.55524
-5.54578
-5.53872
-5.53262
-5.53093
-5.53233
-5.5356
-5.54065
-5.54781
-5.55744
-5.56703
-5.57676
-5.58622
-5.59533
-5.60419
-5.61126
-5.61794
-5.62221
-5.62488
-5.62689
-5.62657
-5.62487
-5.62052
-5.6163
-5.61158
-5.60585
-5.59917
-5.59181
-5.58475
-5.57757
-5.571
-5.56532
-5.56031
-5.55738
-5.55607
-5.55537
-5.55505
-5.55563
-5.5563
-5.55655
-5.55666
-5.55716
-5.55778
-5.55951
-5.56109
-5.56331
-5.56692
-5.57058
-5.57517
-5.58114
-5.58642
-5.59145
-5.5963
-5.59624
-5.58858
-5.57432
-5.55224
-5.52393
-5.49093
-5.4523
-5.41157
-5.36703
-5.3213
-5.27425
-5.22891
-5.18778
-5.15367
-5.12917
-5.11591
-5.11245
-5.1161
-5.12223
-5.12743
-5.13007
-5.13104
-5.13115
-5.13265
-5.13965
-5.1554
-5.17788
-5.20631
-5.23812
-5.26899
-5.29667
-5.32007
-5.33953
-5.35404
-5.36702
-5.37705
-5.38147
-5.38054
-5.37136
-5.35528
-5.33471
-5.31045
-5.28577
-5.26566
-5.24703
-5.23605
-5.23139
-5.23402
-5.24275
-5.25668
-5.2741
-5.29213
-5.30931
-5.3225
-5.32899
-5.33076
-5.32723
-5.31702
-5.30366
-5.28854
-5.27192
-5.25737
-5.24366
-5.23266
-5.22422
-5.21624
-5.20977
-5.20409
-5.19854
-5.19623
-5.19712
-5.19907
-5.20394
-5.21213
-5.22124
-5.23012
-5.23682
-5.24122
-5.24061
-5.23725
-5.23156
-5.22364
-5.21763
-5.21444
-5.21505
-5.22036
-5.22922
-5.23625
-5.24024
-5.2394
-5.23717
-5.237
-5.23932
-5.24701
-5.25931
-5.27183
-5.28383
-5.29307
-5.29948
-5.30269
-5.303
-5.29975
-5.29286
-5.28151
-5.26801
-5.25285
-5.23874
-5.22711
-5.21735
-5.2107
-5.20517
-5.20028
-5.19731
-5.19747
-5.20246
-5.21152
-5.2245
-5.24088
-5.25588
-5.2697
-5.2804
-5.28745
-5.28861
-5.28621
-5.28199
-5.27876
-5.27886
-5.28045
-5.28756
-5.29663
-5.30664
-5.31655
-5.32403
-5.32983
-5.33241
-5.33248
-5.32995
-5.32406
-5.31406
-5.2998
-5.28255
-5.2636
-5.24682
-5.23248
-5.22006
-5.21019
-5.20282
-5.1968
-5.19341
-5.1915
-5.19185
-5.1946
-5.19903
-5.20684
-5.21518
-5.22514
-5.23726
-5.24898
-5.26091
-5.27276
-5.28296
-5.29114
-5.30021
-5.30718
-5.31285
-5.31431
-5.31131
-5.30205
-5.2862
-5.26603
-5.24233
-5.21746
-5.19243
-5.16733
-5.14526
-5.12587
-5.11119
-5.10179
-5.09912
-5.10304
-5.11281
-5.12746
-5.14348
-5.16002
-5.17521
-5.1877
-5.19695
-5.20362
-5.20797
-5.21068
-5.20933
-5.20838
-5.2068
-5.20601
-5.20591
-5.20904
-5.21384
-5.22026
-5.22368
-5.22472
-5.22273
-5.21714
-5.20899
-5.20242
-5.19645
-5.19231
-5.18965
-5.18955
-5.18966
-5.19008
-5.19019
-5.19038
-5.19
-5.188
-5.18633
-5.18626
-5.18865
-5.19493
-5.20497
-5.21809
-5.23458
-5.25141
-5.26449
-5.27356
-5.27507
-5.26998
-5.25688
-5.23726
-5.21253
-5.18578
-5.15956
-5.13728
-5.12084
-5.11265
-5.1115
-5.11708
-5.12835
-5.14197
-5.15655
-5.16764
-5.17599
-5.18089
-5.18481
-5.18662
-5.18939
-5.19236
-5.19556
-5.19826
-5.19834
-5.19875
-5.20042
-5.20307
-5.20731
-5.21583
-5.23008
-5.24805
-5.26786
-5.2896
-5.3097
-5.32666
-5.34044
-5.34804
-5.34937
-5.34287
-5.33007
-5.31071
-5.28651
-5.25844
-5.22926
-5.20124
-5.17371
-5.1494
-5.12998
-5.11527
-5.10678
-5.10321
-5.10634
-5.11637
-5.13153
-5.15056
-5.16988
-5.18881
-5.205
-5.2205
-5.23525
-5.24906
-5.26319
-5.27767
-5.28942
-5.2984
-5.30161
-5.29892
-5.29117
-5.27979
-5.26298
-5.24479
-5.22373
-5.2006
-5.17955
-5.15945
-5.14372
-5.13347
-5.13095
-5.13669
-5.14736
-5.16026
-5.17129
-5.18001
-5.18349
-5.18193
-5.17584
-5.16732
-5.15492
-5.14571
-5.14072
-5.14182
-5.14849
-5.16023
-5.17313
-5.18485
-5.19215
-5.19617
-5.19611
-5.19179
-5.18642
-5.18061
-5.17792
-5.18076
-5.18838
-5.20283
-5.22093
-5.24161
-5.26138
-5.27572
-5.28174
-5.28118
-5.27422
-5.26094
-5.2456
-5.2284
-5.21056
-5.19105
-5.17056
-5.14943
-5.13008
-5.11701
-5.11382
-5.12464
-5.14509
-5.17352
-5.2042
-5.23675
-5.26826
-5.29906
-5.32485
-5.34626
-5.36115
-5.36813
-5.36916
-5.36581
-5.35666
-5.34321
-5.32796
-5.31044
-5.29348
-5.27553
-5.25994
-5.2472
-5.24011
-5.23642
-5.2342
-5.23666
-5.24298
-5.25236
-5.26499
-5.28024
-5.29796
-5.31678
-5.33457
-5.35048
-5.36402
-5.3744
-5.37949
-5.38043
-5.3776
-5.36906
-5.35654
-5.33846
-5.31741
-5.29482
-5.27204
-5.25145
-5.23378
-5.21931
-5.20941
-5.20331
-5.20405
-5.21056
-5.22297
-5.23787
-5.25241
-5.26536
-5.27152
-5.27379
-5.27192
-5.2656
-5.25523
-5.24259
-5.22843
-5.21309
-5.19884
-5.18747
-5.17994
-5.17966
-5.18353
-5.19335
-5.20989
-5.23102
-5.25591
-5.28002
-5.30411
-5.32389
-5.34085
-5.354
-5.36084
-5.36187
-5.35934
-5.35276
-5.34477
-5.33549
-5.32547
-5.313
-5.29955
-5.28034
-5.2563
-5.2254
-5.18919
-5.15095
-5.11449
-5.08151
-5.05521
-5.03559
-5.02328
-5.01699
-5.01736
-5.02452
-5.03832
-5.05873
-5.08197
-5.10756
-5.13341
-5.15912
-5.18371
-5.20824
-5.23178
-5.25531
-5.2756
-5.29254
-5.30442
-5.31255
-5.31688
-5.31945
-5.32006
-5.31808
-5.31485
-5.30904
-5.30299
-5.29684
-5.29088
-5.2848
-5.27886
-5.27491
-5.27289
-5.27492
-5.28105
-5.29084
-5.30104
-5.31075
-5.31934
-5.32533
-5.32956
-5.33084
-5.33015
-5.32707
-5.32092
-5.31169
-5.30111
-5.28868
-5.27286
-5.25702
-5.241
-5.22456
-5.21063
-5.19875
-5.18948
-5.18287
-5.17931
-5.17746
-5.17632
-5.17671
-5.1727
-5.16361
-5.15135
-5.13744
-5.12552
-5.11631
-5.1069
-5.09585
-5.08339
-5.06722
-5.04874
-5.02943
-5.00819
-4.98969
-4.97555
-4.96659
-4.96156
-4.95891
-4.95947
-4.96261
-4.96617
-4.97342
-4.98457
-5.00288
-5.02636
-5.05189
-5.0772
-5.09996
-5.1166
-5.12354
-5.1222
-5.11288
-5.09768
-5.08087
-5.06481
-5.05263
-5.04403
-5.03518
-5.0258
-5.02249
-5.03076
-5.05533
-5.09002
-5.12809
-5.16111
-5.18774
-5.20608
-5.21689
-5.22034
-5.2197
-5.21181
-5.20085
-5.18469
-5.16665
-5.14698
-5.12699
-5.11134
-5.09997
-5.09442
-5.09243
-5.09505
-5.09813
-5.0973
-5.09242
-5.08451
-5.07559
-5.06967
-5.06645
-5.06408
-5.05906
-5.05233
-5.0445
-5.03515
-5.02757
-5.0222
-5.02057
-5.02229
-5.02639
-5.03384
-5.04442
-5.05647
-5.07168
-5.08822
-5.1012
-5.1126
-5.11922
-5.12027
-5.11923
-5.11827
-5.1151
-5.11162
-5.11012
-5.10694
-5.10304
-5.09716
-5.09109
-5.08189
-5.07293
-5.06376
-5.0535
-5.04311
-5.03451
-5.02781
-5.02383
-5.02361
-5.02682
-5.02984
-5.03296
-5.03332
-5.03028
-5.02538
-5.01642
-5.00596
-4.9943
-4.98383
-4.97704
-4.97759
-4.98851
-5.00854
-5.0339
-5.06065
-5.08302
-5.09899
-5.11316
-5.12635
-5.14196
-5.15848
-5.17253
-5.18278
-5.18559
-5.18188
-5.17286
-5.16085
-5.1476
-5.13556
-5.12828
-5.12654
-5.13091
-5.14261
-5.15834
-5.17902
-5.19888
-5.21745
-5.23034
-5.23742
-5.24065
-5.23958
-5.23505
-5.22814
-5.21916
-5.20803
-5.19683
-5.18333
-5.16832
-5.15273
-5.1386
-5.12716
-5.11957
-5.11423
-5.11033
-5.10539
-5.09855
-5.08992
-5.07884
-5.06639
-5.05551
-5.04935
-5.04917
-5.0542
-5.0603
-5.06816
-5.07771
-5.08878
-5.09954
-5.1091
-5.11623
-5.12205
-5.12782
-5.13195
-5.13645
-5.13862
-5.13694
-5.13204
-5.12377
-5.11276
-5.10353
-5.09705
-5.09383
-5.0914
-5.09004
-5.08653
-5.0819
-5.0735
-5.06409
-5.05243
-5.04154
-5.03411
-5.03324
-5.04146
-5.05603
-5.07612
-5.0989
-5.12179
-5.14249
-5.15853
-5.16759
-5.17174
-5.17072
-5.16468
-5.15406
-5.13814
-5.12121
-5.10778
-5.09853
-5.09209
-5.08856
-5.08464
-5.079
-5.06906
-5.05566
-5.0383
-5.02066
-5.00474
-4.99499
-4.98862
-4.98784
-4.98846
-4.99151
-4.99239
-4.98819
-4.9813
-4.96965
-4.95742
-4.95048
-4.94873
-4.94915
-4.94787
-4.9463
-4.95538
-4.97917
-5.01331
-5.04733
-5.07623
-5.10208
-5.12688
-5.15277
-5.17831
-5.20142
-5.22112
-5.2336
-5.23742
-5.23228
-5.21945
-5.2033
-5.18747
-5.17635
-5.17273
-5.17688
-5.18449
-5.19303
-5.19983
-5.20047
-5.19338
-5.17863
-5.15776
-5.13243
-5.10783
-5.0866
-5.07381
-5.07018
-5.07473
-5.08745
-5.10372
-5.12044
-5.1327
-5.13841
-5.13542
-5.12629
-5.11235
-5.0963
-5.0809
-5.06755
-5.05776
-5.04944
-5.04347
-5.0388
-5.03487
-5.03167
-5.0299
-5.03063
-5.03681
-5.04928
-5.06817
-5.09351
-5.12195
-5.15161
-5.17865
-5.19934
-5.21099
-5.21309
-5.2061
-5.19051
-5.16992
-5.14619
-5.12242
-5.10257
-5.08845
-5.08023
-5.07786
-5.07906
-5.08387
-5.09025
-5.10068
-5.1114
-5.12235
-5.13211
-5.13726
-5.13668
-5.12932
-5.11508
-5.097
-5.07982
-5.07062
-5.07294
-5.08902
-5.11545
-5.14724
-5.17827
-5.20363
-5.22187
-5.23276
-5.23708
-5.23715
-5.23536
-5.23329
-5.23028
-5.22695
-5.22312
-5.21528
-5.20358
-5.18736
-5.16664
-5.14333
-5.11993
-5.09722
-5.07895
-5.06506
-5.05571
-5.05001
-5.04878
-5.05296
-5.06043
-5.07239
-5.08876
-5.1076
-5.12737
-5.14952
-5.16983
-5.18839
-5.20437
-5.21698
-5.22366
-5.22346
-5.2173
-5.2067
-5.19247
-5.17715
-5.16009
-5.14132
-5.11947
-5.09632
-5.07031
-5.04539
-5.021
-5.00113
-4.98451
-4.97342
-4.96892
-4.96993
-4.97643
-4.98703
-5.00107
-5.01916
-5.03735
-5.05688
-5.07541
-5.09388
-5.10892
-5.12102
-5.12854
-5.13106
-5.12805
-5.11513
-5.09575
-5.06924
-5.04008
-5.0125
-4.98908
-4.97361
-4.96675
-4.97043
-4.98218
-4.99964
-5.01875
-5.03729
-5.05074
-5.05824
-5.06048
-5.05752
-5.05085
-5.04384
-5.0397
-5.03816
-5.04031
-5.04587
-5.05161
-5.05833
-5.06489
-5.07
-5.0728
-5.07346
-5.07276
-5.06834
-5.06405
-5.06139
-5.06234
-5.06866
-5.07951
-5.09511
-5.11277
-5.12706
-5.13854
-5.14831
-5.15843
-5.16831
-5.17789
-5.18403
-5.18834
-5.18627
-5.17746
-5.16197
-5.13824
-5.10859
-5.07441
-5.0395
-5.01033
-4.98988
-4.98337
-4.99004
-5.00653
-5.03089
-5.05726
-5.08253
-5.10441
-5.12227
-5.13603
-5.1444
-5.14819
-5.14576
-5.13751
-5.12236
-5.09977
-5.07193
-5.04006
-5.00713
-4.97754
-4.95032
-4.92952
-4.91478
-4.90725
-4.90425
-4.90801
-4.91578
-4.92772
-4.94554
-4.96649
-4.98823
-5.01333
-5.0394
-5.06677
-5.09226
-5.11655
-5.13603
-5.1524
-5.16437
-5.17171
-5.1742
-5.17173
-5.16694
-5.15855
-5.14934
-5.1398
-5.13111
-5.12546
-5.12319
-5.12432
-5.12568
-5.12461
-5.11873
-5.10857
-5.08894
-5.06778
-5.04746
-5.02989
-5.01915
-5.01654
-5.02005
-5.02678
-5.03621
-5.04407
-5.04735
-5.04523
-5.03783
-5.02232
-5.00251
-4.98017
-4.95905
-4.9403
-4.92621
-4.91482
-4.9082
-4.90854
-4.91563
-4.92948
-4.94888
-4.97238
-4.99581
-5.0168
-5.03578
-5.05235
-5.06727
-5.07973
-5.09067
-5.09684
-5.09948
-5.09471
-5.08354
-5.06631
-5.0432
-5.01912
-4.99711
-4.9811
-4.97379
-4.9733
-4.97941
-4.98747
-4.99808
-5.01108
-5.0261
-5.04159
-5.05805
-5.07745
-5.09679
-5.11686
-5.13655
-5.15067
-5.15998
-5.16101
-5.1548
-5.14138
-5.12178
-5.0994
-5.07387
-5.0503
-5.0325
-5.02259
-5.02292
-5.03215
-5.04694
-5.06487
-5.08374
-5.09776
-5.10682
-5.10872
-5.10414
-5.09302
-5.07828
-5.05871
-5.03493
-5.00722
-4.97706
-4.94784
-4.92187
-4.90494
-4.89809
-4.90304
-4.92175
-4.95185
-4.99295
-5.03966
-5.08804
-5.13453
-5.17559
-5.20785
-5.23114
-5.24145
-5.24176
-5.23188
-5.21513
-5.19451
-5.175
-5.15778
-5.14512
-5.13775
-5.13194
-5.1289
-5.12678
-5.1256
-5.12477
-5.12364
-5.12473
-5.12642
-5.12749
-5.12426
-5.11841
-5.10846
-5.09529
-5.08152
-5.068
-5.05696
-5.04512
-5.03498
-5.02335
-5.0112
-4.99843
-4.9859
-4.97292
-4.96227
-4.94921
-4.93745
-4.92808
-4.92085
-4.91783
-4.9175
-4.92414
-4.93332
-4.94545
-4.95903
-4.97258
-4.98443
-4.9939
-5.00095
-5.00783
-5.01547
-5.02338
-5.03421
-5.04747
-5.0591
-5.06831
-5.07116
-5.06612
-5.05269
-5.03329
-5.01042
-4.98908
-4.97342
-4.96575
-4.96763
-4.97908
-5.00014
-5.02949
-5.06337
-5.10014
-5.13743
-5.17024
-5.19788
-5.21689
-5.22725
-5.22977
-5.2254
-5.21557
-5.20403
-5.19263
-5.18325
-5.17685
-5.17452
-5.17512
-5.17735
-5.18148
-5.18449
-5.18747
-5.18668
-5.18371
-5.17611
-5.16632
-5.153
-5.13624
-5.1186
-5.09959
-5.08196
-5.06376
-5.04496
-5.02654
-5.00764
-4.98999
-4.97334
-4.96122
-4.95705
-4.95965
-4.97062
-4.98894
-5.01054
-5.0332
-5.04955
-5.05929
-5.05965
-5.05401
-5.04351
-5.03447
-5.02512
-5.01812
-5.01174
-5.00876
-5.00897
-5.01405
-5.02484
-5.0399
-5.05935
-5.08032
-5.09965
-5.11622
-5.12966
-5.14154
-5.15195
-5.1613
-5.17099
-5.18208
-5.19102
-5.20096
-5.20942
-5.21718
-5.22186
-5.22383
-5.22234
-5.21687
-5.209
-5.19769
-5.18337
-5.1666
-5.14614
-5.12289
-5.09727
-5.06992
-5.04101
-5.01005
-4.98028
-4.95402
-4.93448
-4.92615
-4.93177
-4.94987
-4.97584
-5.00579
-5.03508
-5.0612
-5.08266
-5.09911
-5.11183
-5.11932
-5.12232
-5.12191
-5.1193
-5.11384
-5.10822
-5.10293
-5.10082
-5.10243
-5.10737
-5.11718
-5.12718
-5.13894
-5.15047
-5.15886
-5.1653
-5.16948
-5.17169
-5.17109
-5.16952
-5.1667
-5.16255
-5.15573
-5.14508
-5.13167
-5.11822
-5.10714
-5.09769
-5.08984
-5.08413
-5.07797
-5.07147
-5.06102
-5.04707
-5.03238
-5.01693
-5.00334
-4.99025
-4.97928
-4.96722
-4.95547
-4.94114
-4.92597
-4.91259
-4.904
-4.89959
-4.901
-4.90891
-4.92365
-4.94531
-4.97202
-5.00228
-5.03392
-5.06068
-5.08255
-5.09814
-5.10836
-5.11437
-5.11373
-5.10849
-5.09869
-5.08532
-5.07329
-5.06569
-5.06568
-5.07417
-5.08552
-5.09998
-5.11397
-5.12621
-5.1369
-5.14478
-5.14989
-5.15199
-5.15156
-5.14858
-5.1428
-5.13334
-5.12236
-5.10477
-5.08772
-5.07276
-5.06233
-5.05842
-5.06191
-5.07132
-5.08863
-5.10684
-5.12524
-5.13607
-5.13772
-5.1317
-5.11923
-5.10499
-5.09202
-5.08367
-5.08054
-5.07888
-5.07687
-5.07174
-5.06082
-5.0443
-5.02422
-5.00709
-4.99835
-4.99757
-4.99849
-4.99617
-4.99314
-4.98852
-4.98567
-4.98461
-4.98882
-5.00097
-5.0236
-5.05411
-5.08733
-5.11903
-5.14464
-5.16167
-5.17146
-5.17491
-5.172
-5.16843
-5.16187
-5.15137
-5.13746
-5.11866
-5.09476
-5.0686
-5.04075
-5.01412
-4.99388
-4.98208
-4.97694
-4.97914
-4.98778
-4.99842
-5.00863
-5.02113
-5.03613
-5.05247
-5.06771
-5.07937
-5.08608
-5.08754
-5.08614
-5.08181
-5.07699
-5.07321
-5.06834
-5.06375
-5.06084
-5.06119
-5.06762
-5.0818
-5.10065
-5.12055
-5.13698
-5.14905
-5.15651
-5.15675
-5.15059
-5.13688
-5.11749
-5.09442
-5.06828
-5.03984
-5.00913
-4.98004
-4.95349
-4.93234
-4.91504
-4.90198
-4.8899
-4.87842
-4.87147
-4.87122
-4.88278
-4.90278
-4.92755
-4.95103
-4.96976
-4.98018
-4.98395
-4.9852
-4.98666
-4.99098
-4.99887
-5.01172
-5.02618
-5.04342
-5.05976
-5.0696
-5.07315
-5.06954
-5.0594
-5.04633
-5.03264
-5.02097
-5.01094
-5.00475
-5.00036
-4.99685
-4.9947
-4.99407
-4.99611
-5.00091
-5.00821
-5.01846
-5.03242
-5.04705
-5.06039
-5.07158
-5.07977
-5.08579
-5.08829
-5.08814
-5.08399
-5.07577
-5.06158
-5.04239
-5.01852
-4.99075
-4.96169
-4.93234
-4.90532
-4.88493
-4.87029
-4.86401
-4.86477
-4.87063
-4.87748
-4.88531
-4.89687
-4.91139
-4.93085
-4.95483
-4.98283
-5.01097
-5.03961
-5.06517
-5.08678
-5.10075
-5.10726
-5.10895
-5.10365
-5.09614
-5.08926
-5.08324
-5.07944
-5.07714
-5.07373
-5.06987
-5.06299
-5.05215
-5.03791
-5.0234
-5.00912
-5.00024
-4.99483
-4.99066
-4.98805
-4.98367
-4.98033
-4.97762
-4.98082
-4.99038
-5.00373
-5.01909
-5.02998
-5.03641
-5.0376
-5.03149
-5.0176
-5.0006
-4.97968
-4.96017
-4.94493
-4.9366
-4.93961
-4.95532
-4.97994
-5.00783
-5.03568
-5.05972
-5.0769
-5.08787
-5.09257
-5.09355
-5.09059
-5.08561
-5.07854
-5.07048
-5.06069
-5.05081
-5.04227
-5.03477
-5.03347
-5.03927
-5.05009
-5.06271
-5.07339
-5.07826
-5.07902
-5.07926
-5.08506
-5.0951
-5.10809
-5.11687
-5.11869
-5.11099
-5.09427
-5.07144
-5.0475
-5.02621
-5.01504
-5.01477
-5.02488
-5.04002
-5.05462
-5.06533
-5.07016
-5.07018
-5.06682
-5.05943
-5.05134
-5.04019
-5.02916
-5.02026
-5.01446
-5.01182
-5.01132
-5.01143
-5.00933
-5.00413
-4.99436
-4.9791
-4.96028
-4.94052
-4.92477
-4.9142
-4.91358
-4.92474
-4.94791
-4.98109
-5.02091
-5.06366
-5.10709
-5.14554
-5.17915
-5.2038
-5.21881
-5.22484
-5.2218
-5.21344
-5.20335
-5.19052
-5.17478
-5.1529
-5.12919
-5.10494
-5.07905
-5.05771
-5.04039
-5.0276
-5.01827
-5.01012
-5.00283
-4.99576
-4.98914
-4.98784
-4.99225
-5.00307
-5.02122
-5.04167
-5.06599
-5.08874
-5.10757
-5.11941
-5.12324
-5.11972
-5.10694
-5.08892
-5.06785
-5.0479
-5.031
-5.01786
-5.00831
-4.99983
-4.99266
-4.98599
-4.98032
-4.97819
-4.98285
-4.9927
-5.0101
-5.03279
-5.06036
-5.08921
-5.11385
-5.12893
-5.13252
-5.12205
-5.10507
-5.09037
-5.0829
-5.08206
-5.08707
-5.09335
-5.10479
-5.11909
-5.1331
-5.14285
-5.14415
-5.13899
-5.12461
-5.10824
-5.09121
-5.07714
-5.06939
-5.07063
-5.07867
-5.09085
-5.10406
-5.11506
-5.12017
-5.11859
-5.11036
-5.09836
-5.08535
-5.07403
-5.06544
-5.06087
-5.06088
-5.0647
-5.07055
-5.07507
-5.07725
-5.0765
-5.07356
-5.06867
-5.06103
-5.0519
-5.04361
-5.03479
-5.02901
-5.02743
-5.02917
-5.03408
-5.04086
-5.04513
-5.04708
-5.04375
-5.03263
-5.01805
-4.99871
-4.98007
-4.96683
-4.96437
-4.9738
-4.99474
-5.02222
-5.05099
-5.07452
-5.09136
-5.09848
-5.09906
-5.09343
-5.08496
-5.07441
-5.0647
-5.05328
-5.04456
-5.03785
-5.03181
-5.02816
-5.02774
-5.0302
-5.03588
-5.04426
-5.05452
-5.06388
-5.0692
-5.069
-5.06305
-5.05531
-5.04583
-5.04097
-5.04057
-5.04212
-5.04584
-5.04382
-5.03746
-5.02691
-5.01289
-4.99609
-4.98223
-4.9735
-4.97347
-4.98333
-5.00155
-5.02141
-5.04063
-5.05514
-5.06421
-5.06959
-5.07069
-5.07085
-5.06862
-5.06529
-5.06294
-5.06221
-5.06162
-5.05778
-5.0508
-5.04126
-5.02836
-5.01703
-5.00843
-5.00395
-5.00137
-5.00015
-4.99976
-5.0051
-5.01965
-5.04625
-5.07609
-5.09858
-5.10939
-5.11088
-5.10543
-5.09747
-5.09263
-5.08935
-5.08867
-5.08744
-5.08431
-5.07666
-5.06422
-5.04827
-5.02888
-5.01073
-4.99367
-4.98073
-4.97273
-4.97225
-4.97925
-4.99432
-5.01577
-5.04204
-5.06728
-5.08887
-5.10409
-5.11122
-5.10826
-5.09891
-5.08392
-5.06655
-5.04929
-5.03215
-5.01302
-4.99149
-4.96473
-4.93876
-4.91499
-4.89643
-4.88746
-4.89064
-4.90747
-4.93407
-4.96705
-5.00418
-5.03869
-5.06746
-5.08896
-5.10389
-5.11003
-5.11252
-5.11178
-5.11234
-5.11605
-5.12385
-5.1339
-5.14617
-5.15745
-5.16753
-5.17035
-5.16956
-5.16456
-5.15648
-5.14651
-5.13509
-5.12395
-5.11035
-5.09481
-5.07887
-5.06663
-5.0587
-5.05519
-5.05662
-5.05798
-5.05685
-5.05242
-5.0423
-5.02954
-5.01649
-5.00716
-5.00314
-5.00578
-5.01283
-5.01845
-5.01863
-5.0072
-4.98567
-4.95434
-4.91908
-4.88486
-4.85715
-4.83885
-4.83037
-4.82952
-4.83386
-4.84417
-4.85816
-4.87675
-4.90084
-4.93032
-4.96498
-5.00554
-5.04958
-5.09215
-5.13262
-5.16426
-5.18691
-5.20189
-5.20738
-5.20578
-5.19602
-5.17806
-5.1521
-5.11858
-5.08192
-5.04535
-5.01377
-4.98847
-4.96951
-4.95494
-4.94717
-4.94671
-4.95502
-4.97147
-4.99274
-5.01378
-5.03356
-5.04855
-5.06011
-5.07059
-5.07928
-5.08585
-5.0898
-5.0898
-5.08419
-5.07476
-5.06405
-5.0536
-5.04356
-5.03322
-5.0225
-5.00984
-4.9971
-4.98613
-4.97862
-4.97637
-4.97981
-4.98909
-5.00232
-5.01555
-5.02519
-5.03193
-5.03389
-5.03393
-5.03503
-5.03987
-5.04661
-5.05707
-5.06785
-5.07967
-5.09027
-5.09999
-5.10744
-5.10812
-5.10458
-5.09457
-5.08059
-5.06524
-5.04786
-5.03208
-5.02321
-5.02408
-5.03461
-5.04854
-5.06187
-5.07178
-5.07527
-5.07087
-5.0605
-5.04642
-5.03022
-5.01541
-5.00416
-4.99734
-4.99767
-5.00524
-5.01813
-5.03519
-5.05295
-5.0718
-5.08777
-5.10128
-5.1121
-5.11916
-5.12357
-5.12054
-5.11324
-5.1009
-5.07975
-5.05528
-5.02618
-4.99427
-4.96431
-4.93928
-4.9216
-4.91438
-4.91843
-4.93329
-4.95561
-4.98355
-5.01022
-5.03316
-5.04977
-5.05633
-5.05182
-5.03552
-5.00963
-4.9777
-4.94321
-4.91026
-4.88458
-4.86695
-4.86026
-4.86101
-4.8688
-4.87998
-4.89391
-4.90975
-4.92754
-4.9466
-4.96709
-4.98846
-5.00973
-5.03288
-5.05481
-5.07306
-5.08515
-5.08956
-5.08434
-5.06664
-5.03895
-5.00704
-4.97898
-4.96579
-4.9709
-4.99142
-5.02042
-5.04623
-5.06381
-5.07182
-5.07061
-5.06241
-5.05048
-5.03545
-5.02112
-5.00716
-4.99438
-4.98593
-4.98395
-4.99027
-5.00397
-5.02425
-5.04934
-5.07659
-5.10364
-5.12961
-5.1526
-5.17087
-5.18172
-5.1844
-5.17708
-5.16208
-5.14077
-5.11071
-5.076
-5.03653
-4.99556
-4.95283
-4.91288
-4.88119
-4.8597
-4.85279
-4.86393
-4.89219
-4.93129
-4.97501
-5.01566
-5.04878
-5.07192
-5.08577
-5.09016
-5.08702
-5.07795
-5.06715
-5.05749
-5.05139
-5.04993
-5.05475
-5.06133
-5.0686
-5.07034
-5.06716
-5.05902
-5.04691
-5.03357
-5.01952
-5.00854
-5.004
-5.00362
-5.00705
-5.01352
-5.02034
-5.02468
-5.02918
-5.03402
-5.04014
-5.05024
-5.06093
-5.07609
-5.09137
-5.10586
-5.11672
-5.12262
-5.12082
-5.10981
-5.09429
-5.07901
-5.0668
-5.05867
-5.05344
-5.04805
-5.04372
-5.04037
-5.04288
-5.05461
-5.07494
-5.10359
-5.13525
-5.16688
-5.19561
-5.21875
-5.23383
-5.24174
-5.24151
-5.23553
-5.22126
-5.2001
-5.17023
-5.13111
-5.0864
-5.04047
-4.99548
-4.96051
-4.93937
-4.93536
-4.94159
-4.95718
-4.9771
-4.99521
-5.01193
-5.02349
-5.03159
-5.03571
-5.03751
-5.03877
-5.04
-5.04054
-5.03976
-5.0389
-5.04045
-5.04284
-5.04857
-5.05694
-5.06481
-5.07237
-5.07797
-5.08207
-5.0826
-5.08227
-5.08187
-5.08152
-5.07896
-5.07382
-5.0677
-5.06114
-5.05298
-5.04458
-5.03541
-5.02513
-5.01404
-5.00821
-5.00626
-5.00923
-5.01594
-5.02268
-5.02466
-5.02327
-5.02086
-5.01979
-5.02566
-5.04081
-5.05954
-5.07747
-5.09025
-5.09903
-5.10408
-5.10721
-5.10729
-5.10731
-5.10724
-5.10665
-5.10215
-5.09612
-5.08932
-5.08172
-5.07531
-5.0678
-5.05864
-5.04905
-5.03783
-5.03144
-5.03337
-5.04785
-5.07295
-5.1018
-5.12578
-5.14161
-5.14522
-5.13587
-5.11431
-5.08451
-5.04809
-5.01441
-4.98697
-4.97246
-4.97129
-4.98191
-4.99893
-5.01954
-5.03659
-5.04918
-5.05722
-5.06005
-5.05971
-5.0576
-5.05545
-5.05289
-5.05346
-5.05837
-5.06757
-5.07741
-5.08746
-5.09384
-5.09503
-5.0908
-5.08227
-5.07196
-5.06424
-5.05795
-5.05433
-5.05204
-5.04889
-5.04398
-5.03543
-5.0236
-5.00803
-4.98844
-4.96598
-4.94639
-4.93103
-4.9242
-4.93044
-4.94709
-4.97282
-5.00119
-5.0269
-5.04892
-5.06453
-5.07686
-5.08736
-5.0943
-5.09742
-5.09664
-5.09345
-5.08911
-5.0828
-5.07908
-5.07782
-5.07941
-5.08475
-5.09033
-5.0973
-5.10575
-5.11545
-5.12476
-5.13291
-5.14014
-5.14699
-5.15368
-5.16223
-5.17358
-5.18856
-5.20508
-5.22077
-5.23246
-5.23738
-5.23413
-5.22428
-5.20868
-5.19191
-5.17503
-5.16246
-5.15471
-5.14988
-5.1457
-5.14349
-5.14113
-5.13855
-5.13496
-5.13154
-5.12609
-5.11747
-5.10651
-5.09729
-5.09023
-5.08874
-5.0983
-5.11532
-5.13548
-5.15463
-5.16954
-5.17527
-5.17273
-5.15965
-5.13931
-5.11535
-5.09308
-5.07549
-5.0679
-5.07152
-5.08236
-5.09653
-5.10921
-5.11677
-5.11899
-5.1159
-5.11143
-5.10572
-5.10248
-5.09922
-5.09439
-5.08605
-5.07407
-5.06135
-5.04831
-5.0372
-5.03136
-5.02915
-5.03196
-5.0404
-5.05171
-5.06467
-5.07863
-5.08869
-5.09395
-5.0905
-5.07943
-5.06324
-5.04342
-5.02635
-5.01272
-5.00361
-4.99878
-4.99687
-4.99478
-4.9941
-4.99381
-4.99235
-4.9932
-4.998
-5.00497
-5.01473
-5.02793
-5.04274
-5.05725
-5.07081
-5.0852
-5.10116
-5.11481
-5.12579
-5.13006
-5.12816
-5.12262
-5.1192
-5.1199
-5.12745
-5.13909
-5.15005
-5.15334
-5.14788
-5.131
-5.10782
-5.0831
-5.06738
-5.06299
-5.06727
-5.07117
-5.07206
-5.0661
-5.05289
-5.03162
-5.0068
-4.98307
-4.96044
-4.94553
-4.93656
-4.9372
-4.94318
-4.9539
-4.96597
-4.97793
-4.98918
-4.99474
-4.99553
-4.99011
-4.97964
-4.96933
-4.96517
-4.96704
-4.97407
-4.98476
-4.99436
-5.00141
-5.00559
-5.00724
-5.00719
-5.00607
-5.0051
-5.00317
-5.00332
-5.00377
-5.00487
-5.00444
-4.99893
-4.98616
-4.96661
-4.94363
-4.91988
-4.90017
-4.88927
-4.8833
-4.88263
-4.88586
-4.89
-4.89514
-4.90015
-4.90818
-4.91848
-4.9297
-4.94122
-4.95249
-4.96219
-4.97414
-4.98489
-4.99659
-5.00837
-5.02095
-5.02836
-5.03041
-5.02408
-5.00989
-4.9875
-4.95812
-4.92446
-4.89178
-4.86711
-4.85811
-4.864
-4.88218
-4.90621
-4.9344
-4.96464
-4.99612
-5.02742
-5.05606
-5.07872
-5.09282
-5.09858
-5.09699
-5.0896
-5.08044
-5.0715
-5.06666
-5.0637
-5.06542
-5.07091
-5.07451
-5.07548
-5.07025
-5.05819
-5.03957
-5.01905
-4.99929
-4.98316
-4.97271
-4.96709
-4.96745
-4.97306
-4.98156
-4.98986
-4.99855
-5.00374
-5.00472
-5.00265
