-4.71445
-4.71413
-4.71377
-4.71337
-4.7117
-4.70813
-4.70508
-4.70131
-4.6988
-4.69592
-4.6933
-4.68998
-4.68893
-4.68847
-4.68707
-4.68827
-4.68964
-4.69216
-4.694
-4.69621
-4.69786
-4.69973
-4.70069
-4.70192
-4.7024
-4.70218
-4.70253
-4.70264
-4.70272
-4.7025
-4.70217
-4.70264
-4.70252
-4.70256
-4.70213
-4.70274
-4.70289
-4.70261
-4.70252
-4.70218
-4.701
-4.70077
-4.70118
-4.70069
-4.7011
-4.70193
-4.70241
-4.70313
-4.70183
-4.70245
-4.70185
-4.70218
-4.70225
-4.70223
-4.70226
-4.70247
-4.70271
-4.70281
-4.70306
-4.70313
-4.70272
-4.7021
-4.70142
-4.70234
-4.70231
-4.70242
-4.70226
-4.70262
-4.70217
-4.70166
-4.70148
-4.70188
-4.70204
-4.70225
-4.7027
-4.70196
-4.70112
-4.70068
-4.70096
-4.7018
-4.70121
-4.70157
-4.70191
-4.70326
-4.70391
-4.70462
-4.70418
-4.70457
-4.70489
-4.70517
-4.70451
-4.70487
-4.7046
-4.70418
-4.70376
-4.70411
-4.70388
-4.70489
-4.70395
-4.70365
-4.70397
-4.70417
-4.70413
-4.70445
-4.70486
-4.7049
-4.70468
-4.70494
-4.7052
-4.70527
-4.70592
-4.70655
-4.70735
-4.70726
-4.70767
-4.70703
-4.70759
-4.70704
-4.70673
-4.70693
-4.70733
-4.70794
-4.7074
-4.70708
-4.70654
-4.70657
-4.70675
-4.70637
-4.7059
-4.70611
-4.70626
-4.70605
-4.70666
-4.70658
-4.70671
-4.70642
-4.70572
-4.70552
-4.70583
-4.70695
-4.70797
-4.70809
-4.70832
-4.70874
-4.70813
-4.70797
-4.70874
-4.70865
-4.70759
-4.70724
-4.70613
-4.70608
-4.70561
-4.70654
-4.70632
-4.70586
-4.70561
-4.70555
-4.70583
-4.70552
-4.7051
-4.7055
-4.70507
-4.70534
-4.70539
-4.70578
-4.70613
-4.70594
-4.70562
-4.70623
-4.70536
-4.70531
-4.70535
-4.70445
-4.70384
-4.70354
-4.70312
-4.70292
-4.70235
-4.70175
-4.70281
-4.70266
-4.70355
-4.70452
-4.70458
-4.70532
-4.70592
-4.70545
-4.70389
-4.70445
-4.70384
-4.70378
-4.70308
-4.70315
-4.70373
-4.70348
-4.70332
-4.70265
-4.70284
-4.70236
-4.7024
-4.70187
-4.70241
-4.70235
-4.70255
-4.70271
-4.70311
-4.70376
-4.70418
-4.70394
-4.70348
-4.70297
-4.70273
-4.70204
-4.70212
-4.70225
-4.70154
-4.70185
-4.70165
-4.70138
-4.70116
-4.70138
-4.70201
-4.70152
-4.70158
-4.70173
-4.7011
-4.70167
-4.70148
-4.70099
-4.70066
-4.70018
-4.7006
-4.70071
-4.70066
-4.70089
-4.7005
-4.70086
-4.70169
-4.70195
-4.70197
-4.70179
-4.70154
-4.70106
-4.7015
-4.70161
-4.70183
-4.70227
-4.70203
-4.70232
-4.70222
-4.70251
-4.70258
-4.70246
-4.70201
-4.70126
-4.70114
-4.7003
-4.70027
-4.70045
-4.7001
-4.7004
-4.70107
-4.70072
-4.70087
-4.70073
-4.70103
-4.70163
-4.70128
-4.70075
-4.70064
-4.70128
-4.70145
-4.70209
-4.70245
-4.70312
-4.70229
-4.70235
-4.70254
-4.70314
-4.70308
-4.70373
-4.70374
-4.70238
-4.7024
-4.70337
-4.70275
-4.70296
-4.70383
-4.70502
-4.70513
-4.70458
-4.70351
-4.70344
-4.7029
-4.70194
-4.70178
-4.70304
-4.70267
-4.70292
-4.703
-4.70286
-4.7034
-4.70421
-4.70454
-4.70461
-4.70354
-4.70356
-4.70359
-4.70404
-4.70397
-4.70357
-4.70393
-4.70434
-4.70405
-4.70457
-4.70481
-4.70475
-4.70439
-4.7045
-4.70326
-4.7034
-4.70309
-4.70397
-4.70419
-4.70403
-4.70411
-4.70459
-4.70398
-4.70381
-4.7044
-4.70377
-4.70314
-4.70328
-4.70329
-4.70305
-4.70229
-4.70236
-4.70281
-4.70209
-4.70258
-4.70307
-4.70262
-4.70293
-4.70292
-4.70262
-4.70319
-4.70358
-4.70362
-4.70361
-4.70326
-4.7032
-4.70266
-4.70346
-4.70301
-4.70236
-4.70273
-4.70291
-4.70263
-4.70266
-4.70212
-4.7012
-4.70037
-4.69983
-4.70017
-4.70064
-4.70105
-4.70119
-4.70084
-4.70209
-4.7025
-4.70251
-4.7029
-4.70243
-4.70339
-4.70305
-4.70355
-4.70327
-4.70254
-4.70169
-4.70253
-4.70313
-4.70258
-4.70284
-4.70316
-4.70248
-4.70229
-4.70153
-4.70245
-4.70291
-4.70307
-4.70277
-4.70278
-4.70322
-4.7042
-4.70375
-4.70428
-4.70429
-4.7041
-4.70375
-4.70417
-4.70402
-4.70452
-4.70477
-4.70551
-4.70491
-4.7046
-4.70427
-4.70468
-4.70449
-4.70492
-4.70491
-4.70599
-4.70603
-4.7055
-4.70575
-4.70542
-4.70525
-4.70551
-4.70604
-4.70532
-4.70578
-4.70623
-4.7053
-4.70543
-4.70586
-4.70538
-4.70595
-4.70622
-4.70665
-4.70634
-4.70591
-4.70597
-4.70574
-4.70538
-4.70441
-4.70447
-4.70448
-4.70384
-4.70375
-4.70256
-4.70284
-4.70218
-4.70257
-4.70206
-4.70114
-4.70118
-4.70132
-4.70049
-4.70082
-4.70001
-4.7009
-4.70195
-4.70206
-4.70152
-4.70122
-4.70208
-4.70213
-4.70199
-4.70166
-4.70144
-4.70179
-4.70151
-4.70226
-4.70224
-4.70237
-4.70356
-4.70401
-4.70449
-4.70348
-4.70355
-4.70392
-4.70401
-4.7038
-4.70345
-4.70373
-4.70391
-4.70427
-4.70468
-4.70452
-4.70498
-4.70557
-4.70552
-4.70498
-4.70486
-4.70471
-4.70424
-4.70377
-4.70377
-4.70379
-4.7046
-4.70467
-4.7046
-4.705
-4.70449
-4.7041
-4.70458
-4.70427
-4.70406
-4.70442
-3.94537
-3.94385
-3.94326
-3.94198
-3.94092
-3.94085
-3.93997
-3.94085
-3.94077
-3.94127
-3.94086
-3.94081
-3.94119
-3.94188
-3.94264
-3.9436
-3.94404
-3.94438
-3.94429
-3.9442
-3.9445
-3.94569
-3.94642
-3.94593
-3.94554
-3.94674
-3.94741
-3.9483
-3.9495
-3.94967
-3.94903
-3.94799
-3.94728
-3.94543
-3.94526
-3.94549
-3.94451
-3.94414
-3.94265
-3.94139
-3.94139
-3.94092
-3.9403
-3.94186
-3.94056
-3.94132
-3.94199
-3.94313
-3.94375
-3.94405
-3.94441
-3.9445
-3.94542
-3.94603
-3.94489
-3.94462
-3.94468
-3.94316
-3.94253
-3.94267
-3.94209
-3.9427
-3.94217
-3.94208
-3.94269
-3.94249
-3.94288
-3.94314
-3.94224
-3.94275
-3.94408
-3.94362
-3.94314
-3.94349
-3.9434
-3.94328
-3.94287
-3.94327
-3.9423
-3.942
-3.94195
-3.941
-3.9416
-3.94256
-3.94292
-3.94305
-3.94363
-3.94279
-3.94249
-3.9418
-3.9422
-3.94355
-3.9433
-3.94345
-3.94459
-3.94473
-3.94531
-3.94535
-3.94523
-3.94465
-3.94405
-3.9431
-3.94212
-3.9404
-3.93969
-3.93916
-3.93957
-3.94059
-3.94071
-3.94151
-3.94192
-3.94202
-3.94267
-3.94378
-3.94561
-3.94668
-3.94735
-3.94859
-3.94764
-3.94681
-3.94596
-3.94592
-3.94486
-3.94424
-3.94387
-3.94404
-3.94499
-3.94371
-3.94433
-3.94435
-3.94436
-3.94484
-3.94462
-3.94512
-3.945
-3.94504
-3.94533
-3.94558
-3.94549
-3.94485
-3.94405
-3.94268
-3.9427
-3.94296
-3.94247
-3.94208
-3.94225
-3.94211
-3.9429
-3.94325
-3.94378
-3.94446
-3.94454
-3.94567
-3.94512
-3.94437
-3.94459
-3.94412
-3.94434
-3.94544
-3.94595
-3.94528
-3.94612
-3.9457
-3.94574
-3.94487
-3.94445
-3.94382
-3.94279
-3.94265
-3.94255
-3.94293
-3.94316
-3.94212
-3.94206
-3.9418
-3.94227
-3.94272
-3.94341
-3.94378
-3.94385
-3.94447
-3.9444
-3.94491
-3.9456
-3.94595
-3.94569
-3.94543
-3.94535
-3.94589
-3.94435
-3.9447
-3.94501
-3.94545
-3.94464
-3.94444
-3.94382
-3.94435
-3.94349
-3.94343
-3.94399
-3.94391
-3.94279
-3.94318
-3.94289
-3.94263
-3.94203
-3.9426
-3.94251
-3.94236
-3.94203
-3.94226
-3.94265
-3.942
-3.94175
-3.94207
-3.94253
-3.94337
-3.94393
-3.9438
-3.94442
-3.94479
-3.94352
-3.94306
-3.94199
-3.94225
-3.94214
-3.9419
-3.94098
-3.94015
-3.93942
-3.9397
-3.9405
-3.94234
-3.94315
-3.94308
-3.94291
-3.94213
-3.94242
-3.94178
-3.94202
-3.94206
-3.94301
-3.94228
-3.94203
-3.94159
-3.94166
-3.94229
-3.94157
-3.94199
-3.94345
-3.94429
-3.94374
-3.94343
-3.94433
-3.94484
-3.94428
-3.94458
-3.9441
-3.94314
-3.94324
-3.94276
-3.94266
-3.94194
-3.94201
-3.9419
-3.94194
-3.9414
-3.94121
-3.94179
-3.94099
-3.94042
-3.94099
-3.94178
-3.94356
-3.9442
-3.94489
-3.94569
-3.94573
-3.94582
-3.94504
-3.945
-3.94433
-3.9448
-3.94537
-3.94495
-3.94465
-3.94514
-3.94472
-3.94491
-3.94407
-3.9429
-3.94235
-3.94325
-3.94276
-3.94375
-3.94363
-3.94223
-3.94277
-3.94272
-3.9435
-3.9439
-3.9444
-3.94541
-3.94552
-3.94529
-3.94386
-3.9433
-3.94217
-3.94134
-3.94103
-3.94212
-3.94091
-3.94151
-3.94206
-3.94257
-3.94237
-3.94268
-3.9424
-3.94201
-3.9404
-3.9398
-3.93954
-3.93864
-3.93883
-3.93865
-3.93931
-3.94105
-3.94168
-3.94301
-3.94307
-3.94342
-3.94402
-3.94372
-3.94204
-3.94158
-3.94173
-3.94072
-3.9408
-3.94069
-3.9409
-3.94035
-3.93981
-3.93908
-3.93866
-3.93928
-3.94013
-3.94285
-3.94423
-3.94613
-3.94624
-3.94647
-3.94562
-3.9458
-3.94459
-3.94428
-3.94391
-3.94247
-3.94169
-3.94237
-3.94209
-3.94132
-3.94154
-3.9414
-3.94273
-3.9427
-3.94312
-3.94306
-3.94454
-3.94537
-3.94405
-3.94408
-3.94458
-3.94463
-3.9445
-3.94401
-3.94385
-3.94387
-3.9433
-3.94261
-3.94242
-3.94277
-3.94203
-3.94159
-3.94189
-3.94111
-3.94109
-3.94007
-3.93977
-3.94012
-3.94037
-3.94094
-3.9413
-3.94121
-3.94191
-3.9421
-3.94375
-3.94498
-3.94636
-3.9467
-3.9464
-3.94721
-3.9458
-3.9456
-3.94606
-3.94615
-3.94555
-3.94532
-3.94536
-3.94477
-3.94435
-3.94424
-3.94395
-3.94586
-3.94616
-3.94632
-3.94719
-3.94748
-3.94802
-3.9465
-3.94599
-3.94398
-3.94308
-3.94304
-3.94177
-3.9399
-3.9393
-3.93854
-3.93882
-3.93904
-3.93926
-3.93831
-3.93901
-3.93821
-3.93807
-3.93691
-3.93545
-3.93486
-3.93583
-3.93666
-3.93796
-3.93869
-3.93967
-3.94015
-3.94094
-3.94205
-3.94329
-3.94518
-3.94538
-3.94537
-3.94504
-3.94525
-3.94519
-3.94534
-3.94455
-3.94467
-3.94417
-3.94433
-3.9439
-3.9437
-3.94282
-3.94274
-3.94297
-3.94276
-3.9432
-3.94248
-3.94242
-3.9427
-3.9433
-3.94364
-3.94345
-3.94367
-3.94309
-3.94288
-3.94294
-3.94362
-3.94322
-3.94251
-3.94217
-3.94147
-3.94152
-3.94112
-3.94118
-3.94124
-3.94069
-3.93954
-3.93946
-3.93971
-3.93835
-3.93826
-3.93855
-3.93804
-3.93855
-3.93868
-3.93852
-3.93818
-3.9384
-3.93841
-3.93789
-3.93849
-3.52667
-3.52725
-3.52825
-3.52832
-3.52884
-3.52993
-3.52978
-3.52884
-3.52886
-3.52811
-3.52774
-3.52825
-3.52697
-3.52666
-3.52709
-3.52803
-3.52829
-3.52737
-3.52739
-3.52845
-3.52808
-3.52832
-3.52793
-3.52937
-3.53113
-3.53191
-3.53208
-3.5324
-3.53229
-3.5305
-3.52959
-3.52915
-3.52875
-3.5289
-3.52842
-3.52873
-3.5301
-3.53029
-3.52926
-3.53029
-3.53243
-3.53576
-3.53661
-3.53655
-3.53514
-3.53504
-3.53501
-3.53479
-3.53346
-3.53354
-3.53152
-3.53136
-3.53037
-3.53073
-3.53099
-3.5304
-3.53153
-3.53238
-3.53327
-3.53223
-3.5324
-3.53284
-3.53215
-3.53159
-3.53137
-3.531
-3.53174
-3.53228
-3.53228
-3.53083
-3.5304
-3.53117
-3.53092
-3.531
-3.53056
-3.53071
-3.53129
-3.53156
-3.53245
-3.53351
-3.53303
-3.53335
-3.53422
-3.53291
-3.5334
-3.53354
-3.53241
-3.53233
-3.53391
-3.53362
-3.53275
-3.53365
-3.53314
-3.53273
-3.53154
-3.53155
-3.52977
-3.52936
-3.5296
-3.52927
-3.52885
-3.52944
-3.52988
-3.52966
-3.52927
-3.52932
-3.52824
-3.52834
-3.52807
-3.52731
-3.52776
-3.52717
-3.52759
-3.52789
-3.52829
-3.52853
-3.52936
-3.5314
-3.53301
-3.53338
-3.53408
-3.5343
-3.53352
-3.53428
-3.53411
-3.53459
-3.53502
-3.53455
-3.5346
-3.53334
-3.53211
-3.53119
-3.53095
-3.53066
-3.53031
-3.53123
-3.5323
-3.53285
-3.53381
-3.53292
-3.53355
-3.53298
-3.53352
-3.53272
-3.53129
-3.53111
-3.53103
-3.53089
-3.53084
-3.53039
-3.52919
-3.52947
-3.52929
-3.52918
-3.52893
-3.52884
-3.52871
-3.52917
-3.52922
-3.52942
-3.52885
-3.52803
-3.52791
-3.52786
-3.52769
-3.52796
-3.52907
-3.53069
-3.53247
-3.53195
-3.53134
-3.53115
-3.53164
-3.532
-3.5327
-3.53311
-3.53364
-3.53428
-3.5328
-3.53207
-3.53115
-3.53012
-3.53016
-3.53035
-3.52942
-3.52946
-3.52963
-3.53004
-3.52937
-3.52973
-3.52939
-3.53007
-3.52924
-3.52951
-3.52898
-3.52899
-3.52946
-3.53049
-3.53268
-3.53326
-3.53313
-3.53238
-3.53175
-3.53193
-3.5323
-3.53115
-3.53046
-3.52993
-3.52971
-3.52987
-3.52828
-3.52669
-3.5267
-3.52711
-3.52652
-3.52662
-3.52635
-3.52637
-3.52552
-3.52527
-3.52455
-3.52502
-3.52564
-3.52814
-3.5284
-3.52913
-3.52797
-3.52837
-3.52823
-3.52685
-3.52786
-3.52822
-3.52819
-3.52868
-3.52824
-3.52785
-3.52804
-3.52802
-3.52958
-3.53044
-3.53083
-3.53006
-3.52865
-3.52837
-3.52864
-3.52975
-3.53031
-3.52988
-3.53008
-3.52975
-3.52929
-3.52888
-3.52843
-3.52886
-3.52916
-3.52936
-3.52981
-3.53102
-3.531
-3.53077
-3.53125
-3.53103
-3.5304
-3.52982
-3.52973
-3.52921
-3.52984
-3.53025
-3.53201
-3.53373
-3.53429
-3.53549
-3.536
-3.53672
-3.53649
-3.53606
-3.53454
-3.53406
-3.53399
-3.53421
-3.53468
-3.53483
-3.53543
-3.53476
-3.53446
-3.53425
-3.53401
-3.5338
-3.53382
-3.53386
-3.53501
-3.5363
-3.53699
-3.5377
-3.53721
-3.53682
-3.53637
-3.53547
-3.53394
-3.5325
-3.53159
-3.53042
-3.53027
-3.52999
-3.52944
-3.52959
-3.53018
-3.53063
-3.53129
-3.53093
-3.53063
-3.5292
-3.52981
-3.52957
-3.52963
-3.53025
-3.53006
-3.52986
-3.52976
-3.52935
-3.5293
-3.5298
-3.53196
-3.53393
-3.53573
-3.5363
-3.53651
-3.5366
-3.53624
-3.53595
-3.53544
-3.53433
-3.53324
-3.5329
-3.53359
-3.53372
-3.53382
-3.53441
-3.53333
-3.53227
-3.53161
-3.5312
-3.53132
-3.532
-3.53154
-3.53195
-3.5324
-3.53286
-3.5324
-3.53194
-3.53251
-3.53218
-3.53227
-3.53306
-3.5333
-3.53266
-3.53385
-3.53375
-3.53327
-3.53252
-3.53207
-3.53087
-3.52915
-3.52794
-3.52765
-3.52725
-3.52758
-3.52731
-3.52681
-3.5255
-3.52542
-3.52439
-3.5249
-3.52453
-3.52553
-3.52529
-3.52524
-3.52611
-3.52682
-3.52763
-3.52776
-3.52749
-3.52846
-3.52782
-3.52784
-3.52715
-3.52772
-3.52714
-3.52677
-3.52586
-3.52512
-3.52532
-3.52316
-3.52242
-3.52114
-3.52084
-3.52171
-3.52233
-3.5235
-3.52402
-3.52528
-3.52587
-3.52626
-3.52613
-3.52674
-3.52624
-3.52534
-3.52508
-3.52467
-3.52372
-3.5233
-3.52444
-3.52524
-3.52619
-3.52749
-3.52714
-3.52728
-3.52779
-3.52809
-3.52776
-3.52725
-3.52749
-3.52597
-3.52564
-3.52616
-3.52705
-3.52822
-3.52854
-3.52984
-3.53195
-3.53163
-3.5305
-3.5296
-3.53013
-3.53086
-3.53169
-3.53042
-3.53032
-3.52881
-3.5273
-3.52695
-3.52634
-3.52667
-3.52674
-3.52637
-3.5271
-3.52732
-3.52923
-3.53138
-3.53203
-3.53286
-3.5325
-3.53167
-3.53053
-3.52949
-3.52887
-3.52763
-3.52693
-3.52572
-3.52505
-3.52435
-3.52309
-3.52258
-3.52216
-3.52204
-3.52357
-3.5232
-3.52337
-3.52324
-3.52428
-3.52421
-3.52564
-3.52598
-3.52581
-3.52765
-3.52971
-3.53024
-3.53183
-3.53217
-3.53252
-3.53145
-3.53158
-3.53058
-3.53061
-3.53048
-3.53017
-3.52969
-3.52882
-3.52941
-3.52893
-3.52874
-3.52807
-3.5269
-3.52642
-3.52641
-3.52734
-3.52774
-3.52742
-3.52646
-3.52666
-3.45516
-3.45515
-3.45583
-3.45534
-3.45515
-3.45597
-3.45692
-3.45718
-3.45857
-3.45913
-3.45811
-3.45675
-3.45666
-3.45527
-3.45501
-3.45492
-3.4557
-3.4562
-3.45752
-3.45722
-3.45684
-3.45776
-3.4589
-3.45999
-3.46091
-3.46247
-3.46317
-3.46268
-3.46231
-3.46165
-3.4613
-3.46061
-3.46106
-3.46021
-3.46031
-3.45862
-3.4573
-3.45694
-3.45637
-3.45727
-3.45817
-3.45894
-3.46023
-3.4606
-3.46181
-3.46133
-3.4612
-3.46194
-3.4633
-3.46348
-3.46264
-3.46267
-3.46111
-3.46012
-3.46057
-3.45945
-3.45939
-3.45818
-3.45742
-3.45687
-3.45648
-3.45769
-3.45739
-3.45744
-3.45826
-3.45903
-3.46045
-3.46158
-3.46134
-3.46061
-3.46073
-3.4592
-3.45839
-3.45737
-3.45673
-3.45545
-3.45544
-3.45515
-3.45503
-3.45485
-3.45459
-3.45508
-3.45532
-3.45757
-3.45965
-3.46098
-3.46261
-3.46301
-3.46429
-3.46471
-3.46443
-3.4639
-3.4632
-3.46195
-3.46205
-3.46059
-3.46042
-3.45988
-3.45951
-3.45876
-3.45908
-3.45899
-3.45942
-3.461
-3.46082
-3.46128
-3.4615
-3.46202
-3.46212
-3.46074
-3.46025
-3.45965
-3.45918
-3.45701
-3.45627
-3.45572
-3.45519
-3.45546
-3.45557
-3.45678
-3.45595
-3.45652
-3.45628
-3.45649
-3.45676
-3.45737
-3.45726
-3.45911
-3.45811
-3.45762
-3.45797
-3.45797
-3.4588
-3.45832
-3.46043
-3.46082
-3.46078
-3.46039
-3.46013
-3.4599
-3.45979
-3.45961
-3.46048
-3.46167
-3.46117
-3.46096
-3.46135
-3.46041
-3.46024
-3.45967
-3.459
-3.45796
-3.45732
-3.45645
-3.45643
-3.45753
-3.45889
-3.46007
-3.46047
-3.4609
-3.46173
-3.4614
-3.46094
-3.46093
-3.45955
-3.45897
-3.45779
-3.4569
-3.45671
-3.45672
-3.45621
-3.45641
-3.45668
-3.45696
-3.45702
-3.45765
-3.4582
-3.45835
-3.45944
-3.45953
-3.46059
-3.45975
-3.45944
-3.45787
-3.4578
-3.45778
-3.45723
-3.45771
-3.45755
-3.45851
-3.45827
-3.45706
-3.45655
-3.4562
-3.45705
-3.45693
-3.45689
-3.45824
-3.45859
-3.45948
-3.46108
-3.4619
-3.46339
-3.46221
-3.46152
-3.4602
-3.46051
-3.46003
-3.46122
-3.46035
-3.46018
-3.45928
-3.45971
-3.45984
-3.46006
-3.4606
-3.4603
-3.4607
-3.4613
-3.46138
-3.46138
-3.46125
-3.46197
-3.46263
-3.46277
-3.46324
-3.46492
-3.46431
-3.46488
-3.46463
-3.46504
-3.46463
-3.46446
-3.46413
-3.46305
-3.46261
-3.4617
-3.46093
-3.46092
-3.46019
-3.4592
-3.45808
-3.45741
-3.45723
-3.4564
-3.45655
-3.4572
-3.45767
-3.45847
-3.4601
-3.46179
-3.46243
-3.46289
-3.46284
-3.46273
-3.46254
-3.46221
-3.46282
-3.46255
-3.46186
-3.46139
-3.4616
-3.46087
-3.46071
-3.46025
-3.46085
-3.4617
-3.4618
-3.46315
-3.46239
-3.46268
-3.46345
-3.46279
-3.46241
-3.46204
-3.46171
-3.4602
-3.45915
-3.4585
-3.45883
-3.45956
-3.45971
-3.45955
-3.46004
-3.46162
-3.46221
-3.46169
-3.46162
-3.46108
-3.46176
-3.46103
-3.45944
-3.45901
-3.45842
-3.459
-3.45856
-3.45881
-3.45757
-3.45757
-3.45653
-3.45547
-3.45524
-3.4567
-3.45756
-3.45834
-3.45903
-3.45958
-3.46022
-3.46022
-3.4604
-3.46162
-3.46062
-3.4596
-3.45836
-3.45805
-3.45945
-3.45955
-3.45985
-3.45979
-3.45902
-3.45955
-3.46021
-3.46075
-3.46187
-3.46069
-3.46073
-3.46063
-3.46015
-3.46008
-3.45966
-3.45923
-3.45851
-3.45781
-3.45709
-3.45647
-3.45565
-3.45696
-3.45463
-3.45404
-3.45417
-3.45485
-3.45599
-3.45733
-3.45728
-3.45884
-3.45789
-3.45839
-3.45742
-3.45632
-3.45646
-3.45622
-3.45624
-3.4558
-3.45608
-3.4575
-3.45765
-3.45709
-3.45591
-3.45435
-3.45402
-3.45463
-3.45615
-3.45772
-3.4589
-3.45887
-3.45738
-3.45779
-3.45777
-3.45885
-3.45909
-3.45945
-3.4599
-3.46144
-3.46267
-3.46262
-3.46263
-3.46275
-3.46265
-3.46331
-3.46372
-3.46188
-3.46236
-3.46267
-3.46217
-3.46193
-3.46103
-3.45953
-3.45967
-3.46009
-3.46043
-3.46217
-3.46442
-3.46425
-3.46328
-3.46333
-3.46313
-3.46196
-3.46226
-3.46309
-3.46322
-3.46216
-3.4605
-3.45929
-3.45863
-3.45925
-3.45872
-3.45797
-3.45826
-3.45777
-3.45766
-3.45804
-3.45822
-3.45873
-3.4604
-3.46166
-3.4621
-3.46071
-3.45927
-3.45921
-3.4588
-3.45903
-3.45814
-3.45691
-3.45624
-3.45581
-3.45547
-3.45408
-3.45379
-3.45353
-3.45459
-3.45501
-3.45617
-3.45644
-3.45603
-3.45699
-3.45761
-3.45963
-3.45986
-3.45917
-3.458
-3.45813
-3.45797
-3.45777
-3.45826
-3.45861
-3.45897
-3.45894
-3.45977
-3.45883
-3.459
-3.45959
-3.45836
-3.4579
-3.45767
-3.45689
-3.45682
-3.45716
-3.45815
-3.45787
-3.4583
-3.45831
-3.45808
-3.45847
-3.45911
-3.46013
-3.46092
-3.46081
-3.46035
-3.46113
-3.46171
-3.46198
-3.46233
-3.46236
-3.46286
-3.46244
-3.46227
-3.46171
-3.46153
-3.4604
-3.45945
-3.45856
-3.45751
-3.45739
-3.45719
-3.45711
-3.45879
-3.45912
-3.45988
-3.46089
-3.46257
-3.46289
-3.46248
-3.46326
-3.46311
-3.46314
-3.46322
-3.4642
-3.46394
-3.46456
-3.46413
-3.41843
-3.41761
-3.4163
-3.41689
-3.41573
-3.41528
-3.41594
-3.41627
-3.41691
-3.41747
-3.41652
-3.41631
-3.41582
-3.415
-3.414
-3.41415
-3.41334
-3.41464
-3.41559
-3.41514
-3.41557
-3.41488
-3.41555
-3.41499
-3.41559
-3.41621
-3.41549
-3.41526
-3.41315
-3.41218
-3.41298
-3.41339
-3.41196
-3.4119
-3.41068
-3.41127
-3.41302
-3.41416
-3.41539
-3.41713
-3.41815
-3.4176
-3.41719
-3.41695
-3.41598
-3.41548
-3.41479
-3.41515
-3.41489
-3.41472
-3.41398
-3.41368
-3.41309
-3.41336
-3.41444
-3.41367
-3.4137
-3.4142
-3.41415
-3.41381
-3.41383
-3.41327
-3.41328
-3.41336
-3.41471
-3.41444
-3.41441
-3.41308
-3.41219
-3.4111
-3.40973
-3.40854
-3.40857
-3.40841
-3.4102
-3.41165
-3.41323
-3.41409
-3.41417
-3.41399
-3.41315
-3.41254
-3.41264
-3.41178
-3.4125
-3.41165
-3.41125
-3.41163
-3.41214
-3.41205
-3.41118
-3.4102
-3.40896
-3.40877
-3.40916
-3.40889
-3.40851
-3.40826
-3.40989
-3.4107
-3.41182
-3.41276
-3.41359
-3.41429
-3.41478
-3.41492
-3.4158
-3.41474
-3.41463
-3.41371
-3.41285
-3.41284
-3.41188
-3.41089
-3.41125
-3.41154
-3.4125
-3.41136
-3.41171
-3.41317
-3.41244
-3.41344
-3.41394
-3.41421
-3.41458
-3.41478
-3.41569
-3.41641
-3.41552
-3.41575
-3.41579
-3.41568
-3.41682
-3.41579
-3.41659
-3.41678
-3.41699
-3.41657
-3.4159
-3.41614
-3.41484
-3.41436
-3.41408
-3.41447
-3.41445
-3.41392
-3.41398
-3.41375
-3.41425
-3.41452
-3.41415
-3.41425
-3.4162
-3.41677
-3.41763
-3.41715
-3.41698
-3.41713
-3.41692
-3.41596
-3.41573
-3.41363
-3.41253
-3.41342
-3.41511
-3.41605
-3.41754
-3.41627
-3.41631
-3.41659
-3.41695
-3.41712
-3.41574
-3.41586
-3.4139
-3.41454
-3.41542
-3.41622
-3.41699
-3.41858
-3.41924
-3.41894
-3.41853
-3.41868
-3.41849
-3.41828
-3.41759
-3.41745
-3.4179
-3.41878
-3.41877
-3.41804
-3.41738
-3.4173
-3.41793
-3.41779
-3.41725
-3.41637
-3.41596
-3.41604
-3.41541
-3.41471
-3.41533
-3.41459
-3.41459
-3.41529
-3.41536
-3.41544
-3.41605
-3.41521
-3.41537
-3.41539
-3.41372
-3.41429
-3.41367
-3.41337
-3.41312
-3.41381
-3.4144
-3.41562
-3.41647
-3.41722
-3.41647
-3.41625
-3.41468
-3.41403
-3.41269
-3.41211
-3.41152
-3.41257
-3.41159
-3.41218
-3.41325
-3.41329
-3.41367
-3.41459
-3.41496
-3.41486
-3.41434
-3.41422
-3.41413
-3.41351
-3.41277
-3.41196
-3.41313
-3.41272
-3.41362
-3.41435
-3.4139
-3.41567
-3.41479
-3.41429
-3.41433
-3.41438
-3.41315
-3.41362
-3.41444
-3.41583
-3.41751
-3.41962
-3.41958
-3.41962
-3.4187
-3.41728
-3.41699
-3.41636
-3.41752
-3.41774
-3.41716
-3.41707
-3.41802
-3.41916
-3.41848
-3.41753
-3.41751
-3.41662
-3.41724
-3.41778
-3.41833
-3.41762
-3.4172
-3.41694
-3.41802
-3.41791
-3.41832
-3.41798
-3.41649
-3.41498
-3.41513
-3.41517
-3.41473
-3.41604
-3.41616
-3.41674
-3.41649
-3.41633
-3.41544
-3.41437
-3.41401
-3.41294
-3.41375
-3.41416
-3.41522
-3.41586
-3.41694
-3.41733
-3.41763
-3.41757
-3.41838
-3.41789
-3.41734
-3.41715
-3.41746
-3.4166
-3.41702
-3.41696
-3.41686
-3.41718
-3.41759
-3.41722
-3.41733
-3.41554
-3.41616
-3.41703
-3.41721
-3.41781
-3.41917
-3.42189
-3.42317
-3.42295
-3.42375
-3.42352
-3.42272
-3.4218
-3.42197
-3.42029
-3.42019
-3.41962
-3.42011
-3.42081
-3.42138
-3.42059
-3.42033
-3.4197
-3.42055
-3.41827
-3.41719
-3.41647
-3.41619
-3.41619
-3.41595
-3.41703
-3.41716
-3.4169
-3.41641
-3.41724
-3.41777
-3.41749
-3.41834
-3.41811
-3.41746
-3.41774
-3.41689
-3.41642
-3.41596
-3.4164
-3.41673
-3.41732
-3.41785
-3.4172
-3.41709
-3.41551
-3.41506
-3.41391
-3.41344
-3.41308
-3.41328
-3.41381
-3.41443
-3.41438
-3.41351
-3.41434
-3.41504
-3.41598
-3.41716
-3.41777
-3.41746
-3.41761
-3.41792
-3.41693
-3.41786
-3.41691
-3.41543
-3.41502
-3.41346
-3.41268
-3.41159
-3.41045
-3.40964
-3.40858
-3.40869
-3.40866
-3.40925
-3.40975
-3.41047
-3.41011
-3.41062
-3.411
-3.41143
-3.41183
-3.41169
-3.41021
-3.41024
-3.41008
-3.41052
-3.41206
-3.41273
-3.41253
-3.41247
-3.41262
-3.41173
-3.41083
-3.41073
-3.41121
-3.41157
-3.41139
-3.41158
-3.41102
-3.4109
-3.41142
-3.41217
-3.41293
-3.41297
-3.41287
-3.41305
-3.41304
-3.41233
-3.4131
-3.41283
-3.41221
-3.4118
-3.41268
-3.41265
-3.41391
-3.41375
-3.41364
-3.41249
-3.41221
-3.41327
-3.41258
-3.41311
-3.41206
-3.41098
-3.41136
-3.41105
-3.41082
-3.41177
-3.41323
-3.41505
-3.41485
-3.41398
-3.414
-3.41419
-3.41352
-3.41299
-3.41313
-3.41321
-3.41416
-3.41552
-3.41586
-3.41644
-3.41711
-3.41702
-3.417
-3.41598
-3.41659
-3.41634
-3.41622
-3.41623
-3.41571
-3.41661
-3.41502
-3.41474
-3.41535
-3.41311
-3.41306
-3.41272
-3.41188
-3.41229
-3.41337
-3.41414
-3.41524
-3.41636
-3.41751
-3.41744
-3.418
-3.41676
-3.41544
-3.41475
-3.41328
-3.40647
-3.40543
-3.40443
-3.40439
-3.40479
-3.40506
-3.4066
-3.40728
-3.40913
-3.40974
-3.41086
-3.41105
-3.41114
-3.41102
-3.41117
-3.41128
-3.41182
-3.41224
-3.41143
-3.41188
-3.41198
-3.41153
-3.41054
-3.40978
-3.40931
-3.40757
-3.40626
-3.40643
-3.40705
-3.40898
-3.41025
-3.41083
-3.41254
-3.41287
-3.41269
-3.41264
-3.41218
-3.41121
-3.41061
-3.40924
-3.40977
-3.41076
-3.4112
-3.4119
-3.41264
-3.41377
-3.41422
-3.41448
-3.41497
-3.41524
-3.41489
-3.41468
-3.41443
-3.4143
-3.4134
-3.41239
-3.41015
-3.40886
-3.40918
-3.40764
-3.40728
-3.40674
-3.40763
-3.40716
-3.40646
-3.4072
-3.40755
-3.40837
-3.41043
-3.41259
-3.41261
-3.4118
-3.4103
-3.40905
-3.40787
-3.4075
-3.40682
-3.40617
-3.40501
-3.40476
-3.40514
-3.40561
-3.40542
-3.4063
-3.40596
-3.40679
-3.4057
-3.40499
-3.40466
-3.40437
-3.40476
-3.40389
-3.40323
-3.40448
-3.40495
-3.40512
-3.406
-3.40686
-3.40614
-3.40654
-3.40723
-3.40761
-3.40915
-3.40796
-3.40847
-3.40774
-3.40694
-3.40572
-3.40544
-3.4055
-3.40449
-3.40434
-3.40513
-3.40572
-3.40609
-3.40668
-3.40652
-3.40735
-3.40726
-3.40769
-3.40879
-3.40894
-3.40967
-3.40953
-3.4096
-3.41033
-3.41106
-3.41037
-3.40951
-3.40759
-3.40715
-3.40605
-3.40626
-3.40633
-3.40515
-3.40454
-3.40555
-3.40547
-3.40724
-3.40898
-3.41173
-3.41115
-3.41156
-3.41276
-3.41203
-3.41203
-3.41042
-3.40954
-3.4086
-3.4081
-3.40835
-3.4088
-3.40862
-3.40752
-3.40662
-3.40751
-3.40731
-3.40774
-3.40837
-3.40747
-3.40701
-3.40674
-3.40757
-3.40669
-3.40574
-3.40509
-3.4054
-3.40533
-3.40483
-3.40501
-3.4057
-3.40534
-3.40541
-3.40562
-3.40544
-3.40407
-3.40562
-3.40674
-3.40766
-3.40875
-3.40977
-3.4092
-3.40932
-3.41026
-3.41001
-3.41005
-3.41163
-3.412
-3.41173
-3.41031
-3.41011
-3.41053
-3.41157
-3.41062
-3.40998
-3.40988
-3.41061
-3.40935
-3.40843
-3.40804
-3.40741
-3.40815
-3.40822
-3.40777
-3.4084
-3.40789
-3.40923
-3.4105
-3.41192
-3.41288
-3.41305
-3.41161
-3.41097
-3.40987
-3.40834
-3.40635
-3.40572
-3.40421
-3.40561
-3.40689
-3.40918
-3.41057
-3.41129
-3.4107
-3.41142
-3.4106
-3.40979
-3.40958
-3.40887
-3.40858
-3.40874
-3.40952
-3.40881
-3.40855
-3.40893
-3.41013
-3.40991
-3.41019
-3.40963
-3.40878
-3.40809
-3.40762
-3.40716
-3.40802
-3.40741
-3.4071
-3.40752
-3.40798
-3.40851
-3.40805
-3.40781
-3.40786
-3.40756
-3.40643
-3.40732
-3.40772
-3.40788
-3.40955
-3.40998
-3.41101
-3.41149
-3.41111
-3.41165
-3.41075
-3.41043
-3.41109
-3.4108
-3.40985
-3.40871
-3.40871
-3.4098
-3.40914
-3.40938
-3.40937
-3.40946
-3.41116
-3.41133
-3.4112
-3.41089
-3.41066
-3.40986
-3.40882
-3.40836
-3.40875
-3.40899
-3.4094
-3.40945
-3.40962
-3.4091
-3.40839
-3.40781
-3.40733
-3.40669
-3.40668
-3.40588
-3.40598
-3.40527
-3.40608
-3.40784
-3.40877
-3.40774
-3.40762
-3.40743
-3.40753
-3.40716
-3.4078
-3.40792
-3.40694
-3.40559
-3.40644
-3.40691
-3.40652
-3.4082
-3.40901
-3.40857
-3.40792
-3.40827
-3.40752
-3.40792
-3.40706
-3.40647
-3.4063
-3.40711
-3.40686
-3.40729
-3.40869
-3.40929
-3.40953
-3.40948
-3.40906
-3.40912
-3.40835
-3.40814
-3.40655
-3.40674
-3.40709
-3.4076
-3.40744
-3.40659
-3.4068
-3.40662
-3.40632
-3.40765
-3.40799
-3.40834
-3.40954
-3.4097
-3.40922
-3.40968
-3.40895
-3.40901
-3.40804
-3.40733
-3.40737
-3.40626
-3.40696
-3.40769
-3.40844
-3.40926
-3.41007
-3.40937
-3.40996
-3.41103
-3.41039
-3.41032
-3.4114
-3.41129
-3.41081
-3.41144
-3.41242
-3.4126
-3.41157
-3.411
-3.41188
-3.41151
-3.41167
-3.41033
-3.4086
-3.40719
-3.4079
-3.40835
-3.40926
-3.40977
-3.41002
-3.40844
-3.40768
-3.40597
-3.40565
-3.40493
-3.4064
-3.40822
-3.41025
-3.40968
-3.40944
-3.40885
-3.40856
-3.40694
-3.40608
-3.40712
-3.40638
-3.40752
-3.4071
-3.40859
-3.40884
-3.40932
-3.40896
-3.40854
-3.40944
-3.40851
-3.40822
-3.40766
-3.40649
-3.40609
-3.40776
-3.40849
-3.40793
-3.40775
-3.4068
-3.40602
-3.4057
-3.40562
-3.40565
-3.40558
-3.40616
-3.40575
-3.40662
-3.40645
-3.40626
-3.40622
-3.4059
-3.40518
-3.40445
-3.40466
-3.40455
-3.4048
-3.40734
-3.4077
-3.40768
-3.40834
-3.40856
-3.4091
-3.40822
-3.4083
-3.40849
-3.40825
-3.4082
-3.40871
-3.4085
-3.41066
-3.41078
-3.41059
-3.40983
-3.41082
-3.40991
-3.40924
-3.40766
-3.40678
-3.40628
-3.40599
-3.40566
-3.40548
-3.40573
-3.40764
-3.40825
-3.40831
-3.40723
-3.40728
-3.40747
-3.40727
-3.40683
-3.40666
-3.40653
-3.40596
-3.40572
-3.40582
-3.40545
-3.40567
-3.40569
-3.40725
-3.40677
-3.40683
-3.40788
-3.40709
-3.40704
-3.40668
-3.40619
-3.40483
-3.40469
-3.40519
-3.4061
-3.40731
-3.40704
-3.40669
-3.40677
-3.40693
-3.40628
-3.40728
-3.40741
-3.40676
-3.40633
