1.64875
1.64437
1.63663
1.62513
1.60933
1.58853
1.56188
1.52836
1.48694
1.43669
1.377
1.30792
1.23039
1.14661
1.06008
0.975285
0.897142
0.830067
0.777267
0.740292
0.718983
0.711671
0.715667
0.727752
0.744714
0.763753
0.782739
0.800267
0.815654
0.828797
0.839969
0.849554
0.857863
0.865048
0.871052
0.875691
0.878833
0.880536
0.881094
0.881
0.88085
0.881187
0.882392
0.884697
0.888142
0.892538
0.897495
0.902429
0.906745
0.909948
0.911749
0.912181
0.911555
0.910362
0.909162
0.908418
0.908449
0.909436
0.911415
0.914273
0.91774
0.921372
0.924553
0.926667
0.927194
0.925841
0.922681
0.91819
0.913203
0.90867
0.905274
0.903063
0.901415
0.899361
0.896075
0.891283
0.885301
0.878931
0.873243
0.869341
0.868184
0.870412
0.876205
0.885229
0.896761
0.909863
0.923572
0.937031
0.94954
0.960548
0.969644
0.976476
0.980761
0.982346
0.981186
0.977386
0.971159
0.962784
0.952512
0.940581
0.927186
0.912607
0.897268
0.881776
0.866903
0.853461
0.842133
0.833333
0.827128
0.823332
0.821628
0.821806
0.823823
0.827871
0.83425
0.843229
0.854867
0.868883
0.884696
0.901491
0.918331
0.934241
0.948262
0.959492
0.967152
0.970738
0.970099
0.965395
0.957115
0.945981
0.932844
0.918606
0.904085
0.889971
0.876813
0.865069
0.855154
0.84753
0.842686
0.841208
0.843631
0.850268
0.860978
0.875041
0.891263
0.908198
0.924453
0.938855
0.950537
0.95895
0.963822
0.965114
0.963022
0.95792
0.950325
0.940846
0.930068
0.918492
0.906478
0.894297
0.882228
0.870728
0.8605
0.852471
0.847566
0.846404
0.849023
0.854809
0.862645
0.871215
0.879248
0.885729
0.889911
0.891309
0.889684
0.884992
0.87743
0.867455
0.855792
0.843491
0.831901
0.82253
0.816835
0.815925
0.820259
0.829483
0.84251
0.857753
0.873465
0.888
0.900048
0.908709
0.913524
0.914433
0.91177
0.906151
0.898406
0.889509
0.880453
0.872175
0.865434
0.860783
0.858513
0.858649
0.861005
0.865203
0.870744
0.877035
0.883414
0.889188
0.893715
0.896432
0.896937
0.895032
0.890768
0.884475
0.876778
0.868546
0.860804
0.854511
0.8503
0.848356
0.84844
0.850024
0.852495
0.855299
0.858009
0.860392
0.862376
0.863983
0.865258
0.866245
0.86696
0.867327
0.867218
0.866478
0.864949
0.862522
0.85922
0.855255
0.851161
0.847731
0.845894
0.846445
0.849813
0.856012
0.864658
0.875126
0.886669
0.898471
0.909747
0.919736
0.927759
0.933271
0.935946
0.935654
0.932487
0.926751
0.918915
0.909531
0.899222
0.888619
0.87833
0.868897
0.860724
0.854083
0.849055
0.845519
0.843233
0.841855
0.841068
0.840651
0.840507
0.840656
0.841216
0.842375
0.844239
0.84682
0.849917
0.853186
0.856167
0.858343
0.859289
0.858781
0.85684
0.853788
0.850192
0.846785
0.844227
0.842921
0.842867
0.843656
0.844671
0.845272
0.845107
0.844205
0.842919
0.841808
0.841403
0.84198
0.84344
0.845363
0.847082
0.847995
0.847782
0.846548
0.844772
0.843029
0.84162
0.840363
0.838729
0.836248
0.832774
0.828586
0.824225
0.820238
0.817002
0.814686
0.813311
0.812924
0.813661
0.815729
0.819252
0.824166
0.830063
0.8363
0.84216
0.847042
0.850519
0.852386
0.85255
0.850993
0.847679
0.84263
0.836032
0.828279
0.820013
0.812027
0.805115
0.799858
0.796515
0.795053
0.795299
0.797101
0.800404
0.805186
0.811347
0.818582
0.826444
0.83445
0.842213
0.849457
0.855978
0.861563
0.865879
0.868499
0.868975
0.86692
0.862083
0.854442
0.844234
0.831948
0.818409
0.804726
0.792213
0.782216
0.77585
0.773767
0.776018
0.782097
0.791192
0.802443
0.814986
0.827933
0.840347
0.851328
0.86012
0.866242
0.869554
0.870188
0.868479
0.864908
0.860014
0.854374
0.848598
0.843271
0.838901
0.835874
0.834369
0.83444
0.836097
0.83936
0.844237
0.850608
0.858084
0.86601
0.873586
0.880066
0.884884
0.887747
0.888655
0.887855
0.885784
0.882959
0.879816
0.876608
0.873365
0.869941
0.866163
0.86196
0.85741
0.852702
0.848057
0.843715
0.839946
0.837033
0.835241
0.834702
0.835377
0.837002
0.839216
0.841672
0.844122
0.846441
0.848583
0.850513
0.852176
0.853527
0.854537
0.855241
0.85579
0.856431
0.857451
0.859121
0.861641
0.865074
0.869226
0.873769
0.878239
0.882104
0.884889
0.886143
0.885498
0.882742
0.877845
0.871038
0.862817
0.853927
0.845289
0.837899
0.832612
0.830033
0.830387
0.833544
0.839129
0.846588
0.855357
0.864904
0.874774
0.884563
0.893891
0.902398
0.909753
0.915679
0.919971
0.922515
0.923335
0.922552
0.920375
0.917037
0.912751
0.907656
0.901837
0.89537
0.888358
0.881014
0.873667
0.866722
0.860635
0.855787
0.852404
0.8505
0.849847
0.850072
0.850776
0.851594
0.852319
0.852887
0.853391
0.853989
0.854917
0.85642
0.858706
0.86192
0.86609
0.871069
0.876558
0.882151
0.887396
0.891887
1.65087
1.64473
1.63105
1.61026
1.58301
1.55008
1.51233
1.47073
1.42626
1.38004
1.33339
1.2881
1.24658
1.2118
1.18653
1.17231
1.16841
1.17172
1.17794
1.18322
1.18557
1.18535
1.18473
1.18672
1.19411
1.20866
1.23047
1.25801
1.28861
1.31933
1.34765
1.37208
1.39224
1.40862
1.42175
1.43156
1.43696
1.43639
1.42871
1.41389
1.39332
1.36953
1.34547
1.3238
1.30647
1.29473
1.28939
1.29089
1.299
1.31263
1.32969
1.34762
1.36388
1.37647
1.3841
1.38614
1.38255
1.37386
1.36113
1.34587
1.32983
1.31467
1.30149
1.29057
1.28153
1.27375
1.26689
1.26095
1.2563
1.25348
1.25305
1.25545
1.2608
1.26864
1.27784
1.28683
1.29395
1.29795
1.29831
1.29525
1.28961
1.28264
1.27603
1.27188
1.27213
1.27731
1.28559
1.29346
1.29775
1.29759
1.29497
1.29344
1.29603
1.30356
1.31472
1.32709
1.33852
1.34772
1.35425
1.35804
1.35896
1.35665
1.35074
1.34111
1.32831
1.3137
1.29916
1.28652
1.27664
1.26919
1.26325
1.25826
1.25464
1.2537
1.25686
1.26484
1.27715
1.2923
1.30823
1.3229
1.33444
1.34152
1.34376
1.34196
1.33812
1.33471
1.33387
1.33674
1.34323
1.35228
1.36228
1.37172
1.37941
1.38471
1.3874
1.38744
1.38462
1.37848
1.36857
1.35495
1.3385
1.32092
1.30412
1.28952
1.27759
1.26811
1.26057
1.25469
1.25051
1.24824
1.24808
1.25015
1.25449
1.26117
1.27005
1.28077
1.29267
1.30486
1.31657
1.32731
1.33701
1.34586
1.35409
1.36148
1.36711
1.36944
1.36685
1.35822
1.34342
1.32338
1.29978
1.27453
1.24927
1.22521
1.2032
1.18407
1.16892
1.15907
1.15571
1.15926
1.16896
1.18299
1.19908
1.21512
1.22961
1.24175
1.25127
1.25818
1.26262
1.26479
1.26497
1.26368
1.26179
1.26056
1.26127
1.2646
1.27003
1.27591
1.28019
1.28129
1.27874
1.27323
1.2662
1.25924
1.25355
1.24968
1.24762
1.24695
1.24715
1.24771
1.24816
1.24811
1.24736
1.24599
1.24459
1.24419
1.24613
1.25156
1.26105
1.27429
1.29016
1.30662
1.32097
1.3305
1.33308
1.32773
1.31474
1.29536
1.27155
1.24564
1.22013
1.19758
1.18035
1.17031
1.16835
1.174
1.18544
1.19985
1.21413
1.22587
1.23398
1.23884
1.2418
1.24435
1.24735
1.25077
1.25389
1.25597
1.25677
1.25676
1.25697
1.25878
1.26356
1.27239
1.28575
1.30321
1.32358
1.34502
1.3656
1.38353
1.3972
1.40527
1.4067
1.40094
1.38805
1.36882
1.34458
1.31703
1.28805
1.25945
1.23273
1.20897
1.18898
1.17349
1.16322
1.15901
1.16146
1.17068
1.1858
1.20474
1.22484
1.24382
1.26067
1.27571
1.28988
1.30411
1.31855
1.33253
1.3447
1.3535
1.35754
1.35602
1.34882
1.33654
1.32022
1.30104
1.28011
1.25837
1.23678
1.21673
1.20021
1.18956
1.18655
1.19128
1.20184
1.21497
1.22742
1.23671
1.24131
1.24059
1.2348
1.2252
1.21402
1.2042
1.19866
1.19926
1.20612
1.21754
1.23073
1.24285
1.25175
1.25637
1.25658
1.25315
1.24759
1.24196
1.23861
1.2397
1.24669
1.25983
1.27786
1.29818
1.31736
1.332
1.3397
1.3396
1.3325
1.32022
1.3048
1.28772
1.26966
1.2507
1.23075
1.21035
1.19142
1.17773
1.17369
1.18179
1.20087
1.2274
1.25796
1.29028
1.32263
1.35326
1.38027
1.40197
1.41724
1.42566
1.42747
1.42344
1.41456
1.40189
1.38642
1.36905
1.35075
1.33283
1.31681
1.30414
1.29557
1.29105
1.29015
1.29258
1.2984
1.30773
1.32049
1.33624
1.35411
1.37291
1.39127
1.40787
1.4216
1.43163
1.43745
1.43884
1.43572
1.42795
1.41544
1.39839
1.37764
1.35471
1.33167
1.3105
1.29248
1.2781
1.2675
1.26121
1.2603
1.26558
1.27661
1.29117
1.30602
1.31815
1.32572
1.32819
1.32586
1.31945
1.30969
1.29727
1.28308
1.26832
1.25449
1.24323
1.23599
1.2338
1.23737
1.24704
1.2627
1.28354
1.3079
1.33352
1.35812
1.37992
1.39777
1.41096
1.41908
1.42197
1.42003
1.41422
1.40595
1.39645
1.38621
1.37469
1.36054
1.34213
1.31823
1.28849
1.25375
1.21609
1.17866
1.14486
1.11725
1.0969
1.08361
1.07684
1.07641
1.08246
1.09503
1.11354
1.13659
1.16219
1.18837
1.21388
1.23853
1.2629
1.28723
1.31064
1.33143
1.34821
1.36052
1.36886
1.37406
1.37672
1.37709
1.37531
1.37165
1.36655
1.36057
1.35415
1.34758
1.34116
1.33541
1.33124
1.3298
1.33204
1.33811
1.34723
1.35783
1.36824
1.37717
1.38387
1.38804
1.38972
1.38897
1.38583
1.38023
1.37215
1.36166
1.34897
1.3345
1.31877
1.30245
1.28652
1.27208
1.26007
1.25096
1.24469
1.24091
1.23905
1.23843
1.23822
1.64603
1.63637
1.62311
1.60912
1.59668
1.58638
1.57712
1.56701
1.55453
1.5391
1.521
1.50118
1.48122
1.46304
1.44846
1.43856
1.43327
1.43154
1.43208
1.43416
1.43809
1.44509
1.45663
1.47351
1.49522
1.51998
1.54512
1.56756
1.58431
1.59304
1.59262
1.58373
1.56892
1.55196
1.53639
1.5239
1.51393
1.5049
1.49654
1.4922
1.49833
1.51957
1.55341
1.59154
1.62598
1.65269
1.67107
1.6821
1.68688
1.68616
1.68029
1.66949
1.65432
1.63592
1.61599
1.59658
1.57981
1.56759
1.56115
1.5602
1.56265
1.56529
1.56515
1.56083
1.55314
1.54459
1.53793
1.53416
1.5318
1.52823
1.52193
1.51333
1.50423
1.49657
1.49164
1.48985
1.491
1.49483
1.50139
1.51092
1.52344
1.53833
1.554
1.56829
1.57921
1.58568
1.58786
1.5869
1.58436
1.58148
1.57887
1.57647
1.5738
1.57031
1.56562
1.55954
1.55212
1.54356
1.53416
1.52423
1.51427
1.50507
1.49793
1.49417
1.49433
1.4975
1.5016
1.50462
1.50525
1.50297
1.49762
1.48925
1.47837
1.46641
1.45554
1.44851
1.44823
1.4571
1.47553
1.50052
1.52657
1.54872
1.56547
1.57888
1.59224
1.60737
1.62347
1.63798
1.64818
1.65225
1.64977
1.64167
1.6299
1.61693
1.60525
1.59706
1.59424
1.59806
1.6088
1.62542
1.64547
1.66591
1.68393
1.69762
1.70613
1.70954
1.70855
1.70416
1.6973
1.68877
1.67884
1.66735
1.65403
1.63914
1.6238
1.60975
1.59845
1.5904
1.58501
1.58092
1.57654
1.57052
1.56201
1.55098
1.53869
1.52754
1.52028
1.51848
1.52174
1.52835
1.53682
1.54657
1.55714
1.56754
1.5764
1.58313
1.58841
1.59354
1.59915
1.60439
1.60748
1.60682
1.60188
1.59342
1.58334
1.57406
1.56742
1.5638
1.56203
1.56031
1.55714
1.55183
1.54426
1.53458
1.52345
1.51255
1.50465
1.50275
1.50878
1.52277
1.54298
1.56652
1.59004
1.61056
1.62623
1.63645
1.64128
1.64079
1.63497
1.62419
1.60985
1.59452
1.58108
1.57141
1.56557
1.56194
1.55829
1.55263
1.54354
1.53039
1.51375
1.49564
1.4791
1.46686
1.46023
1.45872
1.46049
1.46314
1.46416
1.46134
1.45345
1.44143
1.42923
1.4218
1.42049
1.4213
1.41982
1.41828
1.4258
1.44873
1.48248
1.51727
1.54758
1.57371
1.59824
1.62301
1.648
1.67154
1.69104
1.70386
1.70813
1.70339
1.69103
1.67444
1.65831
1.64699
1.64291
1.64586
1.65348
1.66227
1.66858
1.66944
1.66297
1.64881
1.62803
1.60322
1.57799
1.55635
1.5418
1.53645
1.54043
1.55196
1.56772
1.58372
1.59621
1.60234
1.60088
1.59223
1.57836
1.56209
1.54622
1.53273
1.52232
1.51468
1.50901
1.50455
1.50086
1.49787
1.49608
1.49677
1.5018
1.51298
1.53118
1.55581
1.58475
1.61479
1.64228
1.66386
1.67705
1.68059
1.6745
1.6601
1.63965
1.6162
1.59298
1.57299
1.55827
1.5496
1.54657
1.54813
1.55324
1.56105
1.57086
1.58183
1.59272
1.60185
1.6072
1.60682
1.59956
1.58573
1.5677
1.55003
1.53866
1.539
1.55329
1.57915
1.61073
1.64167
1.66739
1.68592
1.69732
1.70276
1.70391
1.70246
1.69971
1.69656
1.69313
1.68871
1.68195
1.67131
1.65575
1.63544
1.61201
1.58793
1.56569
1.547
1.53266
1.52285
1.5176
1.51684
1.52044
1.52826
1.54012
1.55571
1.57429
1.59471
1.61566
1.63607
1.65512
1.67185
1.68491
1.69279
1.69431
1.68937
1.67905
1.66522
1.64957
1.63278
1.61451
1.59397
1.5709
1.54592
1.5205
1.49647
1.47559
1.45922
1.44818
1.44281
1.44311
1.4488
1.45927
1.47359
1.4907
1.50953
1.52905
1.54826
1.56617
1.58178
1.59425
1.60267
1.60593
1.60274
1.59196
1.57333
1.5481
1.51924
1.49079
1.46674
1.45011
1.44273
1.44515
1.45631
1.47338
1.49262
1.51054
1.5245
1.5329
1.5354
1.53286
1.52713
1.52054
1.51526
1.51292
1.51412
1.51838
1.52447
1.53105
1.5371
1.54191
1.54504
1.54621
1.54527
1.54238
1.53841
1.53523
1.53529
1.54045
1.55097
1.56526
1.58082
1.59544
1.60804
1.61872
1.62829
1.63745
1.6462
1.65361
1.65803
1.65746
1.65015
1.63502
1.6119
1.58192
1.54766
1.51312
1.48322
1.46256
1.45414
1.45867
1.4745
1.49803
1.52477
1.55085
1.57388
1.59278
1.60716
1.61677
1.62125
1.62003
1.61246
1.59801
1.57668
1.54935
1.5179
1.4851
1.45397
1.42712
1.40615
1.39153
1.38298
1.38003
1.38237
1.3898
1.40191
1.4179
1.43678
1.458
1.4815
1.50723
1.53426
1.5608
1.58496
1.60545
1.6218
1.63389
1.64155
1.64451
1.64291
1.63753
1.62962
1.6206
1.61174
1.60421
1.59903
1.59678
1.59698
1.59795
1.59719
1.59227
1.58191
1.63378
1.61263
1.59163
1.57456
1.564
1.56057
1.56313
1.5696
1.57764
1.58494
1.58924
1.58848
1.58117
1.56705
1.54749
1.52525
1.50335
1.4841
1.46869
1.4576
1.45136
1.45078
1.45674
1.46948
1.48797
1.50991
1.53263
1.55412
1.57347
1.5907
1.60597
1.61912
1.62961
1.63663
1.63917
1.63609
1.62624
1.60936
1.58682
1.56185
1.53893
1.52215
1.51356
1.51269
1.5176
1.52614
1.53688
1.54914
1.5628
1.57811
1.59541
1.61478
1.63568
1.65675
1.67598
1.69122
1.70059
1.70283
1.69739
1.68451
1.66531
1.64172
1.61648
1.59286
1.57424
1.56357
1.56247
1.57058
1.5856
1.60426
1.62301
1.63856
1.64843
1.65135
1.6474
1.63757
1.62283
1.60356
1.5799
1.55237
1.52247
1.49276
1.46655
1.44737
1.43844
1.44206
1.45914
1.48884
1.52866
1.57495
1.62361
1.67063
1.71238
1.7459
1.76909
1.78086
1.78133
1.772
1.75562
1.73575
1.71592
1.69879
1.6857
1.67675
1.67112
1.66763
1.66527
1.66358
1.66266
1.6629
1.66448
1.66677
1.66832
1.66725
1.66214
1.65274
1.6401
1.62606
1.61243
1.60018
1.58917
1.57845
1.56707
1.55471
1.54168
1.52852
1.51566
1.50316
1.4911
1.47983
1.4701
1.46287
1.45902
1.45918
1.46372
1.47251
1.48467
1.49864
1.51244
1.52453
1.5341
1.54134
1.54735
1.55379
1.56221
1.57325
1.58612
1.59869
1.60807
1.61149
1.60712
1.59474
1.57598
1.55398
1.53265
1.5159
1.50686
1.50757
1.5186
1.53924
1.56777
1.60197
1.6392
1.6765
1.71069
1.73891
1.75909
1.77035
1.77306
1.76868
1.75936
1.74763
1.73595
1.72628
1.71984
1.71687
1.71692
1.71901
1.72203
1.72496
1.72688
1.72693
1.72427
1.71824
1.70851
1.69523
1.67901
1.66088
1.64204
1.62345
1.60549
1.5879
1.56999
1.55144
1.53294
1.51642
1.50433
1.49881
1.50106
1.51114
1.52786
1.54863
1.56981
1.58735
1.59777
1.59945
1.59349
1.58347
1.57326
1.56477
1.55793
1.55246
1.54905
1.54913
1.55399
1.56424
1.5796
1.59865
1.61902
1.63827
1.65484
1.66841
1.67958
1.68932
1.69853
1.70775
1.71716
1.72671
1.73608
1.7448
1.75214
1.75723
1.75937
1.75822
1.75382
1.74639
1.73599
1.72244
1.70568
1.68595
1.66368
1.63919
1.61251
1.58379
1.55366
1.52372
1.49681
1.47681
1.46768
1.47167
1.48808
1.51341
1.5429
1.57224
1.59847
1.62012
1.63689
1.64901
1.65677
1.66046
1.66052
1.6577
1.65297
1.64751
1.64268
1.63997
1.64073
1.64558
1.65403
1.66479
1.67626
1.68702
1.69606
1.70289
1.70744
1.70998
1.71089
1.71037
1.7082
1.70372
1.69617
1.68537
1.67212
1.65818
1.64552
1.63548
1.62816
1.62251
1.61689
1.60971
1.59999
1.58763
1.57337
1.55851
1.54433
1.53169
1.52047
1.50965
1.49789
1.48461
1.47049
1.45735
1.4473
1.44203
1.44266
1.44988
1.46407
1.48509
1.5118
1.54188
1.5723
1.60006
1.62296
1.63978
1.65031
1.65492
1.65418
1.64864
1.6389
1.62629
1.61374
1.60548
1.60494
1.61229
1.62483
1.63924
1.65334
1.66606
1.67682
1.68512
1.69066
1.69347
1.69375
1.69149
1.68633
1.67769
1.6654
1.65014
1.63369
1.61858
1.60748
1.60243
1.60458
1.61405
1.62979
1.64894
1.66685
1.67865
1.68139
1.67524
1.66301
1.64875
1.63622
1.62758
1.62304
1.62122
1.61979
1.61583
1.60647
1.59028
1.56959
1.55094
1.54063
1.53868
1.53961
1.53878
1.53535
1.53075
1.52682
1.52552
1.52937
1.54107
1.56216
1.59144
1.62472
1.6564
1.68189
1.69902
1.70815
1.71119
1.71012
1.70607
1.69921
1.6892
1.67553
1.65764
1.63523
1.60892
1.58066
1.55369
1.53172
1.51766
1.51269
1.51586
1.52445
1.5353
1.54668
1.55887
1.57303
1.58924
1.60555
1.61887
1.62679
1.62891
1.62688
1.62308
1.61902
1.61495
1.61057
1.60609
1.6028
1.60297
1.6089
1.6214
1.639
1.65845
1.67627
1.68978
1.6973
1.69794
1.69155
1.67874
1.66058
1.63818
1.61248
1.58437
1.55505
1.52625
1.49996
1.47775
1.46003
1.4458
1.43345
1.4224
1.41449
1.41361
1.42315
1.44293
1.46838
1.49302
1.51163
1.52221
1.52618
1.52694
1.52805
1.532
1.53994
1.55195
1.56735
1.58442
1.60018
1.61124
1.61525
1.61186
1.60251
1.58951
1.57548
1.56282
1.55306
1.54645
1.54206
1.53877
1.53623
1.53496
1.53597
1.54
1.5474
1.55811
1.57129
1.58534
1.59841
1.60925
1.61741
1.62293
1.62586
1.62588
1.62228
1.61425
1.60118
1.58294
1.55996
1.53324
1.5043
1.47515
1.44822
1.42615
1.41117
1.40412
1.40387
1.40806
1.41459
1.42283
1.4336
1.44827
1.46771
1.4916
1.51863
1.54703
1.57504
1.60105
1.66835
1.68314
1.69097
1.69205
1.68791
1.68087
1.67332
1.66698
1.66253
1.65967
1.65721
1.65356
1.64717
1.63715
1.62391
1.60925
1.59578
1.5856
1.57925
1.57552
1.57248
1.56878
1.56478
1.56263
1.56523
1.57417
1.58824
1.60383
1.61683
1.62422
1.62462
1.6181
1.60564
1.58869
1.56899
1.5489
1.53191
1.52244
1.52422
1.53819
1.56179
1.59023
1.61849
1.64276
1.66092
1.67239
1.67778
1.6784
1.6757
1.67089
1.66456
1.6568
1.6476
1.63745
1.62783
1.62111
1.61977
1.62507
1.63595
1.6489
1.65957
1.66499
1.66574
1.6659
1.67034
1.68066
1.69367
1.70379
1.7065
1.69989
1.68454
1.6629
1.63892
1.61781
1.60483
1.60312
1.61166
1.62592
1.64045
1.65134
1.65701
1.65764
1.65418
1.64765
1.63885
1.62854
1.61791
1.60863
1.60232
1.59977
1.60014
1.60123
1.60037
1.59536
1.5852
1.57021
1.55178
1.53226
1.51488
1.5035
1.50177
1.51198
1.53431
1.5668
1.60613
1.64874
1.69129
1.7308
1.76452
1.79009
1.80596
1.812
1.80992
1.80255
1.7921
1.77898
1.76228
1.74154
1.71748
1.69177
1.6666
1.64427
1.62646
1.61339
1.60369
1.59534
1.58714
1.57935
1.57362
1.5721
1.57646
1.58739
1.6044
1.62588
1.6494
1.67196
1.69058
1.70284
1.70734
1.70358
1.69211
1.67455
1.65377
1.63343
1.61655
1.60394
1.59434
1.58608
1.5784
1.57147
1.56617
1.56395
1.56665
1.57594
1.59247
1.61564
1.64338
1.67208
1.69693
1.71297
1.71679
1.70842
1.69254
1.67695
1.66779
1.66601
1.66954
1.67708
1.68847
1.70251
1.71615
1.72573
1.72842
1.72313
1.71071
1.69371
1.67579
1.66092
1.6524
1.65205
1.65943
1.6719
1.68553
1.69638
1.70168
1.70031
1.69277
1.68092
1.66745
1.65526
1.64667
1.64282
1.6435
1.64739
1.65262
1.65728
1.66001
1.66013
1.65759
1.65263
1.64562
1.63719
1.62828
1.62019
1.61442
1.61214
1.61381
1.61864
1.62481
1.62992
1.63171
1.62836
1.61891
1.60376
1.58504
1.5667
1.55372
1.55056
1.55939
1.57913
1.60575
1.63377
1.65805
1.67511
1.6838
1.68503
1.68074
1.67285
1.66289
1.65213
1.64169
1.63238
1.6246
1.61852
1.61449
1.61315
1.61524
1.62102
1.62992
1.6403
1.64975
1.65569
1.65623
1.65109
1.64218
1.63311
1.62735
1.62622
1.62823
1.63017
1.62903
1.62317
1.61258
1.59851
1.58293
1.56861
1.55906
1.55763
1.56582
1.58194
1.60183
1.62101
1.63644
1.64693
1.6526
1.65433
1.65334
1.65088
1.64813
1.64586
1.64419
1.64246
1.63931
1.63327
1.62375
1.61174
1.59978
1.59064
1.58562
1.58375
1.58295
1.58282
1.58708
1.60173
1.62793
1.65811
1.68208
1.69441
1.69574
1.69026
1.68273
1.67659
1.67319
1.67194
1.67095
1.66798
1.66122
1.64985
1.63426
1.61593
1.59698
1.5795
1.56551
1.55688
1.55531
1.56192
1.57669
1.5982
1.62366
1.64938
1.67152
1.68694
1.69377
1.69166
1.68189
1.66696
1.64969
1.63211
1.61455
1.5958
1.57416
1.54919
1.52261
1.49796
1.47922
1.46965
1.47147
1.48558
1.5109
1.54409
1.58043
1.61517
1.64474
1.66715
1.68192
1.68974
1.69233
1.69215
1.69223
1.69524
1.70247
1.71331
1.72584
1.73775
1.74698
1.75208
1.75237
1.74809
1.74029
1.73031
1.71915
1.70692
1.69319
1.67791
1.66246
1.64939
1.64093
1.6377
1.63829
1.63987
1.63938
1.63468
1.62541
1.61312
1.60053
1.59076
1.58641
1.58846
1.59499
1.60125
1.60154
1.59169
1.57061
1.54043
1.50564
1.47178
1.44387
1.42504
1.41594
1.41514
1.42035
1.42983
1.44312
1.46077
1.48368
1.51254
1.54752
1.58793
1.63166
1.67522
1.71476
1.74735
1.77148
1.78687
1.79392
1.7931
1.78444
1.76762
1.74246
1.71
1.67323
1.63669
1.60452
1.57872
1.55905
1.54483
1.53655
1.53571
1.54359
1.55965
1.58105
1.60357
1.62332
1.63847
1.64959
1.65853
1.66655
1.67331
1.67733
1.67718
1.67245
1.66393
1.65332
1.64239
1.63199
1.62183
1.61092
1.59882
1.5862
1.57471
1.56645
1.56344
1.56684
1.57622
1.58926
1.60252
1.61286
1.61882
1.62106
1.62172
1.62324
1.62719
1.63396
1.64315
1.6541
1.66602
1.67778
1.68778
1.69417
1.69555
1.69148
1.68251
1.66962
1.65388
1.63681
1.62126
1.61144
1.61085
1.61955
1.63369
1.64789
1.65778
1.66108
1.65735
1.64751
1.63329
1.61701
1.60125
1.58864
1.58148
1.58124
1.58813
1.60111
1.61819
1.63697
1.65522
1.67143
1.68505
1.69588
1.70345
1.70695
1.70552
1.6985
1.68555
1.66665
1.64222
1.61346
1.58239
1.55202
1.52591
1.50746
1.49914
1.50207
1.51579
1.53817
1.56555
1.59346
1.61772
1.63502
1.64305
1.64535
1.63009
1.60519
1.57331
1.53842
1.5052
1.47798
1.45967
1.45114
1.45128
1.45793
1.46892
1.48277
1.49873
1.51638
1.53532
1.55526
1.57623
1.5983
1.621
1.64283
1.66153
1.67461
1.67978
1.67503
1.65907
1.63269
1.60061
1.57193
1.55681
1.56066
1.58059
1.60788
1.63336
1.65112
1.65918
1.65844
1.6512
1.63987
1.62622
1.61134
1.5964
1.58318
1.57403
1.57131
1.5765
1.58975
1.60976
1.63438
1.66134
1.68874
1.71493
1.73816
1.75657
1.76832
1.77201
1.76694
1.75322
1.73159
1.70307
1.66873
1.62979
1.58793
1.54567
1.50642
1.47399
1.45215
1.44441
1.4535
1.4796
1.51868
1.56322
1.60536
1.63973
1.66405
1.67827
1.68334
1.68085
1.67294
1.66238
1.65235
1.64578
1.64451
1.64845
1.65537
1.66181
1.66464
1.66216
1.65436
1.64254
1.62881
1.61563
1.60532
1.59952
1.59867
1.60193
1.60752
1.61348
1.61854
1.62264
1.6268
1.63253
1.64109
1.65297
1.66763
1.68363
1.69891
1.711
1.71718
1.71532
1.70532
1.68995
1.67389
1.66108
1.65258
1.64675
1.64153
1.63638
1.63312
1.6352
1.64582
1.666
1.69392
1.72572
1.75728
1.78528
1.80769
1.82347
1.83223
1.83392
1.82838
1.81521
1.79383
1.7639
1.72596
1.68186
1.63492
1.59001
1.55327
1.53039
1.52363
1.53044
1.54563
1.56434
1.58318
1.5999
1.61308
1.62205
1.62711
1.62941
1.63042
1.63121
1.63192
1.63224
1.63228
1.63294
1.63553
1.64084
1.64857
1.65734
1.66536
1.67123
1.6745
1.67591
1.67652
1.67678
1.67613
1.67363
1.66899
1.66269
1.65544
1.64763
1.63917
1.62979
1.61969
1.60998
1.60259
1.59953
1.60158
1.60718
1.61291
1.61546
1.61395
1.61059
1.60978
1.61561
1.62918
1.64754
1.66574
1.67994
1.68891
1.69355
1.69563
1.69667
1.69734
1.69737
1.69604
1.6928
1.68769
1.68127
1.67431
1.66716
1.65958
1.65087
1.64065
1.62994
1.62222
1.62288
1.63592
1.66007
1.68876
1.71417
1.73065
1.73535
1.72753
1.70796
1.6788
1.64388
1.6088
1.58009
1.56329
1.56072
1.57062
1.58824
1.60812
1.62599
1.6394
1.64764
1.65119
1.65114
1.64886
1.64593
1.64408
1.64491
1.64944
1.65745
1.6675
1.67727
1.6842
1.68626
1.68271
1.67465
1.6648
1.65621
1.65054
1.64722
1.64452
1.64091
1.63547
1.62738
1.61579
1.60017
1.58088
1.55955
1.53907
1.52331
1.51633
1.52089
1.53711
1.5618
1.58971
1.61579
1.63726
1.65378
1.66643
1.67628
1.6835
1.68757
1.68793
1.68474
1.67931
1.67366
1.6697
1.66846
1.66995
1.6736
1.679
1.6861
1.69486
1.70479
1.7149
1.7241
1.73178
1.73824
1.74469
1.75283
1.76412
1.77894
1.79598
1.81238
1.82465
1.83005
1.82744
1.81761
1.8028
1.78593
1.76976
1.75638
1.74686
1.74111
1.73796
1.73587
1.7337
1.73103
1.72779
1.72373
1.71817
1.71053
1.70092
1.69085
1.68333
1.68221
1.69009
1.70631
1.72692
1.74671
1.76127
1.76775
1.76481
1.75259
1.73284
1.70904
1.68597
1.66863
1.66061
1.66282
1.67307
1.68701
1.69973
1.70771
1.70987
1.70754
1.70329
1.69917
1.69574
1.69212
1.68679
1.6786
1.66748
1.65455
1.64168
1.63088
1.62371
1.62116
1.62362
1.63086
1.64201
1.65545
1.66895
1.67974
1.68494
1.68246
1.6721
1.65587
1.63716
1.61939
1.60503
1.59517
1.58951
1.5868
1.58541
1.58415
1.58278
1.58196
1.58288
1.5866
1.59368
1.60392
1.61649
1.63032
1.64465
1.65924
1.6742
1.68928
1.70329
1.71412
1.71972
1.71956
1.71544
1.71131
1.71155
1.71819
1.72932
1.74002
1.7449
1.74019
1.72503
1.70216
1.67816
1.66099
1.65477
1.65702
1.66149
1.66262
1.65725
1.64433
1.62468
1.60072
1.57595
1.55406
1.53801
1.52945
1.52861
1.53433
1.54459
1.55701
1.5694
1.57974
1.58623
1.58732
1.58245
1.57315
1.56324
1.55741
1.55855
1.56614
1.57701
1.58755
1.5954
1.59989
1.60161
1.60155
1.60049
1.59895
1.59743
1.59669
1.59732
1.59861
1.59821
1.59303
1.58097
1.56216
1.53896
1.51532
1.49537
1.48192
1.4756
1.47494
1.47753
1.48143
1.48604
1.49192
1.49988
1.50999
1.52145
1.53302
1.54379
1.5537
1.56348
1.57411
1.586
1.59855
1.61013
1.61845
1.62118
1.61643
1.6031
1.58122
1.55213
1.51881
1.48629
1.46138
1.45046
1.45574
1.47387
1.49899
1.52712
1.55717
1.58885
1.62059
1.6494
1.67219
1.68686
1.69285
1.69117
1.68415
1.67477
1.6658
1.65941
1.65693
1.65859
1.66303
1.66742
1.66844
1.66357
1.652
1.63474
1.61436
1.5941
1.57706
1.5654
1.56005
1.56076
1.56629
1.57463
1.58358
1.59128
1.59633
1.59796
1.59632
