1.09917
1.09625
1.09109
1.08342
1.07289
1.05902
1.04125
1.01891
0.991294
0.95779
0.918002
0.871946
0.820259
0.76441
0.706719
0.65019
0.598095
0.553378
0.518178
0.493528
0.479322
0.474448
0.477111
0.485168
0.496476
0.509169
0.521826
0.533511
0.543769
0.552532
0.559979
0.566369
0.571908
0.576699
0.580701
0.583794
0.585888
0.587024
0.587396
0.587334
0.587233
0.587458
0.588261
0.589798
0.592095
0.595025
0.59833
0.60162
0.604497
0.606632
0.607833
0.608121
0.607703
0.606908
0.606108
0.605612
0.605632
0.60629
0.60761
0.609516
0.611826
0.614248
0.616369
0.617778
0.618129
0.617227
0.615121
0.612127
0.608802
0.60578
0.603516
0.602042
0.600944
0.599574
0.597383
0.594189
0.590201
0.585954
0.582162
0.579561
0.578789
0.580275
0.584137
0.590153
0.597841
0.606575
0.615715
0.624687
0.633027
0.640366
0.646429
0.650984
0.653841
0.654897
0.654124
0.651591
0.647439
0.641856
0.635008
0.627054
0.618124
0.608405
0.598179
0.587851
0.577935
0.568974
0.561422
0.555555
0.551419
0.548888
0.547752
0.547871
0.549215
0.551914
0.556167
0.562153
0.569912
0.579255
0.589797
0.600994
0.612221
0.622828
0.632174
0.639662
0.644768
0.647158
0.646733
0.643596
0.638077
0.630654
0.621896
0.612404
0.602723
0.593314
0.584542
0.576712
0.570102
0.56502
0.56179
0.560805
0.56242
0.566846
0.573985
0.583361
0.594175
0.605465
0.616302
0.625903
0.633692
0.6393
0.642548
0.643409
0.642015
0.638614
0.63355
0.627231
0.620045
0.612328
0.604318
0.596198
0.588152
0.580485
0.573666
0.568314
0.565044
0.564269
0.566016
0.569873
0.575097
0.58081
0.586165
0.590486
0.593274
0.594206
0.593123
0.589994
0.584953
0.578303
0.570528
0.562328
0.554601
0.548353
0.544557
0.54395
0.546839
0.552989
0.561674
0.571835
0.58231
0.592
0.600032
0.605806
0.609016
0.609622
0.607847
0.604101
0.598937
0.593006
0.586969
0.58145
0.576956
0.573855
0.572342
0.572433
0.574004
0.576802
0.580496
0.58469
0.588943
0.592792
0.59581
0.597621
0.597958
0.596688
0.593846
0.58965
0.584519
0.579031
0.573869
0.569674
0.566867
0.565571
0.565627
0.566683
0.56833
0.570199
0.572006
0.573595
0.574917
0.575988
0.576839
0.577497
0.577973
0.578218
0.578145
0.577652
0.576633
0.575014
0.572813
0.57017
0.567441
0.565154
0.56393
0.564297
0.566542
0.570675
0.576438
0.583417
0.591112
0.598981
0.606498
0.613157
0.618506
0.622181
0.623964
0.623769
0.621658
0.617834
0.61261
0.606354
0.599481
0.592412
0.585553
0.579264
0.573816
0.569389
0.566037
0.56368
0.562155
0.561236
0.560712
0.560434
0.560338
0.560437
0.560811
0.561583
0.562826
0.564547
0.566611
0.568791
0.570778
0.572228
0.572859
0.572521
0.571227
0.569192
0.566794
0.564524
0.562818
0.561947
0.561911
0.562437
0.563114
0.563515
0.563405
0.562803
0.561946
0.561206
0.560935
0.56132
0.562294
0.563576
0.564721
0.56533
0.565188
0.564365
0.563182
0.56202
0.56108
0.560242
0.559153
0.557498
0.555183
0.552391
0.549484
0.546826
0.544668
0.543124
0.542208
0.541949
0.54244
0.543819
0.546168
0.549444
0.553376
0.557533
0.56144
0.564694
0.567012
0.568257
0.568367
0.567329
0.565119
0.561754
0.557355
0.552186
0.546675
0.541351
0.536743
0.533239
0.53101
0.530035
0.5302
0.5314
0.533603
0.536791
0.540898
0.545721
0.550962
0.5563
0.561475
0.566304
0.570652
0.574376
0.577253
0.579
0.579317
0.577947
0.574722
0.569628
0.562822
0.554632
0.545606
0.536484
0.528142
0.521477
0.517233
0.515845
0.517345
0.521398
0.527461
0.534962
0.543324
0.551956
0.560231
0.567552
0.573413
0.577495
0.579703
0.580125
0.578986
0.576605
0.573343
0.569583
0.565732
0.562181
0.559267
0.55725
0.556246
0.556294
0.557398
0.559573
0.562825
0.567072
0.572056
0.57734
0.582391
0.586711
0.589923
0.591831
0.592437
0.591904
0.590523
0.58864
0.586544
0.584406
0.582244
0.579961
0.577442
0.57464
0.571606
0.568468
0.565371
0.562477
0.559964
0.558022
0.556827
0.556468
0.556918
0.558001
0.559477
0.561115
0.562748
0.564294
0.565722
0.567009
0.568117
0.569018
0.569692
0.570161
0.570527
0.570954
0.571634
0.572748
0.574427
0.576716
0.579484
0.582513
0.585493
0.588069
0.589926
0.590762
0.590332
0.588495
0.58523
0.580692
0.575211
0.569285
0.563526
0.558599
0.555075
0.553355
0.553592
0.555696
0.559419
0.564392
0.570238
0.576602
0.583182
0.589709
0.595928
0.601598
0.606502
0.610452
0.613314
0.61501
0.615557
0.615035
0.613583
0.611358
0.608501
0.605104
0.601225
0.596913
0.592239
0.587343
0.582445
0.577814
0.573757
0.570525
0.568269
0.567
0.566565
0.566715
0.567184
0.567729
0.568212
0.568591
0.568927
0.569326
0.569945
0.570947
0.57247
0.574613
0.577393
0.580713
0.584372
0.588101
0.591597
0.594591
1.10058
1.09649
1.08737
1.07351
1.05534
1.03338
1.00822
0.980484
0.950839
0.920026
0.888928
0.85873
0.831055
0.807864
0.79102
0.781542
0.778937
0.781144
0.785291
0.788816
0.790381
0.790231
0.78982
0.791145
0.796074
0.805775
0.820314
0.838672
0.859077
0.879552
0.898432
0.91472
0.928163
0.939078
0.947836
0.95437
0.957972
0.957596
0.952475
0.942595
0.928878
0.913018
0.89698
0.882532
0.870977
0.863151
0.859596
0.860591
0.866002
0.875084
0.886459
0.898416
0.909256
0.917646
0.922733
0.924096
0.921703
0.915904
0.907417
0.897247
0.886552
0.876443
0.867657
0.860382
0.854352
0.849168
0.844596
0.840634
0.837534
0.835653
0.835365
0.836969
0.840534
0.845758
0.851893
0.857888
0.862636
0.865301
0.865537
0.863503
0.859742
0.855094
0.850689
0.847919
0.84809
0.85154
0.85706
0.862308
0.865169
0.865062
0.863315
0.862294
0.864017
0.869043
0.876483
0.884729
0.892345
0.898481
0.902835
0.905359
0.90597
0.904435
0.900493
0.894074
0.885543
0.875799
0.866107
0.85768
0.85109
0.846126
0.842168
0.838839
0.836424
0.835797
0.837905
0.843224
0.85143
0.86153
0.872155
0.881931
0.889628
0.89435
0.895838
0.894641
0.892078
0.889807
0.889248
0.891158
0.895489
0.901517
0.908189
0.914479
0.919606
0.92314
0.924934
0.924959
0.92308
0.918985
0.91238
0.9033
0.892336
0.880612
0.869416
0.859677
0.851728
0.845408
0.840379
0.836458
0.833673
0.832163
0.832052
0.833431
0.836329
0.840781
0.846703
0.853849
0.861779
0.86991
0.877715
0.884876
0.89134
0.897242
0.902724
0.907656
0.911407
0.912958
0.911234
0.905482
0.89561
0.882251
0.866523
0.849688
0.83285
0.816807
0.802134
0.789382
0.779278
0.772712
0.770473
0.772839
0.779305
0.788661
0.799387
0.810079
0.81974
0.827834
0.834178
0.838788
0.841748
0.843193
0.843315
0.842455
0.841195
0.840371
0.840849
0.843068
0.846685
0.850603
0.853458
0.854196
0.852493
0.84882
0.844133
0.839494
0.835703
0.833123
0.831746
0.831302
0.831436
0.831808
0.832109
0.832076
0.83157
0.83066
0.829724
0.829457
0.830751
0.834376
0.840697
0.849529
0.86011
0.871078
0.880647
0.887002
0.88872
0.885156
0.876491
0.863573
0.8477
0.830424
0.813422
0.798385
0.786897
0.780204
0.778898
0.782668
0.790296
0.799897
0.80942
0.817244
0.82265
0.825891
0.827866
0.829566
0.83157
0.833846
0.835928
0.837313
0.837848
0.83784
0.837982
0.839188
0.842374
0.848263
0.857165
0.868808
0.882385
0.89668
0.9104
0.922351
0.931469
0.93685
0.937802
0.933958
0.925369
0.912546
0.896383
0.878021
0.8587
0.839632
0.821817
0.805981
0.792656
0.782324
0.775482
0.772671
0.774305
0.780455
0.790532
0.803163
0.816563
0.829211
0.84045
0.85047
0.85992
0.869404
0.879032
0.888353
0.896469
0.902332
0.905027
0.904013
0.899216
0.891026
0.880146
0.867358
0.853405
0.838911
0.82452
0.811154
0.800142
0.793042
0.791031
0.794188
0.801224
0.809982
0.818283
0.824472
0.827542
0.82706
0.823202
0.816801
0.809344
0.802802
0.799104
0.799504
0.804079
0.811695
0.82049
0.828566
0.834502
0.837579
0.837718
0.835433
0.831726
0.827972
0.825739
0.826467
0.831129
0.839884
0.851906
0.865456
0.878238
0.888
0.893134
0.893067
0.888331
0.880148
0.869867
0.85848
0.846443
0.8338
0.820503
0.806897
0.794282
0.785155
0.78246
0.787857
0.800577
0.818265
0.838642
0.860185
0.881756
0.902172
0.920178
0.934648
0.944829
0.950439
0.951647
0.948961
0.943042
0.934593
0.924278
0.912697
0.900503
0.888552
0.877874
0.869425
0.863716
0.860701
0.8601
0.861719
0.865599
0.871822
0.880325
0.890825
0.902739
0.915272
0.927511
0.938581
0.947732
0.954419
0.958301
0.959229
0.957145
0.951964
0.943629
0.932263
0.918424
0.903138
0.887782
0.873669
0.861655
0.852065
0.844997
0.840809
0.840199
0.843721
0.851071
0.860779
0.870679
0.878764
0.883816
0.88546
0.883907
0.879634
0.873124
0.864845
0.855385
0.845546
0.836328
0.828822
0.823991
0.822536
0.824914
0.831357
0.8418
0.855695
0.871931
0.889011
0.90541
0.919944
0.931844
0.94064
0.94605
0.947982
0.94669
0.942816
0.937299
0.930964
0.924141
0.916461
0.907027
0.894756
0.878819
0.858995
0.835831
0.810727
0.785775
0.763237
0.74483
0.731265
0.722407
0.717895
0.717608
0.721643
0.73002
0.742363
0.75773
0.774792
0.792246
0.809251
0.825685
0.841932
0.858153
0.873757
0.887622
0.898805
0.907012
0.91257
0.91604
0.91781
0.918062
0.916876
0.914431
0.911036
0.907046
0.902764
0.898384
0.894108
0.890275
0.887494
0.886532
0.888025
0.892076
0.898151
0.905217
0.912158
0.918113
0.922578
0.925361
0.926479
0.925977
0.923885
0.920155
0.914767
0.90777
0.899315
0.889669
0.879177
0.868303
0.857678
0.848053
0.84005
0.833971
0.829792
0.82727
0.826034
0.82562
0.82548
1.09735
1.09091
1.08207
1.07275
1.06445
1.05759
1.05141
1.04467
1.03635
1.02607
1.014
1.00079
0.987478
0.975358
0.96564
0.959041
0.955514
0.954362
0.954722
0.95611
0.958724
0.963394
0.97109
0.982341
0.996816
1.01332
1.03008
1.04504
1.05621
1.06203
1.06175
1.05582
1.04595
1.03464
1.02426
1.01593
1.00929
1.00326
0.997691
0.994797
0.998884
1.01305
1.03561
1.06103
1.08399
1.10179
1.11405
1.1214
1.12459
1.12411
1.12019
1.113
1.10288
1.09061
1.07733
1.06439
1.0532
1.04506
1.04076
1.04014
1.04177
1.04352
1.04343
1.04055
1.03543
1.02973
1.02529
1.02278
1.0212
1.01882
1.01462
1.00889
1.00282
0.997712
0.99443
0.993236
0.994
0.996556
1.00093
1.00728
1.01563
1.02555
1.036
1.04553
1.0528
1.05712
1.05857
1.05793
1.05624
1.05432
1.05258
1.05098
1.0492
1.04687
1.04375
1.03969
1.03475
1.02904
1.02277
1.01616
1.00951
1.00338
0.99862
0.996114
0.996223
0.998332
1.00107
1.00308
1.0035
1.00198
0.998413
0.992831
0.985583
0.977606
0.97036
0.965673
0.965489
0.971403
0.983686
1.00035
1.01771
1.03248
1.04365
1.05259
1.06149
1.07158
1.08231
1.09199
1.09878
1.1015
1.09985
1.09445
1.0866
1.07796
1.07016
1.0647
1.06282
1.06538
1.07253
1.08361
1.09698
1.11061
1.12262
1.13175
1.13742
1.13969
1.13904
1.13611
1.13154
1.12584
1.11923
1.11157
1.10269
1.09276
1.08254
1.07317
1.06563
1.06027
1.05667
1.05395
1.05102
1.04702
1.04134
1.03399
1.02579
1.01836
1.01352
1.01232
1.01449
1.0189
1.02455
1.03104
1.03809
1.04502
1.05093
1.05542
1.05894
1.06236
1.0661
1.06959
1.07165
1.07121
1.06792
1.06228
1.05556
1.04937
1.04495
1.04253
1.04136
1.04021
1.03809
1.03455
1.02951
1.02306
1.01563
1.00836
1.0031
1.00183
1.00585
1.01518
1.02866
1.04435
1.06003
1.07371
1.08415
1.09097
1.09418
1.09386
1.08998
1.08279
1.07324
1.06301
1.05405
1.04761
1.04371
1.04129
1.03886
1.03509
1.02903
1.02026
1.00917
0.997096
0.986066
0.977903
0.973484
0.972477
0.973658
0.975427
0.976107
0.974226
0.968964
0.960955
0.95282
0.947863
0.946992
0.947536
0.94655
0.945518
0.950534
0.965819
0.988323
1.01151
1.03172
1.04914
1.06549
1.08201
1.09867
1.11436
1.12736
1.1359
1.13876
1.13559
1.12735
1.1163
1.10554
1.09799
1.09527
1.09724
1.10232
1.10818
1.11239
1.11296
1.10865
1.0992
1.08536
1.06882
1.05199
1.03757
1.02787
1.0243
1.02695
1.03464
1.04515
1.05582
1.06414
1.06823
1.06725
1.06149
1.05224
1.04139
1.03081
1.02182
1.01488
1.00978
1.006
1.00304
1.00057
0.998579
0.997383
0.997844
1.0012
1.00865
1.02079
1.03721
1.0565
1.07653
1.09486
1.10924
1.11803
1.12039
1.11634
1.10673
1.0931
1.07746
1.06199
1.04866
1.03885
1.03307
1.03105
1.03209
1.03549
1.0407
1.04724
1.05455
1.06182
1.0679
1.07147
1.07121
1.06637
1.05715
1.04514
1.03335
1.02577
1.026
1.03553
1.05277
1.07382
1.09445
1.11159
1.12395
1.13155
1.13517
1.13594
1.13497
1.13314
1.13104
1.12875
1.12581
1.1213
1.11421
1.10383
1.09029
1.07467
1.05862
1.04379
1.03133
1.02177
1.01523
1.01174
1.01123
1.01363
1.01884
1.02675
1.03714
1.04953
1.06314
1.07711
1.09071
1.10341
1.11457
1.12328
1.12852
1.12954
1.12624
1.11936
1.11015
1.09971
1.08852
1.07634
1.06265
1.04727
1.03061
1.01366
0.997644
0.983728
0.972815
0.965456
0.961871
0.962074
0.965865
0.972845
0.982392
0.993797
1.00635
1.01936
1.03218
1.04411
1.05452
1.06283
1.06845
1.07062
1.06849
1.06131
1.04889
1.03207
1.01283
0.993862
0.977829
0.966742
0.961821
0.963436
0.97087
0.98225
0.995081
1.00703
1.01633
1.02193
1.0236
1.0219
1.01809
1.01369
1.01018
1.00861
1.00941
1.01225
1.01631
1.0207
1.02473
1.02794
1.03003
1.03081
1.03018
1.02825
1.0256
1.02349
1.02352
1.02697
1.03398
1.04351
1.05388
1.06363
1.07203
1.07914
1.08553
1.09163
1.09746
1.10241
1.10535
1.10497
1.1001
1.09001
1.0746
1.05461
1.03178
1.00875
0.988815
0.975043
0.969429
0.972446
0.983001
0.998683
1.01651
1.0339
1.04925
1.06185
1.07144
1.07785
1.08084
1.08002
1.07497
1.06534
1.05112
1.0329
1.01193
0.990064
0.969314
0.951415
0.937434
0.927689
0.921983
0.920022
0.921581
0.926535
0.934607
0.945264
0.957855
0.971997
0.987669
1.00482
1.02284
1.04053
1.05664
1.0703
1.0812
1.08926
1.09436
1.09634
1.09527
1.09169
1.08641
1.0804
1.07449
1.06947
1.06602
1.06452
1.06465
1.0653
1.06479
1.06151
1.05461
1.08919
1.07509
1.06109
1.0497
1.04267
1.04038
1.04209
1.0464
1.05176
1.05663
1.05949
1.05899
1.05411
1.0447
1.03166
1.01683
1.00224
0.9894
0.979125
0.971736
0.967572
0.967189
0.971158
0.979656
0.991978
1.00661
1.02176
1.03608
1.04898
1.06047
1.07065
1.07941
1.08641
1.09109
1.09278
1.09073
1.08416
1.07291
1.05788
1.04123
1.02595
1.01477
1.00904
1.00846
1.01173
1.01743
1.02459
1.03276
1.04187
1.05207
1.06361
1.07652
1.09045
1.1045
1.11732
1.12748
1.13373
1.13522
1.13159
1.12301
1.1102
1.09448
1.07765
1.06191
1.04949
1.04238
1.04165
1.04705
1.05707
1.06951
1.082
1.09237
1.09896
1.1009
1.09827
1.09172
1.08189
1.06904
1.05327
1.03491
1.01498
0.995175
0.977698
0.964915
0.95896
0.961374
0.972758
0.99256
1.01911
1.04997
1.08241
1.11375
1.14159
1.16393
1.17939
1.18724
1.18756
1.18133
1.17041
1.15717
1.14395
1.13253
1.1238
1.11783
1.11408
1.11175
1.11018
1.10906
1.10844
1.1086
1.10965
1.11118
1.11221
1.1115
1.10809
1.10183
1.0934
1.08404
1.07495
1.06679
1.05945
1.0523
1.04471
1.03647
1.02778
1.01902
1.01044
1.00211
0.994066
0.986556
0.98007
0.975249
0.972682
0.972786
0.975811
0.981671
0.989783
0.999091
1.0083
1.01635
1.02273
1.02756
1.03157
1.03586
1.04147
1.04883
1.05741
1.06579
1.07205
1.07433
1.07141
1.06316
1.05065
1.03598
1.02177
1.0106
1.00458
1.00504
1.0124
1.02616
1.04518
1.06798
1.0928
1.11767
1.14046
1.15927
1.17273
1.18023
1.18204
1.17912
1.17291
1.16508
1.1573
1.15085
1.14656
1.14458
1.14461
1.146
1.14802
1.14997
1.15125
1.15129
1.14951
1.14549
1.13901
1.13015
1.11934
1.10726
1.0947
1.0823
1.07032
1.0586
1.04666
1.03429
1.02196
1.01094
1.00289
0.999205
1.00071
1.00743
1.01858
1.03242
1.04654
1.05823
1.06518
1.0663
1.06233
1.05565
1.04884
1.04318
1.03862
1.03497
1.0327
1.03275
1.03599
1.04283
1.05307
1.06577
1.07935
1.09218
1.10323
1.11227
1.11972
1.12621
1.13235
1.1385
1.14477
1.15114
1.15738
1.1632
1.16809
1.17149
1.17292
1.17215
1.16921
1.16426
1.15732
1.14829
1.13712
1.12396
1.10912
1.09279
1.07501
1.05586
1.03577
1.01582
0.997876
0.984538
0.978451
0.981115
0.992054
1.00894
1.0286
1.04816
1.06564
1.08008
1.09126
1.09934
1.10451
1.10697
1.10701
1.10513
1.10198
1.09834
1.09512
1.09332
1.09382
1.09705
1.10268
1.10986
1.11751
1.12468
1.13071
1.13526
1.13829
1.13999
1.14059
1.14025
1.1388
1.13581
1.13078
1.12358
1.11474
1.10545
1.09701
1.09032
1.08544
1.08167
1.07793
1.07314
1.06666
1.05842
1.04891
1.03901
1.02956
1.02112
1.01365
1.00643
0.998596
0.989741
0.980329
0.971569
0.964864
0.961356
0.961777
0.966588
0.97605
0.990061
1.00787
1.02792
1.0482
1.06671
1.08197
1.09319
1.10021
1.10328
1.10279
1.0991
1.0926
1.0842
1.07583
1.07032
1.06996
1.07486
1.08322
1.09283
1.10222
1.11071
1.11788
1.12341
1.12711
1.12898
1.12917
1.12766
1.12422
1.11846
1.11027
1.10009
1.08912
1.07906
1.07165
1.06829
1.06972
1.07603
1.08652
1.0993
1.11123
1.1191
1.12093
1.11683
1.10867
1.09917
1.09081
1.08506
1.08203
1.08081
1.07986
1.07722
1.07098
1.06019
1.04639
1.03396
1.02709
1.02578
1.02641
1.02586
1.02357
1.0205
1.01788
1.01702
1.01958
1.02738
1.04144
1.06096
1.08314
1.10427
1.12126
1.13268
1.13877
1.1408
1.14008
1.13738
1.13281
1.12613
1.11702
1.10509
1.09015
1.07261
1.05377
1.03579
1.02114
1.01178
1.00846
1.01058
1.0163
1.02353
1.03112
1.03925
1.04869
1.05949
1.07037
1.07925
1.08453
1.08594
1.08459
1.08206
1.07935
1.07663
1.07371
1.07073
1.06854
1.06865
1.0726
1.08093
1.09267
1.10563
1.11751
1.12652
1.13153
1.13196
1.1277
1.11916
1.10705
1.09212
1.07498
1.05624
1.0367
1.0175
0.999974
0.985166
0.973355
0.963869
0.955635
0.948265
0.94299
0.942404
0.948768
0.961952
0.978921
0.99535
1.00775
1.01481
1.01745
1.01796
1.0187
1.02134
1.02663
1.03463
1.0449
1.05628
1.06678
1.07416
1.07683
1.07458
1.06834
1.05968
1.05032
1.04188
1.03538
1.03097
1.02804
1.02585
1.02415
1.02331
1.02398
1.02666
1.0316
1.03874
1.04753
1.05689
1.0656
1.07284
1.07827
1.08196
1.0839
1.08392
1.08152
1.07616
1.06745
1.05529
1.03997
1.02216
1.00287
0.983432
0.965478
0.950766
0.94078
0.936082
0.935915
0.938707
0.94306
0.948554
0.955734
0.965516
0.978472
0.994401
1.01242
1.03135
1.05003
1.06737
1.11223
1.12209
1.12731
1.12803
1.12527
1.12058
1.11555
1.11132
1.10836
1.10645
1.10481
1.10238
1.09811
1.09143
1.08261
1.07284
1.06385
1.05707
1.05283
1.05035
1.04832
1.04586
1.04319
1.04176
1.04349
1.04945
1.05883
1.06922
1.07789
1.08282
1.08308
1.07874
1.07042
1.05913
1.046
1.0326
1.02127
1.01496
1.01614
1.02546
1.04119
1.06016
1.07899
1.09518
1.10728
1.11493
1.11852
1.11893
1.11713
1.11392
1.10971
1.10454
1.0984
1.09163
1.08522
1.08074
1.07984
1.08338
1.09063
1.09927
1.10638
1.10999
1.11049
1.1106
1.11356
1.12044
1.12912
1.13586
1.13767
1.13326
1.12303
1.1086
1.09262
1.07854
1.06989
1.06874
1.07444
1.08395
1.09363
1.1009
1.10467
1.10509
1.10279
1.09843
1.09256
1.08569
1.07861
1.07242
1.06822
1.06651
1.06676
1.06748
1.06691
1.06357
1.0568
1.0468
1.03452
1.02151
1.00992
1.00234
1.00118
1.00798
1.02288
1.04453
1.07075
1.09916
1.12753
1.15386
1.17635
1.19339
1.20397
1.208
1.20662
1.2017
1.19474
1.18599
1.17486
1.16103
1.14498
1.12785
1.11107
1.09618
1.0843
1.07559
1.06912
1.06356
1.05809
1.0529
1.04908
1.04806
1.05097
1.05826
1.0696
1.08392
1.0996
1.11464
1.12705
1.13523
1.13823
1.13572
1.12807
1.11637
1.10251
1.08895
1.0777
1.06929
1.06289
1.05739
1.05227
1.04765
1.04412
1.04263
1.04443
1.05062
1.06165
1.07709
1.09559
1.11472
1.13128
1.14198
1.14452
1.13895
1.12836
1.11797
1.11186
1.11067
1.11302
1.11805
1.12565
1.135
1.1441
1.15048
1.15228
1.14876
1.14047
1.12914
1.11719
1.10728
1.1016
1.10136
1.10629
1.1146
1.12368
1.13092
1.13446
1.13354
1.12851
1.12061
1.11163
1.1035
1.09778
1.09522
1.09567
1.09826
1.10175
1.10485
1.10667
1.10675
1.10506
1.10175
1.09708
1.09146
1.08552
1.08013
1.07628
1.07476
1.07587
1.07909
1.08321
1.08662
1.08781
1.08557
1.07927
1.06917
1.05669
1.04447
1.03581
1.03371
1.0396
1.05275
1.0705
1.08918
1.10537
1.11674
1.12253
1.12335
1.1205
1.11523
1.10859
1.10142
1.09446
1.08825
1.08307
1.07901
1.07633
1.07543
1.07683
1.08068
1.08661
1.09353
1.09983
1.10379
1.10415
1.10072
1.09479
1.08874
1.0849
1.08415
1.08549
1.08678
1.08602
1.08211
1.07506
1.06567
1.05529
1.04574
1.03937
1.03842
1.04388
1.05462
1.06789
1.08067
1.09096
1.09795
1.10173
1.10289
1.10222
1.10059
1.09876
1.09724
1.09612
1.09497
1.09287
1.08885
1.0825
1.07449
1.06652
1.06043
1.05708
1.05583
1.0553
1.05521
1.05805
1.06782
1.08528
1.10541
1.12139
1.1296
1.1305
1.12684
1.12182
1.11773
1.11546
1.11462
1.11397
1.11199
1.10748
1.0999
1.0895
1.07729
1.06465
1.053
1.04367
1.03792
1.03688
1.04128
1.05113
1.06547
1.08244
1.09959
1.11435
1.12463
1.12918
1.12777
1.12126
1.1113
1.09979
1.08807
1.07637
1.06387
1.04944
1.03279
1.01507
0.998639
0.986147
0.979768
0.98098
0.990387
1.00727
1.0294
1.05362
1.07678
1.09649
1.11144
1.12128
1.1265
1.12822
1.1281
1.12815
1.13016
1.13498
1.14221
1.15056
1.1585
1.16466
1.16806
1.16825
1.16539
1.16019
1.15354
1.1461
1.13795
1.12879
1.11861
1.10831
1.09959
1.09396
1.0918
1.09219
1.09325
1.09292
1.08978
1.08361
1.07541
1.06702
1.06051
1.05761
1.05897
1.06332
1.0675
1.06769
1.06113
1.04707
1.02695
1.00376
0.981186
0.96258
0.950028
0.943961
0.943428
0.946902
0.95322
0.962081
0.973844
0.989123
1.00836
1.03168
1.05862
1.08777
1.11681
1.14317
1.1649
1.18099
1.19125
1.19595
1.1954
1.18963
1.17841
1.16164
1.14
1.11549
1.09113
1.06968
1.05248
1.03936
1.02989
1.02436
1.02381
1.02906
1.03976
1.05404
1.06905
1.08222
1.09231
1.09973
1.10568
1.11103
1.11554
1.11822
1.11812
1.11497
1.10929
1.10222
1.09493
1.088
1.08122
1.07395
1.06588
1.05747
1.0498
1.0443
1.04229
1.04456
1.05081
1.05951
1.06834
1.07524
1.07922
1.08071
1.08115
1.08216
1.08479
1.08931
1.09543
1.10273
1.11068
1.11852
1.12519
1.12945
1.13036
1.12765
1.12167
1.11308
1.10259
1.09121
1.08084
1.07429
1.0739
1.0797
1.08913
1.09859
1.10519
1.10738
1.1049
1.09834
1.08886
1.078
1.0675
1.05909
1.05432
1.05416
1.05875
1.06741
1.0788
1.09131
1.10348
1.11429
1.12337
1.13059
1.13563
1.13797
1.13701
1.13233
1.1237
1.1111
1.09482
1.07564
1.05493
1.03468
1.01727
1.00498
0.99943
1.00138
1.01052
1.02545
1.0437
1.06231
1.07848
1.09001
1.09536
1.0969
1.08673
1.07013
1.04888
1.02561
1.00347
0.985318
0.973117
0.967424
0.967517
0.971955
0.979283
0.988515
0.999152
1.01092
1.02355
1.03684
1.05082
1.06553
1.08067
1.09522
1.10768
1.11641
1.11985
1.11669
1.10605
1.08846
1.06708
1.04795
1.03787
1.04044
1.05373
1.07192
1.08891
1.10075
1.10612
1.10563
1.1008
1.09325
1.08414
1.07423
1.06427
1.05545
1.04936
1.04754
1.051
1.05984
1.07318
1.08958
1.10756
1.12583
1.14328
1.15878
1.17105
1.17888
1.18134
1.17796
1.16881
1.15439
1.13538
1.11248
1.08652
1.05862
1.03045
1.00428
0.982661
0.968102
0.962943
0.968998
0.986401
1.01246
1.04215
1.07024
1.09315
1.10937
1.11884
1.12223
1.12057
1.11529
1.10826
1.10157
1.09719
1.09634
1.09896
1.10358
1.10787
1.10976
1.10811
1.10291
1.09502
1.08588
1.07709
1.07021
1.06635
1.06578
1.06795
1.07168
1.07565
1.07903
1.08176
1.08453
1.08835
1.09406
1.10198
1.11175
1.12242
1.13261
1.14067
1.14479
1.14355
1.13688
1.12664
1.11592
1.10739
1.10172
1.09784
1.09435
1.09092
1.08874
1.09013
1.09721
1.11067
1.12928
1.15048
1.17152
1.19019
1.20513
1.21564
1.22149
1.22261
1.21892
1.21014
1.19589
1.17593
1.15064
1.12124
1.08994
1.06001
1.03551
1.02026
1.01576
1.02029
1.03042
1.0429
1.05545
1.0666
1.07538
1.08137
1.08474
1.08627
1.08695
1.08747
1.08794
1.08816
1.08819
1.08862
1.09035
1.09389
1.09905
1.10489
1.11024
1.11415
1.11633
1.11727
1.11768
1.11785
1.11742
1.11575
1.11266
1.10846
1.10363
1.09842
1.09278
1.08653
1.0798
1.07332
1.06839
1.06635
1.06772
1.07146
1.07528
1.07698
1.07597
1.07373
1.07319
1.07707
1.08612
1.09836
1.11049
1.11996
1.12594
1.12903
1.13042
1.13111
1.13156
1.13158
1.13069
1.12853
1.12513
1.12085
1.11621
1.11144
1.10638
1.10058
1.09377
1.08663
1.08148
1.08192
1.09062
1.10671
1.12584
1.14278
1.15376
1.1569
1.15169
1.13864
1.1192
1.09592
1.07253
1.05339
1.04219
1.04048
1.04708
1.05882
1.07208
1.08399
1.09293
1.09843
1.10079
1.10076
1.09924
1.09729
1.09605
1.09661
1.09962
1.10496
1.11167
1.11818
1.1228
1.12417
1.12181
1.11644
1.10986
1.10414
1.10036
1.09815
1.09635
1.09394
1.09031
1.08492
1.07719
1.06678
1.05392
1.0397
1.02605
1.01554
1.01088
1.01393
1.02474
1.0412
1.0598
1.0772
1.09151
1.10252
1.11095
1.11752
1.12233
1.12505
1.12528
1.12316
1.11954
1.11578
1.11313
1.1123
1.1133
1.11573
1.11933
1.12407
1.12991
1.13653
1.14327
1.1494
1.15452
1.15883
1.16313
1.16856
1.17608
1.18596
1.19732
1.20825
1.21644
1.22004
1.21829
1.21174
1.20186
1.19062
1.17984
1.17092
1.16458
1.16074
1.15864
1.15725
1.1558
1.15402
1.15186
1.14916
1.14545
1.14035
1.13395
1.12723
1.12222
1.12148
1.12673
1.13754
1.15128
1.16447
1.17418
1.1785
1.17654
1.1684
1.15523
1.13936
1.12398
1.11242
1.10708
1.10855
1.11538
1.12467
1.13315
1.13847
1.13991
1.13836
1.13553
1.13278
1.13049
1.12808
1.12453
1.11907
1.11165
1.10303
1.09446
1.08725
1.08247
1.08077
1.08241
1.08724
1.09467
1.10363
1.11263
1.11983
1.12329
1.12164
1.11473
1.10392
1.09144
1.07959
1.07002
1.06345
1.05968
1.05787
1.05694
1.0561
1.05519
1.05464
1.05525
1.05773
1.06245
1.06928
1.07766
1.08688
1.09643
1.10616
1.11613
1.12619
1.13553
1.14275
1.14648
1.14637
1.14362
1.14087
1.14103
1.14546
1.15288
1.16001
1.16326
1.16013
1.15002
1.13478
1.11878
1.10732
1.10318
1.10468
1.10766
1.10841
1.10483
1.09622
1.08312
1.06715
1.05063
1.03604
1.02534
1.01964
1.01907
1.02289
1.02972
1.03801
1.04626
1.05316
1.05749
1.05821
1.05497
1.04876
1.04216
1.03827
1.03904
1.04409
1.05134
1.05837
1.0636
1.0666
1.06774
1.0677
1.06699
1.06596
1.06495
1.06446
1.06488
1.06574
1.06547
1.06202
1.05398
1.04144
1.02597
1.01022
0.996911
0.98795
0.983736
0.983297
0.985018
0.987621
0.990694
0.994614
0.999919
1.00666
1.0143
1.02201
1.02919
1.0358
1.04232
1.04941
1.05733
1.0657
1.07342
1.07897
1.08078
1.07762
1.06874
1.05415
1.03475
1.01254
0.990861
0.974255
0.966974
0.970496
0.982578
0.999325
1.01808
1.03811
1.05923
1.08039
1.0996
1.11479
1.12458
1.12857
1.12745
1.12277
1.11651
1.11054
1.10628
1.10462
1.10573
1.10869
1.11162
1.11229
1.10905
1.10133
1.08982
1.07624
1.06274
1.05137
1.0436
1.04003
1.04051
1.04419
1.04975
1.05572
1.06085
1.06422
1.06531
1.06421
