0   3.08285    0
1000   3.08583    0.00297573
2000   3.08484    0.00198382
3000   3.09033    0.00566654
4000   3.08178    0.00960312
5000   3.08899    0.010647
6000   3.09413    0.0103652
7000   3.09952    0.0104707
8000   3.10509    0.0107815
9000   3.11394    0.0130905
10000   3.11945    0.0130621
11000   3.12043    0.0119635
12000   3.11572    0.0119681
13000   3.11508    0.0110986
14000   3.10905    0.0119651
15000   3.11315    0.0119187
16000   3.11676    0.0117648
17000   3.12428    0.013398
18000   3.12996    0.0138906
19000   3.12328    0.0147767
20000   3.12221    0.0140962
21000   3.12402    0.0135617
22000   3.1276    0.0134447
23000   3.12826    0.0128892
24000   3.13374    0.0135237
25000   3.13271    0.0130344
26000   3.12999    0.0128339
27000   3.1221    0.0146691
28000   3.12157    0.014164
29000   3.12148    0.013684
30000   3.12485    0.0136564
31000   3.12543    0.0132355
32000   3.12432    0.0128761
33000   3.12543    0.0125408
34000   3.12701    0.01228
35000   3.12851    0.0120276
36000   3.12825    0.0117009
37000   3.1298    0.0114942
38000   3.13111    0.011272
39000   3.13582    0.0119535
40000   3.13947    0.012216
41000   3.13841    0.011969
42000   3.13643    0.0118532
43000   3.13802    0.0116894
44000   3.13475    0.0118867
45000   3.13687    0.0118173
46000   3.13597    0.0115978
47000   3.13524    0.0113773
48000   3.13405    0.011206
49000   3.13562    0.0110922
50000   3.13367    0.0110464
51000   3.13362    0.010832
52000   3.13726    0.011231
53000   3.1376    0.0110264
54000   3.13749    0.0108247
55000   3.13895    0.0107296
56000   3.13828    0.010561
57000   3.13661    0.0105097
58000   3.13902    0.010607
59000   3.14308    0.0111914
60000   3.1421    0.0110506
61000   3.14398    0.0110322
62000   3.14633    0.0111077
63000   3.14543    0.0109696
64000   3.14588    0.0108089
65000   3.14387    0.0108321
66000   3.14158    0.0109115
67000   3.13961    0.0109291
68000   3.14095    0.0108531
69000   3.14302    0.0108942
70000   3.14176    0.0108135
71000   3.14135    0.0106698
72000   3.1426    0.0105962
73000   3.14187    0.0104772
74000   3.14424    0.0106045
75000   3.14439    0.0104651
76000   3.14562    0.0104009
77000   3.1452    0.0102753
78000   3.14434    0.0101812
79000   3.14364    0.010077
80000   3.14426    0.00997094
81000   3.14373    0.00986286
82000   3.14285    0.00978261
83000   3.14228    0.00968237
84000   3.14117    0.00963238
85000   3.14292    0.00968032
86000   3.1438    0.00960861
87000   3.14466    0.00953747
88000   3.1435    0.00950023
89000   3.14357    0.00939432
90000   3.14284    0.00931934
91000   3.14381    0.00926866
92000   3.14284    0.00921981
93000   3.14421    0.00922409
94000   3.14376    0.00913793
95000   3.14325    0.00905662
96000   3.1422    0.00902355
97000   3.14141    0.00896555
98000   3.1426    0.0089532
99000   3.14317    0.00888178
