1.19039
1.1575
1.10253
1.02723
0.934275
0.827831
0.71361
0.598761
0.491401
0.399585
0.329985
0.286625
0.270145
0.277891
0.304751
0.344361
0.390328
0.437082
0.480344
0.51724
0.546219
0.566841
0.579531
0.5853
0.585613
0.582118
0.576501
0.570371
0.565175
0.562009
0.561593
0.564255
0.569938
0.578313
0.588709
0.600405
0.612652
0.624758
0.636136
0.646278
0.654835
0.661476
0.665893
0.667863
0.667157
0.663648
0.657322
0.648469
0.637748
0.626171
0.61503
0.605698
0.599443
0.597264
0.599652
0.606478
0.61699
0.630058
0.644248
0.658069
0.670137
0.679387
0.68507
0.686816
0.684587
0.678754
0.66999
0.659229
0.647473
0.635654
0.624439
0.614147
0.604845
0.596432
0.588881
0.582404
0.577498
0.574844
0.575035
0.578192
0.583787
0.590677
0.597538
0.603419
0.607993
0.611483
0.614379
0.617098
0.619679
0.621834
0.622985
0.622584
0.620288
0.616042
0.610147
0.60307
0.595352
0.587464
0.579884
0.573032
0.567324
0.563154
0.560966
0.561096
0.563716
0.56878
0.57601
0.584881
0.594773
0.605037
0.615076
0.624475
0.633018
0.640582
0.647049
0.652279
0.656052
0.658137
0.658351
0.656559
0.65281
0.647427
0.640833
0.633649
0.626488
0.619947
0.614423
0.610088
0.606906
0.604699
0.603164
0.601972
0.600825
0.599597
0.598312
0.597234
0.596836
0.597662
0.600131
0.604432
0.610334
0.617145
0.623908
0.629525
0.633046
0.633834
0.631741
0.627149
0.620777
0.613569
0.606411
0.599824
0.594009
0.588756
0.583608
0.578173
0.572335
0.566378
0.560992
0.557174
0.55595
0.558099
0.563996
0.573532
0.586123
0.600867
0.61674
0.632705
0.647881
0.661585
0.67329
0.682708
0.689646
0.693984
0.695602
0.694534
0.690859
0.684783
0.676589
0.66662
0.655239
0.642702
0.629222
0.615027
0.600417
0.585868
0.571997
0.559527
0.549125
0.541315
0.536371
0.534289
0.534853
0.537693
0.542429
0.548717
0.556247
0.564752
0.573994
0.583739
0.593698
0.603617
0.613249
0.622394
0.63103
0.639195
0.647
0.654533
0.661825
0.668764
0.675073
0.680334
0.684121
0.685978
0.685596
0.682673
0.67702
0.668611
0.657678
0.644813
0.630777
0.616459
0.60275
0.590372
0.579874
0.571643
0.566026
0.563428
0.564123
0.568075
0.574924
0.583934
0.594121
0.604491
0.614077
0.622066
0.62784
0.630956
0.631252
0.628828
0.624019
0.617345
0.609558
0.601458
0.59382
0.587235
0.582196
0.579059
0.578127
0.579617
0.583597
0.589988
0.59847
0.608389
0.61899
0.629512
0.639274
0.647779
0.654819
0.660423
0.664644
0.667559
0.669151
0.66928
0.667672
0.664056
0.658293
0.650517
0.641078
0.630602
0.619859
0.609549
0.600239
0.592284
0.58578
0.580551
0.576382
0.573034
0.570299
0.568205
0.566971
0.566953
0.568595
0.572258
0.578118
0.586011
0.595372
0.60541
0.615112
0.623413
0.629387
0.632479
0.632578
0.630122
0.625949
0.621035
0.616308
0.612404
0.609616
0.607926
0.607176
0.607137
0.607582
0.608325
0.609274
0.610448
0.611909
0.613731
0.61593
0.618444
0.6211
0.6235
0.625129
0.625415
0.623899
0.620279
0.614617
0.607441
0.599593
0.592153
0.586199
0.582577
0.581729
0.583681
0.587964
0.593792
0.600115
0.605905
0.610367
0.613069
0.614088
0.613917
0.613299
0.612988
0.613556
0.615259
0.61815
0.622058
0.626663
0.631513
0.636071
0.639739
0.641889
0.641909
0.639407
0.634344
0.627022
0.618194
0.608923
0.600508
0.594182
0.590918
0.591172
0.594834
0.60128
0.609443
0.618067
0.625891
0.631856
0.635155
0.635389
0.632551
0.627001
0.619306
0.61022
0.600427
0.590563
0.58122
0.572995
0.566598
0.562791
0.562259
0.565469
0.572536
0.583163
0.596638
0.611991
0.628034
0.643465
0.657029
0.667662
0.67456
0.677249
0.675661
0.670143
0.661445
0.650617
0.638862
0.627354
0.617059
0.608686
0.602643
0.598974
0.597483
0.597693
0.598961
0.600448
0.601283
0.600793
0.598621
0.594817
0.589758
0.584107
0.578623
0.573962
0.570666
0.569059
0.569306
0.571503
0.575652
0.581714
0.589493
0.598695
0.608929
0.619648
0.630234
0.639981
0.648186
0.654336
0.658038
0.65918
0.657882
0.654479
0.649514
0.643586
0.637375
0.631523
0.626567
0.622762
0.620163
0.618613
0.617718
0.616954
0.615703
0.613423
0.609719
0.604539
0.598097
0.590919
0.583872
0.577998
0.574317
0.573581
0.576088
0.581495
0.588927
0.59706
0.60456
0.610447
0.6143
0.61641
0.617677
0.619267
0.622171
0.626721
0.632565
0.638844
0.644568
0.649035
0.65189
0.653008
0.652515
0.650586
0.647329
0.642927
0.637649
0.631792
0.625822
0.620021
0.614599
0.609649
0.605259
0.601567
0.598786
0.597275
0.597497
0.599857
0.604565
0.611593
0.620506
0.630566
0.640739
0.649782
0.656597
0.660082
0.659427
0.654189
0.644411
0.63062
0.613799
0.595395
0.577175
0.56095
0.548414
0.540876
0.539148
0.543347
0.552782
0.566064
0.581282
1.21105
1.20642
1.1826
1.14099
1.08531
1.02143
0.956517
0.897735
0.850682
0.818318
0.800874
0.796346
0.801366
0.812262
0.825695
0.839144
0.851083
0.86095
0.86881
0.875079
0.880255
0.884589
0.888213
0.891148
0.893609
0.896108
0.899371
0.904223
0.911318
0.920907
0.93274
0.946203
0.960682
0.975671
0.990654
1.00505
1.01807
1.02858
1.03542
1.03759
1.03471
1.02705
1.01547
1.00111
0.98498
0.967693
0.94941
0.930016
0.909361
0.88762
0.865426
0.843895
0.824539
0.809015
0.798852
0.795074
0.798162
0.807978
0.823871
0.844778
0.869411
0.896341
0.924071
0.95113
0.976137
0.997984
1.01582
1.02906
1.03745
1.04095
1.03972
1.03384
1.02345
1.00864
0.98965
0.967108
0.942123
0.916409
0.892037
0.870938
0.85459
0.843893
0.839395
0.841392
0.849713
0.863425
0.880663
0.89915
0.916763
0.931913
0.943652
0.951628
0.955699
0.955905
0.952535
0.946126
0.937659
0.928736
0.921335
0.917384
0.918228
0.924234
0.934791
0.948388
0.962975
0.97626
0.986105
0.991117
0.990933
0.986204
0.978276
0.968759
0.959209
0.950695
0.943777
0.938382
0.933748
0.928655
0.921929
0.91297
0.902125
0.890696
0.880576
0.873646
0.871233
0.873939
0.881489
0.892802
0.906221
0.91971
0.931015
0.938111
0.939717
0.935736
0.927564
0.917827
0.909679
0.905777
0.907598
0.915177
0.927257
0.941719
0.956111
0.968138
0.976037
0.978997
0.977222
0.972077
0.965698
0.960535
0.958587
0.960781
0.966706
0.97479
0.982764
0.988421
0.99013
0.98718
0.979996
0.969915
0.958729
0.948198
0.939469
0.93301
0.928775
0.92659
0.926195
0.927178
0.928816
0.930353
0.931114
0.930732
0.929262
0.927211
0.925193
0.92365
0.922575
0.921616
0.920405
0.919042
0.91819
0.918902
0.922064
0.92806
0.936684
0.947193
0.958525
0.969449
0.978636
0.984822
0.987012
0.984503
0.976874
0.963876
0.945469
0.922212
0.89557
0.86815
0.843517
0.825434
0.816791
0.819018
0.831936
0.853929
0.882534
0.914836
0.947788
0.978458
1.00424
1.02314
1.03396
1.03645
1.03115
1.01916
1.00193
0.981112
0.958684
0.93685
0.91775
0.902983
0.893279
0.888413
0.887571
0.889848
0.894683
0.901822
0.911092
0.922114
0.934234
0.946507
0.957838
0.967067
0.973153
0.975428
0.973655
0.968207
0.95999
0.950374
0.940804
0.932436
0.925866
0.92088
0.916898
0.913143
0.909071
0.904591
0.900119
0.896521
0.894941
0.89627
0.900715
0.907542
0.915221
0.922017
0.926484
0.927807
0.925943
0.921432
0.915187
0.908444
0.90264
0.899468
0.900603
0.907168
0.919282
0.935855
0.954808
0.973595
0.989889
1.00185
1.00828
1.00866
1.00317
0.992693
0.978714
0.963171
0.948194
0.93581
0.927507
0.924041
0.9252
0.929788
0.935931
0.941605
0.945338
0.946457
0.945266
0.942715
0.939856
0.937378
0.935453
0.933693
0.931407
0.927808
0.922412
0.915361
0.907367
0.899715
0.89385
0.890739
0.890479
0.892397
0.895756
0.900346
0.906389
0.913865
0.922186
0.930538
0.938474
0.946067
0.953747
0.961772
0.969985
0.97764
0.983663
0.987072
0.987153
0.983682
0.97708
0.968364
0.958907
0.950142
0.943208
0.9385
0.935637
0.933536
0.930952
0.927147
0.92219
0.917064
0.913438
0.91286
0.916097
0.922961
0.932264
0.942275
0.951215
0.957457
0.959788
0.957601
0.950864
0.940225
0.926978
0.912774
0.899307
0.888119
0.880737
0.878564
0.882365
0.891632
0.904648
0.91912
0.933132
0.945366
0.954966
0.961347
0.964128
0.963134
0.958517
0.950754
0.940684
0.929286
0.917811
0.907651
0.900146
0.896328
0.896812
0.901757
0.910745
0.922893
0.93696
0.951374
0.964405
0.974284
0.979561
0.979436
0.974076
0.964844
0.954004
0.94405
0.936829
0.932863
0.931395
0.930997
0.930384
0.928939
0.926526
0.923446
0.92008
0.916721
0.913669
0.911455
0.910911
0.9129
0.917861
0.925532
0.934906
0.944644
0.953587
0.961156
0.967414
0.972776
0.977556
0.981512
0.983699
0.982985
0.978663
0.97097
0.961115
0.950677
0.940995
0.932654
0.925512
0.919001
0.91256
0.90587
0.898959
0.892163
0.885997
0.88113
0.878179
0.877659
0.880079
0.885931
0.895706
0.909667
0.927558
0.948393
0.970426
0.991535
1.00972
1.02356
1.03234
1.03604
1.03502
1.02996
1.02151
1.01018
0.996359
0.980336
0.962512
0.943599
0.924814
0.907726
0.894025
0.885007
0.881325
0.88266
0.887942
0.895648
0.904167
0.912118
0.91844
0.922594
0.924691
0.925301
0.925243
0.925144
0.925046
0.924381
0.922424
0.918731
0.9135
0.907429
0.901412
0.896233
0.892326
0.890022
0.889713
0.892046
0.897434
0.905486
0.914826
0.923362
0.928944
0.930077
0.926369
0.918467
0.907838
0.896274
0.885568
0.877258
0.872515
0.87203
0.876009
0.884189
0.895985
0.910464
0.926601
0.943516
0.960728
0.978072
0.995468
1.01244
1.02797
1.0406
1.04873
1.05123
1.04766
1.03843
1.18358
1.15976
1.1322
1.10292
1.07323
1.04356
1.01373
0.98349
0.952957
0.923086
0.896013
0.874725
0.862355
0.861334
0.872541
0.895058
0.926593
0.964011
1.00405
1.04352
1.07963
1.11014
1.13321
1.1476
1.15271
1.14865
1.13629
1.11718
1.09352
1.06786
1.04305
1.02152
1.00471
0.99256
0.983646
0.975834
0.967314
0.957558
0.947833
0.941147
0.941359
0.951283
0.970881
0.997076
1.02543
1.05213
1.07494
1.09299
1.10609
1.11421
1.11725
1.11515
1.10793
1.09596
1.07993
1.06087
1.04013
1.01928
0.999946
0.98329
0.969758
0.958828
0.949404
0.940535
0.932122
0.925116
0.921385
0.923009
0.93132
0.946361
0.96698
0.991524
1.01842
1.04652
1.07484
1.10226
1.12754
1.14934
1.16632
1.17739
1.18164
1.17841
1.16755
1.14959
1.1258
1.09811
1.06882
1.04015
1.01402
0.99178
0.974418
0.962475
0.956104
0.955177
0.959226
0.967383
0.978528
0.99135
1.00431
1.01569
1.02374
1.02688
1.024
1.01479
0.999911
0.980935
0.960224
0.940549
0.924785
0.915563
0.914803
0.923514
0.941546
0.967664
0.999637
1.03447
1.06871
1.0988
1.12157
1.13465
1.13688
1.12852
1.11109
1.08715
1.06001
1.03326
1.01036
0.993989
0.985606
0.985265
0.991886
1.0036
1.01804
1.0327
1.0452
1.0535
1.05632
1.05325
1.04471
1.03197
1.0169
1.00186
0.989392
0.981609
0.979705
0.983447
0.991328
1.00142
1.01213
1.02272
1.03307
1.04321
1.0529
1.0616
1.06856
1.07322
1.07521
1.07462
1.07198
1.06813
1.06395
1.06033
1.05808
1.05768
1.05896
1.06112
1.06247
1.06085
1.054
1.04056
1.02054
0.995483
0.968361
0.942851
0.922333
0.909236
0.904816
0.909218
0.921637
0.940634
0.964272
0.99041
1.0171
1.0426
1.06541
1.08419
1.09801
1.10663
1.11054
1.11055
1.10756
1.1024
1.09573
1.08816
1.08045
1.07342
1.06785
1.0642
1.06244
1.06195
1.06168
1.06063
1.05808
1.05402
1.04859
1.04192
1.0336
1.02296
1.00961
0.993759
0.976478
0.959359
0.944049
0.931848
0.923566
0.919503
0.919548
0.923211
0.929846
0.938625
0.94863
0.958813
0.968122
0.97564
0.980886
0.984029
0.986008
0.9884
0.993175
1.00207
1.01601
1.03474
1.05662
1.07906
1.09916
1.11444
1.12345
1.12605
1.12328
1.11693
1.10911
1.10155
1.09524
1.09033
1.08631
1.0824
1.07798
1.07268
1.06634
1.05904
1.05094
1.04252
1.03455
1.02792
1.0232
1.02036
1.01859
1.01638
1.01219
1.0049
0.994172
0.980582
0.965389
0.950192
0.936554
0.925803
0.91892
0.91648
0.91857
0.924767
0.934248
0.946014
0.959336
0.973966
0.990167
1.00838
1.02878
1.05091
1.07333
1.094
1.11061
1.12111
1.12422
1.1196
1.10803
1.09129
1.07192
1.05298
1.03759
1.02812
1.02532
1.02814
1.03416
1.04042
1.04449
1.04516
1.04245
1.03716
1.03035
1.02281
1.01513
1.00782
1.00167
0.997492
0.995904
0.997009
1.00017
1.00427
1.00808
1.01059
1.01108
1.0092
1.00475
0.997774
0.988539
0.977765
0.966614
0.956609
0.949327
0.946082
0.947492
0.953616
0.964005
0.977771
0.993476
1.00912
1.0228
1.03331
1.0407
1.04596
1.05051
1.05545
1.06126
1.06767
1.07377
1.07836
1.08037
1.07931
1.07571
1.07103
1.06708
1.06518
1.06557
1.06741
1.06925
1.07012
1.06983
1.06904
1.06855
1.06883
1.06973
1.07071
1.07115
1.0707
1.06948
1.06809
1.06747
1.06835
1.07072
1.07357
1.07504
1.0729
1.0654
1.05185
1.0329
1.01012
0.98577
0.962291
0.94204
0.926932
0.918287
0.916721
0.921946
0.932866
0.947752
0.964499
0.980932
0.995006
1.00502
1.00998
1.00981
1.00553
0.998965
0.99252
0.988434
0.988245
0.992457
1.00054
1.01125
1.02313
1.03492
1.0458
1.05524
1.06283
1.06817
1.07084
1.0709
1.06912
1.06694
1.06603
1.06754
1.07142
1.07632
1.0802
1.08118
1.07797
1.07028
1.05881
1.04507
1.03098
1.01842
1.00879
1.00268
0.999753
0.998806
0.998232
0.99652
0.992961
0.988062
0.983383
0.981012
0.982587
0.988639
0.998484
1.0105
1.02273
1.03328
1.04091
1.04507
1.04599
1.04456
1.04207
1.03978
1.03846
1.03793
1.03728
1.0354
1.03196
1.02789
1.02487
1.02413
1.02561
1.0281
1.03007
1.03026
1.02814
1.0237
1.01723
1.00913
0.999869
0.990102
0.980814
0.973515
0.970114
0.972458
0.981552
0.996689
1.01509
1.03246
1.04441
1.04818
1.04356
1.03291
1.02047
1.01067
1.00674
1.00957
1.01793
1.02967
1.04277
1.05587
1.06825
1.07971
1.09009
1.09887
1.10516
1.10767
1.1049
1.09562
1.07901
1.05483
1.02362
0.986879
0.947411
0.909406
0.878173
0.859158
0.85605
0.869329
0.896271
0.931931
0.97061
1.00694
1.03656
1.0564
1.06504
1.06281
1.05172
1.03514
1.01742
1.18289
1.1672
1.15829
1.15831
1.16794
1.18611
1.2099
1.23489
1.25594
1.26867
1.2705
1.26105
1.24185
1.21574
1.18605
1.15608
1.12868
1.10589
1.08867
1.07677
1.06888
1.06322
1.05806
1.05226
1.04539
1.03778
1.0301
1.02304
1.01705
1.01253
1.00976
1.00928
1.01201
1.01919
1.03203
1.05105
1.07552
1.10325
1.131
1.15521
1.17292
1.18247
1.1837
1.17794
1.16776
1.15623
1.14628
1.1398
1.13702
1.13672
1.13677
1.13522
1.13101
1.12432
1.11614
1.10787
1.10104
1.09701
1.0968
1.10091
1.10902
1.11985
1.13131
1.1412
1.14783
1.1504
1.1489
1.14382
1.13573
1.12528
1.11334
1.10147
1.09191
1.08714
1.08919
1.09877
1.11537
1.13752
1.16325
1.19019
1.2157
1.23679
1.25043
1.25437
1.24771
1.23128
1.20781
1.18144
1.15658
1.13661
1.1227
1.11389
1.1079
1.10262
1.09693
1.09049
1.08322
1.07519
1.06689
1.05934
1.05353
1.05009
1.04883
1.04903
1.04996
1.05151
1.05441
1.05985
1.06872
1.08082
1.0948
1.10859
1.12019
1.12856
1.13393
1.13753
1.14097
1.14541
1.15128
1.15817
1.16512
1.17072
1.17362
1.17295
1.1687
1.16175
1.15366
1.14603
1.13997
1.13571
1.13274
1.13034
1.12834
1.12733
1.12843
1.13251
1.13964
1.14874
1.15802
1.16564
1.17011
1.17057
1.1667
1.15895
1.14824
1.13603
1.12388
1.11329
1.10541
1.10102
1.10039
1.10299
1.10756
1.11251
1.11667
1.11973
1.12232
1.12559
1.13041
1.13689
1.14412
1.1504
1.15351
1.15144
1.14284
1.12758
1.10747
1.08647
1.07014
1.06361
1.06891
1.08395
1.10388
1.12353
1.13886
1.1474
1.14835
1.14235
1.13123
1.11766
1.10464
1.09478
1.08926
1.08766
1.08846
1.08981
1.09047
1.09004
1.08879
1.08722
1.08579
1.08476
1.08445
1.08537
1.0886
1.09538
1.10654
1.12203
1.14094
1.16183
1.18304
1.20273
1.21925
1.23117
1.23745
1.2374
1.23079
1.2178
1.199
1.17546
1.14893
1.12168
1.09639
1.07583
1.06238
1.05764
1.0622
1.07541
1.09525
1.1185
1.14142
1.16044
1.17307
1.17815
1.17573
1.16663
1.1521
1.13353
1.11268
1.09158
1.07254
1.05773
1.04874
1.04639
1.05043
1.0595
1.07125
1.08297
1.09219
1.09726
1.09775
1.09449
1.08905
1.08316
1.07833
1.07559
1.07566
1.07887
1.085
1.09307
1.10135
1.10786
1.11094
1.10976
1.10476
1.09761
1.09106
1.08814
1.09126
1.10137
1.11751
1.13688
1.15557
1.16964
1.17626
1.17441
1.16492
1.15019
1.13347
1.11795
1.10583
1.09782
1.09312
1.09038
1.08867
1.08822
1.09031
1.09636
1.10707
1.12179
1.13858
1.15501
1.16883
1.17853
1.18343
1.1835
1.179
1.17036
1.15803
1.14265
1.12534
1.10784
1.09254
1.08197
1.0779
1.08072
1.08902
1.10036
1.11196
1.12098
1.125
1.12244
1.11314
1.09854
1.08135
1.06476
1.05151
1.04364
1.04216
1.04736
1.05902
1.07663
1.09936
1.12589
1.15403
1.18068
1.20267
1.21781
1.22538
1.22582
1.22028
1.21034
1.1978
1.1842
1.17028
1.15579
1.13982
1.12172
1.10169
1.08117
1.06273
1.04935
1.04347
1.04594
1.05566
1.07003
1.08595
1.10083
1.11313
1.12211
1.12765
1.12991
1.12922
1.12604
1.12093
1.11452
1.10759
1.10112
1.0966
1.09623
1.10233
1.11641
1.1379
1.16383
1.18958
1.2103
1.22239
1.22426
1.21652
1.20151
1.18247
1.16259
1.14437
1.12913
1.11718
1.10804
1.10093
1.09494
1.08934
1.08367
1.07774
1.07178
1.06625
1.06195
1.05973
1.06021
1.06337
1.06842
1.07403
1.07902
1.08322
1.08746
1.09309
1.10124
1.11209
1.12511
1.13978
1.15597
1.17381
1.19302
1.21222
1.22907
1.24091
1.24577
1.24313
1.23398
1.22068
1.2064
1.1941
1.18565
1.18124
1.17961
1.17869
1.17649
1.17151
1.16293
1.15075
1.13579
1.11978
1.10518
1.0945
1.08941
1.0901
1.0952
1.10263
1.11027
1.1168
1.12187
1.12582
1.12933
1.1329
1.13625
1.13842
1.13795
1.13319
1.12286
1.10619
1.08315
1.05459
1.02225
0.988704
0.957294
0.931865
0.916058
0.912513
0.922238
0.944318
0.976227
1.0144
1.05483
1.09359
1.12727
1.15328
1.17009
1.17742
1.17633
1.16912
1.15885
1.14861
1.14089
1.13729
1.13822
1.14299
1.1502
1.15846
1.16684
1.17512
1.18339
1.19126
1.19748
1.20025
1.19813
1.19085
1.17962
1.16638
1.15281
1.1396
1.12638
1.11241
1.0974
1.08192
1.06738
1.05561
1.0485
1.04776
1.0545
1.06878
1.089
1.11227
1.13536
1.15558
1.1714
1.18255
1.18958
1.19326
1.19405
1.19195
1.18664
1.17809
1.1668
1.15356
1.13906
1.12353
1.10706
1.09018
1.07404
1.06033
1.0507
1.0462
1.04705
1.20211
1.20387
1.20396
1.20175
1.197
1.18965
1.17999
1.16859
1.15639
1.14457
1.13428
1.12651
1.12173
1.11974
1.12007
1.12229
1.12648
1.13353
1.14474
1.161
1.18147
1.20336
1.22296
1.23747
1.24577
1.24864
1.24817
1.24696
1.24746
1.25148
1.25973
1.27153
1.28463
1.29592
1.30228
1.30169
1.29359
1.27896
1.25964
1.23775
1.21546
1.19489
1.1777
1.16476
1.15579
1.14959
1.14455
1.13951
1.1339
1.12778
1.12178
1.11685
1.11425
1.11525
1.12078
1.13122
1.14626
1.16482
1.18502
1.20416
1.21932
1.22825
1.23003
1.22547
1.2167
1.20668
1.19824
1.19317
1.19226
1.19592
1.20485
1.21975
1.24061
1.26599
1.29278
1.31716
1.33563
1.34578
1.34666
1.33865
1.32337
1.30335
1.28134
1.25987
1.24072
1.22474
1.21194
1.20177
1.19347
1.18624
1.1793
1.17186
1.16328
1.15316
1.14147
1.12857
1.11512
1.1019
1.08968
1.07926
1.07145
1.06681
1.06568
1.06813
1.07423
1.08436
1.09892
1.11783
1.14022
1.16488
1.19102
1.21847
1.24714
1.27613
1.30315
1.32511
1.33891
1.34267
1.33625
1.32138
1.30125
1.27979
1.26085
1.24738
1.24092
1.24114
1.24559
1.25032
1.25103
1.24445
1.22942
1.20692
1.17973
1.15156
1.12601
1.1059
1.09267
1.08642
1.08642
1.09184
1.10208
1.11686
1.13579
1.15797
1.18186
1.20555
1.22723
1.24558
1.26011
1.27092
1.27845
1.2831
1.28502
1.284
1.27977
1.27219
1.26127
1.24708
1.22989
1.21028
1.18939
1.16873
1.14986
1.13412
1.1222
1.11433
1.11026
1.10945
1.11144
1.11603
1.12335
1.13343
1.14594
1.15985
1.17342
1.18472
1.19205
1.1947
1.19344
1.19051
1.18902
1.19197
1.20099
1.21574
1.23394
1.25238
1.26803
1.27889
1.284
1.28309
1.27655
1.26574
1.25311
1.24187
1.23494
1.23413
1.24013
1.25248
1.26927
1.28719
1.30214
1.31024
1.3089
1.29724
1.27607
1.24762
1.2152
1.18283
1.15481
1.13522
1.12715
1.13146
1.14565
1.16417
1.18014
1.188
1.18523
1.17247
1.15275
1.13015
1.1088
1.09219
1.08291
1.08245
1.09105
1.1079
1.13112
1.15825
1.18662
1.21363
1.23695
1.25473
1.26553
1.26873
1.26457
1.25418
1.23963
1.22379
1.20971
1.20019
1.19711
1.20075
1.2095
1.22013
1.22871
1.23203
1.22912
1.22198
1.21471
1.21121
1.21345
1.2209
1.23155
1.24319
1.2541
1.2631
1.26939
1.27216
1.27061
1.26428
1.25327
1.2382
1.22017
1.20055
1.18077
1.16214
1.14587
1.13283
1.12359
1.11815
1.11617
1.11723
1.12122
1.12843
1.13957
1.15528
1.17536
1.19837
1.22173
1.24226
1.25723
1.26494
1.26523
1.25908
1.24839
1.23541
1.22244
1.21152
1.20401
1.2001
1.199
1.19927
1.19953
1.19881
1.19693
1.19409
1.19029
1.18483
1.1766
1.16492
1.15009
1.13348
1.11739
1.10465
1.09821
1.10044
1.11254
1.13396
1.16226
1.19368
1.22398
1.24917
1.26653
1.27501
1.27535
1.2698
1.26149
1.25357
1.24849
1.24745
1.25042
1.25635
1.26362
1.27022
1.2742
1.27383
1.26798
1.25653
1.24051
1.2221
1.20402
1.18893
1.17848
1.17295
1.17151
1.17323
1.17784
1.18562
1.19667
1.20967
1.22182
1.22999
1.23221
1.22824
1.21905
1.20596
1.19011
1.17235
1.15367
1.13536
1.11922
1.10737
1.10186
1.10415
1.1145
1.13191
1.15443
1.1797
1.20518
1.22835
1.24675
1.25834
1.26196
1.2577
1.24692
1.23196
1.21532
1.19876
1.18294
1.16761
1.15214
1.13622
1.12018
1.10511
1.09259
1.08432
1.08175
1.08583
1.09694
1.11478
1.13825
1.16526
1.19291
1.21808
1.23862
1.25411
1.26581
1.27589
1.28593
1.29613
1.30522
1.31112
1.31192
1.30684
1.29671
1.28356
1.27011
1.25904
1.25237
1.25085
1.25354
1.25799
1.261
1.25948
1.25103
1.23487
1.21209
1.18563
1.15947
1.13721
1.12074
1.10995
1.10345
1.09949
1.09657
1.0935
1.08972
1.08573
1.08329
1.0847
1.0914
1.10306
1.11782
1.1334
1.14803
1.16075
1.17151
1.1811
1.19101
1.20306
1.21848
1.23694
1.25658
1.27495
1.29005
1.30089
1.30748
1.3105
1.31088
1.30955
1.30713
1.30375
1.29917
1.29272
1.28345
1.27045
1.25325
1.23219
1.20869
1.18521
1.16495
1.15108
1.14577
1.14958
1.16111
1.17746
1.19468
1.20873
1.21634
1.21619
1.20941
1.19891
1.18769
1.1773
1.1679
1.15922
1.15177
1.14669
1.14575
1.15081
1.16351
1.18466
1.21292
1.24427
1.27298
1.29354
1.30269
1.29989
1.28726
1.26868
1.24882
1.23187
1.22037
1.21472
1.21333
1.21358
1.21293
1.20963
1.20314
1.19401
1.18372
1.17435
1.16767
1.16438
1.16366
1.16382
1.16357
1.163
1.16365
1.16733
1.20526
1.21374
1.22321
1.23198
1.23884
1.24309
1.24421
1.24164
1.23505
1.22489
1.21249
1.19993
1.18925
1.18183
1.17818
1.17779
1.17957
1.18227
1.18486
1.18713
1.18954
1.19287
1.19759
1.20335
1.2094
1.21511
1.22058
1.22656
1.23378
1.24233
1.25136
1.25934
1.2646
1.2662
1.26431
1.26013
1.25537
1.25173
1.25019
1.25072
1.25203
1.25209
1.24865
1.24031
1.22717
1.21063
1.19349
1.17916
1.17082
1.17046
1.1782
1.1922
1.20947
1.2271
1.24329
1.25756
1.26996
1.28042
1.28818
1.29187
1.29029
1.28283
1.26945
1.25083
1.22826
1.20374
1.18044
1.16219
1.15256
1.1534
1.16404
1.18151
1.20161
1.22007
1.2335
1.23975
1.23783
1.22806
1.21202
1.19235
1.17243
1.15565
1.14445
1.13987
1.14133
1.14731
1.15602
1.16588
1.17574
1.18476
1.19218
1.19745
1.20065
1.20253
1.20464
1.20885
1.2167
1.22895
1.24539
1.26478
1.2852
1.30445
1.32012
1.32987
1.33177
1.32443
1.30754
1.28199
1.24991
1.2146
1.18012
1.15099
1.13128
1.1235
1.12788
1.1424
1.16378
1.18828
1.21243
1.23344
1.24962
1.26064
1.26734
1.27103
1.27279
1.27307
1.27196
1.26952
1.26631
1.26326
1.26084
1.25856
1.25487
1.24805
1.2367
1.22014
1.19859
1.17337
1.14678
1.12188
1.10185
1.08922
1.0856
1.09144
1.1062
1.12882
1.158
1.19218
1.22937
1.26729
1.30348
1.33565
1.36213
1.3821
1.3952
1.40105
1.39888
1.38782
1.3676
1.33918
1.30506
1.26923
1.23649
1.21125
1.19624
1.19166
1.19527
1.20338
1.21211
1.21846
1.22081
1.21859
1.21199
1.20153
1.18789
1.17221
1.15638
1.14271
1.13307
1.12828
1.1277
1.12961
1.13202
1.13334
1.13307
1.1322
1.13307
1.13865
1.15099
1.17037
1.19529
1.22318
1.25126
1.27697
1.29809
1.31289
1.32044
1.32049
1.31329
1.29951
1.28044
1.25832
1.2363
1.21796
1.20605
1.20201
1.20574
1.21595
1.23036
1.24617
1.26081
1.27242
1.28009
1.28355
1.28262
1.27685
1.2655
1.24782
1.22369
1.19424
1.16253
1.13348
1.11259
1.10398
1.10881
1.125
1.1483
1.17375
1.19693
1.2145
1.2249
1.22841
1.22687
1.22285
1.2185
1.21514
1.21304
1.21191
1.21119
1.21024
1.20864
1.2064
1.20415
1.20308
1.20467
1.20985
1.21855
1.22951
1.24065
1.24977
1.2552
1.25587
1.25139
1.2417
1.22728
1.20921
1.1897
1.17218
1.16096
1.15987
1.17072
1.19206
1.21976
1.24891
1.27585
1.29901
1.31828
1.33354
1.34354
1.346
1.33856
1.31993
1.2907
1.2536
1.21307
1.17475
1.14401
1.12442
1.11682
1.11946
1.12898
1.14157
1.15381
1.16315
1.16824
1.1689
1.16595
1.1611
1.15655
1.15456
1.15719
1.16555
1.17949
1.19748
1.21677
1.23401
1.24604
1.25075
1.24759
1.23768
1.22358
1.2085
1.19542
1.18611
1.18065
1.17753
1.17474
1.17082
1.16577
1.16086
1.15756
1.15652
1.15758
1.16029
1.16446
1.17022
1.17783
1.18763
1.20011
1.21589
1.23574
1.25986
1.28725
1.31515
1.33913
1.35414
1.35563
1.34099
1.31077
1.26927
1.22409
1.18433
1.15793
1.1492
1.15793
1.18003
1.20934
1.2395
1.26539
1.28383
1.29355
1.2947
1.28831
1.27576
1.25868
1.2389
1.21853
1.20001
1.18571
1.17728
1.17496
1.17741
1.18249
1.18766
1.19089
1.19126
1.18948
1.1878
1.18927
1.19638
1.21021
1.2299
1.25297
1.27569
1.29397
1.30438
1.30487
1.29537
1.27776
1.25508
1.23057
1.20654
1.18377
1.16181
1.13986
1.11762
1.09589
1.07673
1.06294
1.05744
1.06224
1.07754
1.10174
1.13217
1.16604
1.2009
1.23477
1.26583
1.29236
1.31317
1.3277
1.33598
1.33804
1.33341
1.32143
1.30187
1.27593
1.2469
1.22004
1.2015
1.19623
1.20562
1.22692
1.2544
1.28187
1.30497
1.32217
1.33436
1.34363
1.35188
1.35984
1.36707
1.37229
1.37384
1.36997
1.35898
1.33951
1.31074
1.2728
1.22725
1.17745
1.12855
1.0865
1.05624
1.04006
1.03717
1.04507
1.06076
1.08139
1.10457
1.1284
1.15175
1.17419
1.19566
1.21592
1.23419
1.24913
1.25917
1.26305
1.26016
1.25041
1.23403
1.21158
1.18441
1.15522
1.12805
1.10763
1.09808
1.10145
1.11713
1.14226
1.17277
1.20465
1.23459
1.26021
1.27961
1.29118
1.29374
1.28701
1.27186
1.25063
1.22691
1.20506
1.1892
1.18172
1.18257
1.18952
1.19969
1.21093
1.22233
1.23405
1.24694
1.26188
1.27908
1.2974
1.31409
1.32572
1.3294
1.32373
1.3091
1.28741
1.26165
1.23531
1.21137
1.192
1.17854
1.17195
1.17279
1.18076
1.19457
1.21188
1.22988
1.24576
1.25737
1.26376
1.26523
1.26311
1.25912
1.25466
1.25022
1.19466
1.18939
1.18415
1.17878
1.17385
1.17055
1.17027
1.17385
1.18098
1.19
1.19827
1.20287
1.2015
1.193
1.17762
1.15703
1.13398
1.11207
1.09514
1.08648
1.08795
1.09934
1.11834
1.14125
1.16409
1.1836
1.19784
1.20633
1.20973
1.20951
1.20729
1.20394
1.19916
1.19232
1.18371
1.17529
1.17037
1.17201
1.18121
1.19624
1.21288
1.2265
1.2336
1.23305
1.22623
1.21639
1.20715
1.20127
1.19987
1.20263
1.20862
1.21718
1.22788
1.24028
1.25355
1.26641
1.27733
1.28483
1.28764
1.28489
1.27614
1.26165
1.24257
1.22096
1.1994
1.18035
1.1658
1.15707
1.15454
1.1576
1.16465
1.17366
1.18278
1.19061
1.19618
1.19839
1.19632
1.18965
1.17883
1.16507
1.1499
1.13462
1.12011
1.10677
1.09509
1.08593
1.0807
1.08092
1.08744
1.09976
1.11577
1.13232
1.14614
1.15476
1.15719
1.15437
1.14888
1.1445
1.14502
1.15265
1.16744
1.1873
1.20904
1.22946
1.24649
1.25926
1.26797
1.27338
1.27628
1.27725
1.27656
1.27438
1.27067
1.26524
1.25772
1.24811
1.23693
1.22541
1.21511
1.20742
1.20282
1.2007
1.19937
1.19683
1.19147
1.18273
1.1713
1.15922
1.14931
1.14429
1.14588
1.15414
1.16752
1.18326
1.19816
1.20945
1.21533
1.21559
1.21131
1.20431
1.1963
1.1885
1.18172
1.17666
1.17421
1.17498
1.17888
1.18471
1.19006
1.19202
1.1881
1.17728
1.16029
1.13946
1.11815
1.1002
1.08903
1.08678
1.09359
1.10766
1.1261
1.14604
1.16518
1.18184
1.19495
1.20403
1.20945
1.21232
1.21419
1.21654
1.2204
1.22616
1.23364
1.24211
1.25077
1.25883
1.26569
1.27068
1.27299
1.2716
1.26554
1.25417
1.23758
1.21676
1.1938
1.17164
1.15355
1.14228
1.13944
1.1452
1.15833
1.17641
1.1965
1.2157
1.23174
1.24302
1.24864
1.24822
1.24182
1.22987
1.21319
1.19326
1.1722
1.15262
1.1371
1.12744
1.12385
1.12459
1.12683
1.12782
1.12593
1.12106
1.11451
1.10845
1.10548
1.10823
1.1186
1.13707
1.16237
1.19167
1.22144
1.24831
1.26985
1.28468
1.2921
1.29156
1.2825
1.26492
1.24021
1.21193
1.18543
1.16626
1.15814
1.16176
1.17516
1.19534
1.21939
1.24449
1.26781
1.28664
1.2985
1.30183
1.29628
1.28276
1.2634
1.24119
1.21952
1.20162
1.19011
1.18636
1.19009
1.19926
1.21038
1.21937
1.22284
1.21896
1.20778
1.19135
1.17305
1.15684
1.14613
1.14278
1.14645
1.15444
1.16234
1.1648
1.15719
1.1381
1.11195
1.08898
1.07911
1.0839
1.09706
1.11199
1.12634
1.14079
1.15664
1.17442
1.19378
1.21413
1.23482
1.25498
1.2732
1.28753
1.29589
1.29666
1.28903
1.27333
1.25124
1.22564
1.20021
1.17847
1.16299
1.1549
1.15412
1.15988
1.17097
1.18584
1.2024
1.21805
1.2301
1.23623
1.23491
1.22587
1.21016
1.18987
1.16787
1.14726
1.13069
1.11996
1.11536
1.11566
1.11866
1.12222
1.12536
1.12853
1.13363
1.14277
1.15697
1.1752
1.19443
1.21069
1.22052
1.22205
1.21549
1.2029
1.18732
1.17198
1.15961
1.15222
1.151
1.15609
1.16666
1.18132
1.1983
1.21578
1.23213
1.24582
1.25537
1.25945
1.25719
1.24845
1.23423
1.21667
1.1985
1.18217
1.16919
1.16012
1.15509
1.15405
1.15698
1.16362
1.1734
1.18539
1.19879
1.21297
1.22734
1.24132
1.25449
1.26681
1.27872
1.2904
1.30099
1.3086
1.31086
1.30582
1.29265
1.27218
1.24686
1.22032
1.19623
1.17745
1.16536
1.15986
1.15973
1.16308
1.16758
1.17091
1.17138
1.16811
1.16128
1.15162
1.14007
1.12741
1.11397
1.10009
1.08639
1.07406
1.06498
1.06147
1.06551
1.07784
1.09763
1.12266
1.14988
1.17611
1.19867
1.21614
1.22843
1.23611
1.23959
1.23877
1.23354
1.22466
1.21375
1.20267
1.1929
1.18554
1.18194
1.18373
1.1922
1.20716
1.22667
1.24765
1.26687
1.28205
1.29218
1.29736
1.29815
1.29491
1.28749
1.27548
1.25882
1.23814
1.21466
1.19008
1.16671
1.1477
1.13655
1.13599
1.14676
1.16676
1.19137
1.21469
1.23102
1.23615
1.22816
1.20753
1.17686
1.14051
1.1037
1.07172
1.04877
1.03727
1.03743
1.04771
1.06576
1.08933
1.11658
1.14598
1.17598
1.20465
1.22958
1.24822
1.25837
1.25896
1.25046
1.23519
1.2168
1.19963
1.18751
1.18271
1.18558
1.1948
1.20816
1.22298
1.23658
1.24662
1.25145
1.25052
1.24457
1.23554
1.22603
1.21871
1.21545
1.21658
1.22118
1.22775
1.23459
1.24013
1.24312
1.24283
1.23916
1.23251
1.2237
1.21363
1.20322
1.19321
1.18418
1.17661
1.17099
1.16768
1.16676
1.16793
1.17019
1.17207
1.17204
1.16895
1.16234
1.15274
1.18725
1.17258
1.15953
1.15006
1.14528
1.1454
1.15014
1.1592
1.17224
1.18881
1.20788
1.22783
1.24679
1.2632
1.2758
1.28354
1.28521
1.27939
1.26534
1.244
1.21886
1.19561
1.17992
1.17477
1.17899
1.18845
1.19873
1.20761
1.21578
1.22581
1.24018
1.25991
1.28358
1.30788
1.32864
1.34202
1.34543
1.33767
1.31901
1.29087
1.25556
1.21592
1.17512
1.13648
1.10336
1.07885
1.06525
1.06374
1.07413
1.09491
1.1235
1.15672
1.19134
1.22448
1.25428
1.27998
1.30134
1.31818
1.33002
1.33629
1.33648
1.33072
1.31983
1.30528
1.28851
1.27044
1.25126
1.23057
1.20803
1.18402
1.15976
1.13698
1.11713
1.10101
1.08911
1.08208
1.08099
1.08683
1.09989
1.11918
1.14226
1.16575
1.18592
1.19953
1.20445
1.20015
1.1881
1.17146
1.15454
1.14159
1.13596
1.13934
1.15184
1.17232
1.19885
1.22907
1.26038
1.29023
1.31633
1.33716
1.35185
1.36021
1.36255
1.35931
1.35076
1.33699
1.31808
1.2946
1.26824
1.24164
1.21717
1.19596
1.1782
1.16392
1.15356
1.14763
1.14617
1.14837
1.15284
1.1579
1.16254
1.16679
1.17186
1.17963
1.19156
1.20777
1.22699
1.24699
1.26554
1.28053
1.29015
1.29291
1.28782
1.27462
1.25381
1.22648
1.19447
1.16016
1.12641
1.09625
1.07215
1.05568
1.04731
1.04699
1.05484
1.0713
1.09642
1.12883
1.16566
1.2033
1.23852
1.26949
1.29594
1.31858
1.33804
1.35412
1.36576
1.37178
1.37156
1.36539
1.35433
1.33974
1.32285
1.30443
1.28488
1.26434
1.24339
1.22331
1.20596
1.19346
1.18748
1.18858
1.19561
1.2058
1.21552
1.22159
1.22192
1.21588
1.20432
1.18927
1.17349
1.16
1.15139
1.14904
1.15268
1.16043
1.16923
1.17584
1.1779
1.1748
1.16789
1.16014
1.15516
1.15601
1.16464
1.18153
1.20547
1.23392
1.26327
1.28968
1.3097
1.32063
1.32094
1.31028
1.28954
1.26101
1.22872
1.19792
1.17391
1.15976
1.15502
1.15656
1.16091
1.16611
1.17225
1.18072
1.19286
1.20856
1.22616
1.24289
1.25628
1.26564
1.27212
1.27797
1.28477
1.29207
1.29745
1.29779
1.29056
1.27462
1.25068
1.22165
1.19287
1.17135
1.16363
1.17296
1.19786
1.2329
1.27088
1.30495
1.32964
1.34156
1.33942
1.32415
1.29863
1.26714
1.23432
1.20403
1.17852
1.15835
1.14296
1.13128
1.1223
1.11496
1.10783
1.09926
1.08802
1.07417
1.05945
1.04725
1.04184
1.04734
1.06585
1.09625
1.13431
1.17431
1.21114
1.24177
1.26576
1.28482
1.30151
1.31783
1.33414
1.34889
1.35957
1.36374
1.36011
1.34868
1.3301
1.30509
1.27417
1.23813
1.1988
1.16019
1.12888
1.11188
1.11222
1.12679
1.14844
1.17005
1.18669
1.19651
1.20096
1.20397
1.21017
1.22248
1.24077
1.2621
1.28215
1.29704
1.30459
1.3049
1.30009
1.2932
1.28675
1.28174
1.27744
1.27221
1.2645
1.25345
1.23948
1.22432
1.21061
1.20122
1.1981
1.20151
1.2099
1.22059
1.23106
1.23955
1.24547
1.249
1.25079
1.25157
1.25245
1.25442
1.258
1.26269
1.26671
1.26742
1.2623
1.24963
1.22914
1.20202
1.17084
1.13928
1.1116
1.09178
1.08277
1.08586
1.1001
1.12262
1.14942
1.17615
1.19898
1.21524
1.22373
1.22494
1.22101
1.21506
1.2102
1.20884
1.21224
1.22069
1.23333
1.24823
1.26286
1.27466
1.28196
1.2843
1.28235
1.27718
1.26949
1.25943
1.24696
1.23252
1.21745
1.20393
1.19444
1.19066
1.19247
1.198
1.20422
1.20795
1.20691
1.2005
1.19019
1.17909
1.17086
1.16823
1.1722
1.18215
1.1963
1.21208
1.22647
1.23635
1.23952
1.23561
1.22672
1.21726
1.21267
1.21732
1.23283
1.25759
1.28783
1.31896
1.34682
1.36799
1.37989
1.38063
1.36928
1.34609
1.31284
1.27279
1.23026
1.18993
1.15561
1.12966
1.11258
1.10352
1.10094
1.10311
1.10816
1.11416
1.11938
1.12286
1.12484
1.12671
1.13021
1.13678
1.1471
1.16083
1.17704
1.19423
1.21059
1.22425
1.23343
1.23687
1.23412
1.22579
1.21381
1.20106
1.19079
1.18557
1.18679
1.19451
1.20776
1.22521
1.2454
1.26677
1.28745
1.30533
1.31845
1.32566
1.32668
1.32218
1.31345
1.30189
1.28884
1.27516
1.26136
1.24799
1.23647
1.22907
1.22783
1.23282
1.24183
1.25128
1.25771
1.2587
1.25314
1.24111
1.22384
1.20338
1.1821
1.16192
1.14377
1.1275
1.11255
1.09838
1.08518
1.07403
1.0666
1.06489
1.07079
1.08567
1.10992
1.1422
1.1796
1.21807
1.25342
1.28203
1.30134
1.3098
1.3067
1.29233
1.268
1.23634
1.20123
1.16756
1.14061
1.12498
1.12345
1.13597
1.15977
1.18994
1.22094
1.2479
1.26734
1.27746
