0.793591
0.771664
0.735023
0.684817
0.62285
0.551887
0.47574
0.399174
0.3276
0.26639
0.21999
0.191083
0.180096
0.185261
0.203167
0.229574
0.260219
0.291388
0.320229
0.344826
0.364146
0.377894
0.386354
0.3902
0.390409
0.388079
0.384334
0.380247
0.376784
0.374673
0.374395
0.37617
0.379959
0.385542
0.392473
0.40027
0.408435
0.416505
0.42409
0.430852
0.436557
0.440984
0.443929
0.445242
0.444771
0.442432
0.438215
0.432313
0.425166
0.417447
0.41002
0.403799
0.399628
0.398176
0.399768
0.404319
0.411326
0.420039
0.429499
0.438713
0.446758
0.452924
0.456714
0.457878
0.456391
0.452503
0.44666
0.439486
0.431649
0.423769
0.416293
0.409431
0.40323
0.397621
0.392587
0.388269
0.384999
0.383229
0.383357
0.385461
0.389191
0.393785
0.398359
0.402279
0.405329
0.407655
0.409586
0.411398
0.413119
0.414556
0.415323
0.415056
0.413526
0.410694
0.406765
0.402046
0.396901
0.391643
0.386589
0.382022
0.378216
0.375436
0.373978
0.374064
0.375811
0.379186
0.384007
0.389921
0.396516
0.403358
0.410051
0.416317
0.422012
0.427055
0.431366
0.434853
0.437368
0.438758
0.438901
0.437706
0.435206
0.431618
0.427222
0.422432
0.417659
0.413298
0.409615
0.406725
0.404604
0.403133
0.402109
0.401315
0.40055
0.399732
0.398875
0.398156
0.397891
0.398441
0.400087
0.402955
0.406889
0.41143
0.415938
0.419683
0.42203
0.422556
0.421161
0.418099
0.413851
0.409046
0.404274
0.399883
0.396006
0.392504
0.389072
0.385449
0.381556
0.377586
0.373995
0.371449
0.370633
0.372066
0.375997
0.382355
0.390749
0.400578
0.41116
0.421803
0.431921
0.441057
0.44886
0.455139
0.459764
0.462656
0.463735
0.463023
0.460573
0.456522
0.451059
0.444413
0.436826
0.428468
0.419481
0.410018
0.400278
0.390579
0.381331
0.373018
0.366083
0.360877
0.357581
0.356193
0.356569
0.358462
0.36162
0.365811
0.370831
0.376501
0.382663
0.389159
0.395799
0.402411
0.408833
0.41493
0.420687
0.42613
0.431334
0.436356
0.441216
0.445842
0.450049
0.453556
0.45608
0.457319
0.457064
0.455115
0.451346
0.445741
0.438452
0.429876
0.420518
0.410973
0.401833
0.393581
0.386583
0.381095
0.37735
0.375618
0.376082
0.378717
0.383283
0.389289
0.39608
0.402994
0.409385
0.414711
0.41856
0.420638
0.420835
0.419219
0.416013
0.411564
0.406372
0.400972
0.39588
0.39149
0.388131
0.386039
0.385418
0.386411
0.389065
0.393325
0.39898
0.405593
0.41266
0.419675
0.426183
0.431853
0.436546
0.440282
0.443096
0.445039
0.446101
0.446187
0.445115
0.442704
0.438862
0.433678
0.427385
0.420401
0.413239
0.406366
0.400159
0.394856
0.39052
0.387034
0.384255
0.382022
0.380199
0.378803
0.377981
0.377969
0.379063
0.381505
0.385412
0.390674
0.396914
0.403607
0.410075
0.415609
0.419592
0.421653
0.421719
0.420081
0.4173
0.414023
0.410872
0.408269
0.40641
0.405284
0.404784
0.404758
0.405054
0.40555
0.406183
0.406965
0.407939
0.409154
0.41062
0.412296
0.414067
0.415667
0.416752
0.416943
0.415933
0.41352
0.409745
0.404961
0.399729
0.394768
0.3908
0.388385
0.387819
0.38912
0.391976
0.395861
0.400077
0.403937
0.406911
0.408713
0.409392
0.409278
0.408866
0.408659
0.409037
0.410172
0.4121
0.414706
0.417775
0.421009
0.424047
0.426493
0.427926
0.427939
0.426271
0.422896
0.418014
0.41213
0.405949
0.400339
0.396121
0.393945
0.394115
0.396556
0.400853
0.406295
0.412045
0.417261
0.421237
0.423436
0.423593
0.421701
0.418001
0.412871
0.406813
0.400285
0.393708
0.38748
0.381997
0.377732
0.375194
0.37484
0.376979
0.38169
0.388776
0.397759
0.407994
0.41869
0.428977
0.43802
0.445108
0.449707
0.451499
0.450441
0.446762
0.440963
0.433745
0.425908
0.418236
0.411372
0.405791
0.401762
0.399316
0.398322
0.398462
0.399307
0.400298
0.400856
0.400529
0.399081
0.396545
0.393172
0.389405
0.385749
0.382642
0.380444
0.379373
0.379537
0.381002
0.383768
0.38781
0.392995
0.39913
0.405953
0.413099
0.420156
0.426654
0.432124
0.436224
0.438692
0.439453
0.438588
0.436319
0.433009
0.429057
0.424917
0.421015
0.417712
0.415175
0.413442
0.412409
0.411812
0.411303
0.410469
0.408948
0.40648
0.403026
0.398731
0.393946
0.389248
0.385332
0.382878
0.382387
0.384059
0.387664
0.392618
0.39804
0.40304
0.406964
0.409533
0.41094
0.411785
0.412844
0.414781
0.417814
0.42171
0.425896
0.429712
0.43269
0.434593
0.435339
0.43501
0.433724
0.431553
0.428618
0.425099
0.421195
0.417215
0.413347
0.409732
0.406432
0.403506
0.401044
0.39919
0.398183
0.398331
0.399905
0.403043
0.407728
0.41367
0.420377
0.427159
0.433188
0.437731
0.440055
0.439618
0.436126
0.429608
0.420413
0.4092
0.39693
0.384783
0.373967
0.365609
0.360584
0.359432
0.362231
0.368521
0.377376
0.387521
0.807369
0.804282
0.788403
0.760659
0.72354
0.680956
0.637678
0.59849
0.567121
0.545545
0.533916
0.530897
0.534244
0.541508
0.550463
0.559429
0.567388
0.573966
0.579207
0.583386
0.586836
0.589726
0.592142
0.594099
0.595739
0.597405
0.599581
0.602815
0.607545
0.613938
0.621827
0.630802
0.640455
0.650448
0.660436
0.670036
0.678714
0.685721
0.690277
0.691726
0.689805
0.684703
0.676981
0.667405
0.656653
0.645129
0.63294
0.620011
0.606241
0.591747
0.576951
0.562597
0.549693
0.539343
0.532568
0.530049
0.532108
0.538652
0.549247
0.563186
0.579607
0.59756
0.616047
0.634086
0.650758
0.665323
0.677213
0.686038
0.691635
0.693966
0.693145
0.689229
0.6823
0.672425
0.659767
0.644739
0.628082
0.610939
0.594691
0.580625
0.569727
0.562595
0.559596
0.560928
0.566475
0.575617
0.587109
0.599433
0.611175
0.621275
0.629101
0.634419
0.637133
0.63727
0.635024
0.630751
0.625106
0.619158
0.614223
0.61159
0.612152
0.616156
0.623194
0.632259
0.641983
0.65084
0.657403
0.660745
0.660622
0.657469
0.652184
0.645839
0.639473
0.633797
0.629184
0.625588
0.622498
0.619104
0.61462
0.608647
0.601416
0.593798
0.587051
0.582431
0.580822
0.582626
0.587659
0.595201
0.604148
0.61314
0.620677
0.625407
0.626478
0.623824
0.618376
0.611885
0.606453
0.603851
0.605065
0.610118
0.618172
0.627813
0.637407
0.645426
0.650691
0.652665
0.651481
0.648051
0.643799
0.640357
0.639058
0.640521
0.644471
0.64986
0.655176
0.658947
0.660087
0.65812
0.65333
0.64661
0.639152
0.632132
0.626313
0.622007
0.619183
0.617727
0.617463
0.618119
0.619211
0.620235
0.620742
0.620488
0.619508
0.61814
0.616796
0.615767
0.61505
0.614411
0.613603
0.612695
0.612127
0.612601
0.614709
0.618707
0.624456
0.631462
0.639016
0.646299
0.652424
0.656548
0.658008
0.656335
0.651249
0.642584
0.630313
0.614808
0.597047
0.578767
0.562345
0.55029
0.544527
0.546012
0.554624
0.569286
0.588356
0.609891
0.631859
0.652305
0.669496
0.682095
0.689309
0.690967
0.687434
0.679441
0.667954
0.654075
0.639122
0.624566
0.611834
0.601989
0.59552
0.592275
0.591714
0.593232
0.596455
0.601215
0.607395
0.614743
0.622823
0.631005
0.638559
0.644711
0.648769
0.650286
0.649103
0.645471
0.639993
0.633582
0.627203
0.621624
0.617244
0.61392
0.611265
0.608762
0.606048
0.603061
0.600079
0.59768
0.596627
0.597513
0.600477
0.605028
0.610147
0.614678
0.617656
0.618538
0.617295
0.614288
0.610125
0.605629
0.60176
0.599645
0.600402
0.604779
0.612855
0.623904
0.636539
0.649063
0.659926
0.667899
0.672185
0.672442
0.66878
0.661795
0.652476
0.642114
0.632129
0.623874
0.618338
0.616027
0.6168
0.619859
0.623954
0.627737
0.630225
0.630972
0.630177
0.628477
0.626571
0.624918
0.623635
0.622462
0.620938
0.618539
0.614941
0.610241
0.604911
0.59981
0.5959
0.593826
0.593652
0.594931
0.597171
0.600231
0.604259
0.609243
0.614791
0.620358
0.62565
0.630711
0.635831
0.641181
0.646657
0.65176
0.655776
0.658048
0.658102
0.655788
0.651387
0.645576
0.639271
0.633428
0.628805
0.625667
0.623758
0.622357
0.620635
0.618098
0.614793
0.611376
0.608959
0.608573
0.610731
0.615307
0.621509
0.628183
0.634143
0.638305
0.639859
0.6384
0.63391
0.626817
0.617985
0.608516
0.599538
0.592079
0.587158
0.58571
0.588243
0.594421
0.603099
0.612746
0.622088
0.630244
0.636644
0.640898
0.642752
0.64209
0.639011
0.633836
0.627123
0.619524
0.611874
0.605101
0.600097
0.597552
0.597875
0.601172
0.607163
0.615262
0.62464
0.634249
0.642936
0.649523
0.653041
0.652958
0.649384
0.643229
0.636003
0.629367
0.624553
0.621908
0.62093
0.620665
0.620256
0.619293
0.617684
0.61563
0.613387
0.611147
0.609113
0.607637
0.607274
0.6086
0.611907
0.617022
0.62327
0.629763
0.635725
0.64077
0.644943
0.648517
0.651704
0.654341
0.655799
0.655323
0.652442
0.647313
0.640743
0.633785
0.62733
0.621769
0.617008
0.612667
0.608373
0.603913
0.599306
0.594776
0.590664
0.58742
0.585453
0.585106
0.586719
0.590621
0.597137
0.606445
0.618372
0.632262
0.646951
0.661023
0.673149
0.682376
0.688229
0.69069
0.690013
0.686639
0.681005
0.673453
0.664239
0.653557
0.641674
0.629066
0.616543
0.60515
0.596017
0.590005
0.58755
0.58844
0.591961
0.597099
0.602778
0.608079
0.612294
0.615063
0.616461
0.616867
0.616829
0.616762
0.616698
0.616254
0.61495
0.612488
0.609
0.604953
0.600942
0.597489
0.594884
0.593348
0.593142
0.594697
0.598289
0.603657
0.609884
0.615575
0.619296
0.620051
0.617579
0.612311
0.605226
0.597516
0.590379
0.584839
0.581677
0.581353
0.584006
0.589459
0.597323
0.606976
0.617734
0.629011
0.640485
0.652048
0.663645
0.674959
0.685313
0.693732
0.699152
0.70082
0.698442
0.692289
0.789054
0.773174
0.754801
0.735282
0.715487
0.695705
0.675823
0.65566
0.635305
0.615391
0.597342
0.58315
0.574903
0.574223
0.581694
0.596705
0.617728
0.642674
0.669369
0.695677
0.719756
0.74009
0.755472
0.765066
0.768475
0.765765
0.757524
0.744788
0.729015
0.71191
0.695367
0.681012
0.669809
0.661707
0.655764
0.650556
0.644876
0.638372
0.631889
0.627432
0.627572
0.634189
0.647254
0.664718
0.68362
0.701417
0.716625
0.728663
0.737391
0.742806
0.744835
0.743434
0.738618
0.730637
0.719952
0.707249
0.693417
0.679522
0.666631
0.655527
0.646506
0.639219
0.632936
0.627023
0.621415
0.616744
0.614257
0.61534
0.62088
0.630907
0.644653
0.661016
0.678948
0.69768
0.716558
0.73484
0.751695
0.766225
0.777549
0.784928
0.787761
0.785606
0.778369
0.766392
0.750533
0.732073
0.712549
0.693436
0.676011
0.661187
0.649612
0.64165
0.637402
0.636784
0.639484
0.644922
0.652352
0.6609
0.669538
0.677129
0.682496
0.684587
0.682667
0.67653
0.666607
0.653956
0.64015
0.627033
0.616524
0.610375
0.609869
0.615676
0.627697
0.645109
0.666425
0.689645
0.712471
0.732536
0.747715
0.756431
0.757923
0.75235
0.740725
0.724765
0.706671
0.688843
0.673577
0.662659
0.657071
0.656843
0.661258
0.669067
0.678691
0.688469
0.696797
0.702332
0.704216
0.702166
0.696475
0.687981
0.677932
0.66791
0.659595
0.654406
0.653137
0.655631
0.660885
0.667613
0.674753
0.681811
0.688713
0.695471
0.701931
0.707734
0.712372
0.715478
0.716809
0.716415
0.714656
0.712086
0.7093
0.706886
0.705385
0.705119
0.705976
0.707412
0.708315
0.70723
0.702669
0.693707
0.680362
0.663655
0.645574
0.628567
0.614889
0.606157
0.603211
0.606145
0.614424
0.627089
0.642848
0.660273
0.678066
0.695069
0.710276
0.72279
0.732007
0.737755
0.740358
0.740369
0.738371
0.734936
0.730488
0.72544
0.720297
0.715614
0.711897
0.709468
0.708295
0.707965
0.707786
0.707084
0.705385
0.702677
0.699058
0.694615
0.689064
0.681976
0.673073
0.662506
0.650985
0.639573
0.629366
0.621232
0.615711
0.613002
0.613032
0.615474
0.619898
0.62575
0.63242
0.639209
0.645414
0.650426
0.653924
0.656019
0.657339
0.658934
0.662116
0.668046
0.677342
0.689824
0.704411
0.71937
0.732777
0.742958
0.748966
0.750703
0.748856
0.74462
0.739405
0.734368
0.730162
0.726885
0.724205
0.721598
0.718654
0.715119
0.710895
0.706026
0.700627
0.695015
0.689701
0.685282
0.682134
0.680243
0.67906
0.677589
0.674796
0.669934
0.662781
0.653721
0.643593
0.633461
0.624369
0.617202
0.612613
0.610986
0.61238
0.616512
0.622832
0.630676
0.639557
0.649311
0.660112
0.672251
0.685856
0.700606
0.715557
0.729332
0.740404
0.747407
0.749482
0.746398
0.73869
0.727526
0.714612
0.70199
0.691726
0.685416
0.683546
0.685426
0.689438
0.693612
0.696325
0.696774
0.694965
0.691443
0.686898
0.681876
0.676755
0.671879
0.667777
0.664994
0.663936
0.664673
0.666778
0.669514
0.672053
0.673726
0.674056
0.672797
0.669836
0.665183
0.659026
0.651843
0.644409
0.637739
0.632885
0.630721
0.631661
0.635744
0.64267
0.651847
0.662317
0.672748
0.68187
0.688875
0.693801
0.697307
0.700337
0.703636
0.707509
0.711779
0.715849
0.718909
0.720246
0.719537
0.717141
0.714021
0.711387
0.71012
0.71038
0.711606
0.712836
0.713411
0.713223
0.712691
0.712369
0.712551
0.713156
0.713807
0.714099
0.7138
0.712988
0.712062
0.711648
0.712235
0.71381
0.715715
0.716693
0.715267
0.710269
0.701237
0.688601
0.673415
0.65718
0.641527
0.628027
0.617955
0.612191
0.611148
0.614631
0.621911
0.631835
0.642999
0.653954
0.663337
0.670016
0.67332
0.673206
0.670352
0.665977
0.66168
0.658956
0.65883
0.661638
0.667028
0.674165
0.682085
0.689944
0.697199
0.703496
0.708554
0.712114
0.713894
0.713936
0.712745
0.71129
0.710687
0.711691
0.714283
0.717544
0.720136
0.720787
0.718648
0.713517
0.705872
0.696716
0.687319
0.678947
0.672528
0.668453
0.666502
0.665871
0.665488
0.664346
0.661974
0.658708
0.655588
0.654008
0.655058
0.659093
0.665656
0.67367
0.681822
0.688852
0.693942
0.696714
0.697329
0.696372
0.694714
0.693187
0.692304
0.691955
0.691517
0.690265
0.687973
0.685262
0.683245
0.682752
0.683742
0.685403
0.686716
0.686841
0.685428
0.682467
0.678151
0.67275
0.66658
0.660068
0.653876
0.64901
0.646743
0.648305
0.654368
0.664459
0.676727
0.688307
0.696276
0.69879
0.695704
0.68861
0.68031
0.673783
0.671157
0.673046
0.678621
0.68645
0.695182
0.703912
0.712166
0.719808
0.726726
0.732578
0.736776
0.738447
0.736602
0.730413
0.719338
0.70322
0.682415
0.657919
0.631607
0.606271
0.585449
0.572772
0.5707
0.579553
0.597514
0.621288
0.647073
0.671293
0.69104
0.704265
0.710027
0.708538
0.701149
0.690092
0.678281
0.788595
0.778135
0.772193
0.772205
0.778626
0.79074
0.806601
0.823258
0.837296
0.845778
0.846999
0.840699
0.827901
0.810494
0.790703
0.77072
0.75245
0.737258
0.725782
0.717847
0.712588
0.708815
0.705372
0.701507
0.696927
0.691852
0.686733
0.682025
0.678034
0.67502
0.673173
0.672856
0.674675
0.679461
0.68802
0.7007
0.717016
0.735499
0.754
0.770143
0.781949
0.788312
0.789132
0.785295
0.778507
0.77082
0.764188
0.759868
0.758012
0.757811
0.757846
0.756816
0.754005
0.749547
0.744091
0.738582
0.734029
0.73134
0.7312
0.733938
0.739349
0.746566
0.754205
0.760797
0.765219
0.766935
0.765933
0.762544
0.757151
0.750187
0.742228
0.734312
0.727938
0.724761
0.726126
0.732512
0.74358
0.758346
0.7755
0.793458
0.810468
0.82453
0.833618
0.836245
0.831809
0.820856
0.805206
0.78763
0.771052
0.757737
0.748468
0.742594
0.738599
0.73508
0.73129
0.726994
0.722148
0.716794
0.711262
0.706227
0.702351
0.700061
0.699223
0.699356
0.699971
0.701004
0.70294
0.706564
0.712478
0.720546
0.729869
0.739059
0.746793
0.752371
0.755955
0.758356
0.760644
0.763607
0.76752
0.772116
0.776749
0.780479
0.782412
0.781967
0.779136
0.774497
0.769105
0.764022
0.759979
0.757143
0.75516
0.753557
0.752226
0.751556
0.752284
0.755008
0.759762
0.765828
0.772016
0.777092
0.780076
0.780381
0.777798
0.772634
0.765494
0.757351
0.749255
0.742193
0.736937
0.734013
0.733593
0.735329
0.738373
0.741674
0.744447
0.746484
0.748213
0.750393
0.753606
0.757923
0.762744
0.766934
0.769005
0.767625
0.761893
0.751723
0.73831
0.724312
0.713427
0.709076
0.712609
0.72263
0.735921
0.749023
0.759242
0.764935
0.765565
0.761569
0.754152
0.745107
0.736427
0.729854
0.726172
0.725109
0.725643
0.726538
0.726978
0.726695
0.72586
0.724813
0.723858
0.723176
0.722965
0.723581
0.725736
0.73025
0.737691
0.748021
0.760624
0.774556
0.78869
0.801819
0.812836
0.82078
0.824964
0.824932
0.820528
0.811867
0.799332
0.783642
0.765952
0.747786
0.730926
0.717221
0.708253
0.705091
0.708134
0.716938
0.730164
0.745667
0.760944
0.773624
0.782049
0.785433
0.783818
0.777752
0.768063
0.755688
0.741785
0.727722
0.71503
0.705156
0.699162
0.69759
0.700286
0.706336
0.714167
0.721978
0.728128
0.731504
0.731834
0.729662
0.726033
0.72211
0.71889
0.717062
0.717107
0.719245
0.72333
0.728716
0.734234
0.738572
0.740626
0.739841
0.736507
0.731739
0.727374
0.725429
0.727508
0.734243
0.745004
0.757922
0.770378
0.779759
0.784173
0.782941
0.776614
0.766796
0.755644
0.7453
0.737223
0.731878
0.728748
0.72692
0.725778
0.72548
0.72687
0.730909
0.738049
0.747863
0.759056
0.770006
0.779217
0.78569
0.788953
0.788998
0.786002
0.780239
0.772017
0.761764
0.750226
0.738559
0.728359
0.721312
0.718601
0.720478
0.726012
0.733575
0.74131
0.747319
0.749999
0.748293
0.742093
0.732361
0.7209
0.709838
0.701009
0.695759
0.694774
0.69824
0.706012
0.717755
0.73291
0.750593
0.769355
0.787121
0.80178
0.811875
0.816919
0.817211
0.813521
0.806896
0.798537
0.789465
0.780187
0.770525
0.75988
0.747814
0.734457
0.720778
0.708486
0.699565
0.695644
0.697295
0.703772
0.713351
0.723966
0.733888
0.742085
0.748077
0.751768
0.753276
0.752814
0.750694
0.747284
0.743011
0.73839
0.734079
0.731067
0.730819
0.73489
0.744274
0.758599
0.775888
0.793052
0.806865
0.814924
0.816176
0.811015
0.80101
0.788315
0.775062
0.762915
0.752753
0.744784
0.738696
0.733956
0.729958
0.726224
0.722447
0.718495
0.714517
0.710832
0.707965
0.706485
0.706806
0.708914
0.712279
0.716017
0.719347
0.722144
0.724974
0.728728
0.734161
0.74139
0.750076
0.759852
0.770643
0.782539
0.795347
0.808146
0.81938
0.827273
0.830516
0.828752
0.822651
0.813788
0.804266
0.796068
0.790434
0.787496
0.786408
0.785796
0.784325
0.781008
0.775286
0.767166
0.757194
0.74652
0.736788
0.729669
0.726276
0.72673
0.73013
0.735087
0.740182
0.744536
0.747914
0.750548
0.752885
0.755267
0.757502
0.758948
0.758631
0.75546
0.748571
0.73746
0.722102
0.703061
0.6815
0.659136
0.638196
0.621243
0.610705
0.608342
0.614825
0.629546
0.650818
0.676269
0.703221
0.729062
0.751515
0.768852
0.780061
0.784946
0.784222
0.779415
0.772567
0.765738
0.760596
0.758195
0.758811
0.761991
0.766801
0.772309
0.777891
0.783412
0.788928
0.794176
0.798319
0.800169
0.798756
0.793898
0.786413
0.777585
0.76854
0.759731
0.750917
0.741606
0.731599
0.72128
0.711586
0.70374
0.699002
0.698504
0.703
0.71252
0.725999
0.741514
0.756905
0.770385
0.780934
0.788363
0.793055
0.795504
0.796035
0.794632
0.791091
0.785392
0.777866
0.769039
0.75937
0.749019
0.738043
0.726783
0.716027
0.706884
0.700465
0.69747
0.698035
0.801404
0.802577
0.802642
0.801165
0.797998
0.793102
0.786662
0.779057
0.770926
0.763046
0.756187
0.751009
0.747817
0.746493
0.746715
0.748195
0.750987
0.755689
0.763161
0.774
0.78765
0.802239
0.815309
0.824978
0.830515
0.832424
0.832116
0.831304
0.831638
0.834317
0.839823
0.847683
0.856423
0.863946
0.868184
0.867791
0.862391
0.852638
0.839758
0.825165
0.810309
0.796592
0.785133
0.776505
0.770529
0.766391
0.763033
0.759673
0.755931
0.751853
0.747851
0.744566
0.742834
0.7435
0.747187
0.754145
0.764172
0.776547
0.790011
0.802771
0.812883
0.818831
0.820022
0.816977
0.81113
0.804452
0.798829
0.795449
0.794837
0.79728
0.803236
0.813165
0.827076
0.843993
0.861854
0.878107
0.890421
0.897189
0.897775
0.892432
0.882248
0.868901
0.85423
0.839911
0.827146
0.816491
0.80796
0.80118
0.795649
0.790828
0.786202
0.781242
0.775519
0.768776
0.760979
0.752378
0.743412
0.734599
0.726452
0.719506
0.714299
0.711207
0.710451
0.712084
0.716153
0.722908
0.73261
0.745222
0.760149
0.776586
0.794013
0.812311
0.831428
0.850751
0.868769
0.883405
0.892604
0.895116
0.890836
0.880923
0.867502
0.853195
0.840569
0.831586
0.827279
0.827423
0.830391
0.833544
0.834017
0.829636
0.819613
0.804613
0.786487
0.767706
0.750675
0.737266
0.728449
0.724279
0.724282
0.727891
0.73472
0.744573
0.757194
0.771982
0.787905
0.803701
0.818152
0.830385
0.840076
0.847283
0.852297
0.855402
0.856678
0.856
0.853177
0.848127
0.840843
0.831387
0.819925
0.80685
0.792928
0.779152
0.766571
0.75608
0.748134
0.74289
0.740174
0.739633
0.740957
0.744021
0.748898
0.755619
0.763961
0.773232
0.782282
0.789811
0.794702
0.796469
0.795627
0.793675
0.792679
0.794648
0.800663
0.810495
0.822625
0.834923
0.845356
0.852596
0.856003
0.855391
0.851035
0.843824
0.835406
0.827913
0.823296
0.822752
0.826751
0.834984
0.846182
0.858127
0.868095
0.873491
0.8726
0.864827
0.850717
0.831749
0.810133
0.788551
0.769871
0.756813
0.751435
0.754309
0.763768
0.776113
0.786757
0.791997
0.790153
0.781648
0.7685
0.753436
0.739203
0.728126
0.721941
0.721636
0.72737
0.738603
0.754083
0.772164
0.791078
0.809086
0.824636
0.836484
0.843684
0.845823
0.843048
0.83612
0.826421
0.815858
0.806474
0.800127
0.798076
0.800502
0.806331
0.813418
0.819139
0.821351
0.819413
0.814654
0.809805
0.807471
0.808966
0.813935
0.821031
0.828794
0.836069
0.842068
0.846259
0.848109
0.847071
0.84285
0.835514
0.825465
0.813445
0.800367
0.787179
0.774757
0.763912
0.755221
0.74906
0.745431
0.744112
0.744823
0.747479
0.752285
0.759716
0.770188
0.783572
0.798914
0.814489
0.828175
0.838155
0.843295
0.843485
0.839385
0.832261
0.823608
0.814961
0.807682
0.802671
0.800067
0.799331
0.799515
0.799685
0.799207
0.79795
0.796061
0.793525
0.789884
0.784397
0.776612
0.766725
0.755652
0.744923
0.736432
0.732138
0.733626
0.741695
0.755974
0.774842
0.795788
0.815983
0.832783
0.844355
0.850004
0.850232
0.846536
0.84099
0.835715
0.832328
0.831632
0.833613
0.83757
0.842414
0.846813
0.849467
0.849222
0.845323
0.837686
0.82701
0.814731
0.802679
0.792623
0.785656
0.781965
0.781007
0.782156
0.785226
0.79041
0.797782
0.806448
0.814548
0.819997
0.821471
0.818824
0.812702
0.803974
0.793404
0.78157
0.769114
0.756904
0.746149
0.738244
0.734572
0.736098
0.742999
0.754609
0.76962
0.786464
0.803452
0.8189
0.831167
0.838895
0.841309
0.838464
0.83128
0.821306
0.810213
0.799171
0.788623
0.778404
0.768097
0.757478
0.746788
0.736738
0.728393
0.722878
0.721165
0.72389
0.731296
0.74319
0.758836
0.776842
0.795273
0.812055
0.825748
0.836071
0.843874
0.850591
0.857287
0.864084
0.870147
0.874078
0.874613
0.871229
0.864472
0.855707
0.846737
0.83936
0.834912
0.833898
0.835694
0.838659
0.840669
0.839651
0.834017
0.823246
0.808057
0.790421
0.772979
0.758138
0.747163
0.73997
0.735632
0.732992
0.731045
0.729002
0.726478
0.723819
0.722194
0.723135
0.727598
0.735371
0.74521
0.755603
0.76535
0.77383
0.781009
0.787398
0.794009
0.802043
0.81232
0.824624
0.837723
0.849965
0.860032
0.867262
0.871656
0.873663
0.873919
0.873034
0.871417
0.869164
0.866111
0.861811
0.855631
0.846963
0.835498
0.821462
0.805796
0.790138
0.776635
0.767385
0.763848
0.766387
0.774076
0.784973
0.796455
0.80582
0.810895
0.810793
0.806271
0.799271
0.791792
0.784865
0.778598
0.772814
0.767845
0.764461
0.763835
0.767206
0.775674
0.78977
0.808611
0.829511
0.848652
0.862359
0.868459
0.866593
0.858174
0.845788
0.832548
0.821244
0.813581
0.809812
0.808888
0.809056
0.808621
0.806423
0.802094
0.796004
0.78915
0.782901
0.778447
0.776252
0.775772
0.775878
0.775711
0.775335
0.775766
0.778221
0.803507
0.809161
0.81547
0.821319
0.825893
0.828724
0.829473
0.827758
0.82337
0.81659
0.808325
0.799955
0.792831
0.787885
0.785453
0.785196
0.786383
0.788177
0.789909
0.791417
0.793027
0.795246
0.798393
0.802235
0.806264
0.81007
0.813723
0.817706
0.822517
0.828218
0.834242
0.839563
0.843067
0.844132
0.842873
0.840084
0.836914
0.834486
0.833461
0.833812
0.83469
0.834727
0.832431
0.826876
0.81811
0.80709
0.795662
0.786107
0.780544
0.780309
0.785468
0.794799
0.806311
0.818067
0.82886
0.838371
0.846638
0.853613
0.858788
0.861247
0.860193
0.855217
0.8463
0.833888
0.818837
0.802495
0.786963
0.774796
0.768376
0.768933
0.776025
0.787675
0.801073
0.813379
0.822336
0.8265
0.825218
0.818707
0.80801
0.794897
0.78162
0.77043
0.762968
0.759912
0.760885
0.764873
0.770677
0.77725
0.783827
0.789839
0.794785
0.7983
0.800433
0.801689
0.803092
0.805899
0.811133
0.819303
0.830262
0.843184
0.8568
0.869631
0.880079
0.88658
0.887845
0.882955
0.871692
0.854657
0.833275
0.809734
0.786745
0.76733
0.754188
0.749001
0.751921
0.761601
0.77585
0.792189
0.808288
0.822296
0.833081
0.840429
0.844892
0.847352
0.848525
0.848714
0.847975
0.846345
0.844205
0.842172
0.840562
0.839037
0.836578
0.832034
0.82447
0.813426
0.799062
0.782248
0.764519
0.747918
0.734564
0.726145
0.723736
0.727629
0.737465
0.752547
0.772001
0.794784
0.819579
0.844863
0.868988
0.890435
0.908086
0.921398
0.930135
0.93403
0.932586
0.925214
0.911732
0.89279
0.870038
0.846155
0.824324
0.807503
0.797491
0.794443
0.796846
0.80225
0.808076
0.812306
0.813871
0.812393
0.807993
0.80102
0.791927
0.781472
0.770922
0.761805
0.755382
0.752186
0.751798
0.753076
0.754679
0.755558
0.755381
0.754797
0.755382
0.759097
0.767325
0.78025
0.796862
0.815456
0.834176
0.851313
0.865391
0.875258
0.880295
0.880328
0.875524
0.866339
0.853628
0.838881
0.824199
0.811974
0.80403
0.801338
0.803826
0.810632
0.820239
0.830782
0.840537
0.848283
0.85339
0.855701
0.855077
0.851236
0.843667
0.831881
0.815794
0.796157
0.77502
0.755656
0.741729
0.735983
0.739208
0.749999
0.765532
0.782502
0.797952
0.80967
0.8166
0.818938
0.817916
0.815232
0.812336
0.810094
0.808692
0.807938
0.807462
0.806826
0.805761
0.804267
0.802764
0.802052
0.803112
0.806565
0.812366
0.819675
0.827098
0.833182
0.836797
0.837248
0.834262
0.827801
0.818184
0.806142
0.793133
0.781452
0.773972
0.773249
0.78048
0.794708
0.813176
0.832604
0.850565
0.866007
0.878853
0.889026
0.895695
0.897336
0.892373
0.879955
0.860468
0.835734
0.808712
0.783165
0.762672
0.749613
0.744549
0.746309
0.752652
0.761048
0.769207
0.775432
0.778824
0.779266
0.777303
0.774065
0.771032
0.769709
0.771458
0.777035
0.786327
0.798317
0.811182
0.822675
0.830694
0.833831
0.831727
0.825123
0.815721
0.805669
0.796944
0.79074
0.7871
0.785022
0.783158
0.780547
0.777181
0.773904
0.771707
0.771012
0.771717
0.773527
0.776308
0.780145
0.785221
0.791755
0.800071
0.810594
0.823825
0.839904
0.858165
0.876764
0.892753
0.902757
0.903751
0.893993
0.873846
0.846181
0.816059
0.789552
0.771952
0.766137
0.771951
0.786684
0.806228
0.826333
0.843592
0.855887
0.862365
0.863136
0.858874
0.850509
0.839123
0.82593
0.812356
0.800005
0.790471
0.784855
0.783306
0.78494
0.788325
0.791773
0.793924
0.794175
0.792985
0.791868
0.792846
0.797588
0.806804
0.819931
0.835313
0.850458
0.86265
0.869588
0.869912
0.863577
0.851838
0.836719
0.820383
0.804362
0.78918
0.774539
0.759906
0.745078
0.730595
0.71782
0.708625
0.704961
0.708159
0.718359
0.734495
0.754783
0.777358
0.8006
0.823183
0.843887
0.861574
0.875447
0.885136
0.890654
0.892025
0.888943
0.880953
0.86791
0.850617
0.831265
0.81336
0.801002
0.797485
0.803749
0.817946
0.836264
0.854578
0.869979
0.881446
0.889573
0.895753
0.901255
0.906563
0.911382
0.914862
0.915891
0.913311
0.905989
0.893006
0.873825
0.848531
0.818165
0.784969
0.752368
0.724332
0.704163
0.69337
0.691444
0.696716
0.707173
0.720929
0.73638
0.752269
0.767835
0.782796
0.797105
0.810614
0.822793
0.832756
0.839448
0.842032
0.840109
0.833607
0.822686
0.807721
0.789609
0.770147
0.752031
0.738422
0.732054
0.7343
0.744756
0.761509
0.781848
0.803102
0.823062
0.840139
0.853071
0.860785
0.862492
0.858005
0.847905
0.833752
0.817937
0.803372
0.792799
0.787811
0.78838
0.793014
0.799795
0.807283
0.814884
0.822702
0.831292
0.841253
0.852723
0.864934
0.876061
0.883816
0.886265
0.882489
0.872735
0.85827
0.8411
0.823537
0.807582
0.794668
0.785691
0.781297
0.781857
0.787175
0.796381
0.807922
0.819923
0.830504
0.838246
0.842507
0.843489
0.842072
0.839411
0.836439
0.833482
0.79644
0.792929
0.789431
0.78585
0.782564
0.780366
0.780178
0.782564
0.787323
0.793335
0.798844
0.801914
0.800999
0.795332
0.785082
0.771353
0.755989
0.741379
0.730097
0.72432
0.725302
0.732893
0.745561
0.760835
0.776061
0.789067
0.79856
0.804223
0.806487
0.806339
0.804861
0.802624
0.799439
0.794879
0.789143
0.783528
0.780246
0.781337
0.787476
0.797491
0.80859
0.817666
0.822399
0.822032
0.817487
0.810924
0.804765
0.800848
0.799915
0.801753
0.805747
0.811454
0.81859
0.826852
0.835697
0.844271
0.851554
0.856555
0.858428
0.856591
0.850757
0.841103
0.82838
0.813975
0.799599
0.786898
0.777202
0.771378
0.769692
0.771733
0.776435
0.782443
0.78852
0.793742
0.797456
0.798925
0.797545
0.793099
0.785883
0.776713
0.766601
0.756414
0.746737
0.737849
0.730059
0.723952
0.720466
0.72061
0.72496
0.733174
0.743845
0.754883
0.764094
0.769838
0.77146
0.769577
0.765923
0.763002
0.763344
0.768433
0.778293
0.791535
0.806026
0.819637
0.830991
0.839505
0.845315
0.84892
0.850856
0.8515
0.851038
0.849584
0.847114
0.843491
0.838482
0.832076
0.824621
0.816937
0.810074
0.804948
0.801883
0.800469
0.799582
0.797889
0.79431
0.788487
0.780869
0.772816
0.766208
0.762861
0.763922
0.769428
0.778346
0.788838
0.798777
0.8063
0.810222
0.810396
0.80754
0.802876
0.797533
0.792333
0.78781
0.784443
0.782803
0.78332
0.785922
0.789806
0.793374
0.794677
0.792065
0.784854
0.773528
0.759637
0.745434
0.733467
0.726022
0.724522
0.729063
0.738438
0.750734
0.764023
0.776788
0.787893
0.796635
0.802689
0.806299
0.808213
0.80946
0.811027
0.8136
0.817442
0.822424
0.828075
0.833846
0.839222
0.843795
0.847123
0.848661
0.847733
0.843691
0.836114
0.825051
0.811172
0.795864
0.781096
0.769035
0.761517
0.759627
0.76347
0.772223
0.784274
0.797665
0.81047
0.821158
0.828683
0.832428
0.832145
0.82788
0.819915
0.808791
0.795506
0.781467
0.768412
0.758066
0.751627
0.749232
0.749724
0.751219
0.751882
0.750617
0.747374
0.743007
0.73897
0.73699
0.738818
0.745735
0.758049
0.774912
0.794449
0.814294
0.832207
0.846566
0.856456
0.861398
0.861038
0.855
0.84328
0.826809
0.807951
0.790285
0.777505
0.772092
0.774508
0.783441
0.796896
0.81293
0.82966
0.84521
0.857758
0.865669
0.86789
0.864184
0.855173
0.842265
0.827461
0.813014
0.801082
0.793404
0.790908
0.793392
0.799504
0.806919
0.812912
0.815225
0.81264
0.80519
0.794231
0.78203
0.771226
0.764087
0.761856
0.764301
0.769628
0.774893
0.776535
0.771461
0.758731
0.741301
0.725986
0.719405
0.722601
0.73137
0.741327
0.750892
0.760526
0.771093
0.782946
0.795854
0.809418
0.823212
0.836651
0.848797
0.85835
0.863927
0.864443
0.859352
0.848884
0.834159
0.817091
0.800138
0.785647
0.775324
0.76993
0.769414
0.773256
0.780649
0.790559
0.801599
0.812032
0.820065
0.824154
0.823271
0.817246
0.806771
0.793246
0.778583
0.764842
0.753796
0.74664
0.743573
0.743775
0.745772
0.748148
0.750239
0.752355
0.755754
0.761848
0.771314
0.783466
0.796288
0.807129
0.813682
0.814698
0.810326
0.801933
0.791548
0.781319
0.773075
0.768149
0.76733
0.770724
0.777774
0.787546
0.798867
0.810522
0.821418
0.830543
0.836916
0.839635
0.83813
0.8323
0.822823
0.811111
0.799003
0.788114
0.779458
0.773416
0.77006
0.769367
0.771317
0.775748
0.782266
0.790263
0.799192
0.808646
0.818229
0.82755
0.836325
0.844543
0.85248
0.860265
0.867326
0.872399
0.873907
0.870545
0.861767
0.84812
0.831241
0.813547
0.797484
0.784968
0.77691
0.773238
0.773151
0.775388
0.778387
0.780606
0.780917
0.778742
0.774187
0.767749
0.760048
0.751607
0.742649
0.733395
0.72426
0.71604
0.709989
0.707648
0.71034
0.718559
0.73175
0.748437
0.766587
0.784075
0.799111
0.810762
0.818955
0.824076
0.826397
0.825846
0.82236
0.816439
0.809164
0.801782
0.795265
0.790359
0.787957
0.789155
0.794801
0.804775
0.817778
0.831767
0.844582
0.854701
0.861457
0.864906
0.865434
0.863271
0.858325
0.850317
0.839213
0.825425
0.809775
0.793389
0.77781
0.765136
0.7577
0.757328
0.76451
0.777837
0.794246
0.809796
0.82068
0.824102
0.818774
0.805018
0.78457
0.760339
0.7358
0.714477
0.69918
0.691515
0.69162
0.698471
0.710505
0.726217
0.744386
0.763988
0.783989
0.8031
0.819719
0.832148
0.838914
0.839309
0.833642
0.823458
0.811201
0.799756
0.791673
0.788473
0.790383
0.796532
0.805441
0.815322
0.824384
0.83108
0.834297
0.833677
0.829716
0.823693
0.81735
0.812472
0.810298
0.811051
0.814122
0.818501
0.823061
0.826754
0.82875
0.828552
0.82611
0.821672
0.815797
0.809086
0.802147
0.795475
0.789456
0.784408
0.78066
0.778451
0.777842
0.778623
0.780126
0.781377
0.781361
0.779299
0.774895
0.76849
0.791497
0.781719
0.77302
0.766709
0.763521
0.763601
0.766759
0.7728
0.781494
0.792538
0.805256
0.81855
0.831196
0.842135
0.850533
0.855696
0.856805
0.85293
0.843557
0.829331
0.812576
0.797073
0.786613
0.783181
0.785995
0.792297
0.799155
0.805073
0.810517
0.817208
0.826789
0.839942
0.855723
0.87192
0.885758
0.89468
0.896951
0.891778
0.879343
0.860581
0.837037
0.810616
0.783412
0.757652
0.735572
0.719231
0.710164
0.70916
0.716089
0.729939
0.749001
0.77115
0.794229
0.816318
0.836189
0.853317
0.867563
0.878783
0.886677
0.890858
0.890987
0.887145
0.879887
0.870189
0.859006
0.846962
0.834175
0.820383
0.805353
0.789347
0.773176
0.757987
0.74475
0.734005
0.726074
0.721387
0.720662
0.724554
0.733261
0.746117
0.761509
0.777164
0.790612
0.799686
0.802964
0.800099
0.792065
0.780976
0.769692
0.761059
0.757303
0.759559
0.767892
0.781545
0.79923
0.819381
0.840257
0.860152
0.877554
0.891439
0.901235
0.906806
0.908367
0.906205
0.900506
0.891326
0.878723
0.863065
0.845495
0.827763
0.811449
0.797309
0.785465
0.775949
0.769041
0.765086
0.764114
0.765582
0.768557
0.771934
0.775025
0.777859
0.781242
0.786423
0.794374
0.805182
0.817993
0.831325
0.843691
0.853687
0.8601
0.861938
0.85855
0.849747
0.835871
0.817654
0.796314
0.773439
0.750943
0.730833
0.714769
0.703789
0.698209
0.697994
0.703224
0.714201
0.730945
0.752552
0.777109
0.802201
0.82568
0.846329
0.863962
0.879051
0.892029
0.902745
0.910505
0.914523
0.914372
0.910259
0.902886
0.893161
0.881898
0.869622
0.85659
0.842895
0.828926
0.815538
0.803972
0.795642
0.791652
0.792388
0.797075
0.803868
0.810349
0.814395
0.81461
0.810586
0.80288
0.792843
0.782326
0.773334
0.767592
0.766028
0.768456
0.773619
0.779487
0.783895
0.785265
0.783197
0.778592
0.773428
0.770104
0.770676
0.776428
0.787684
0.803648
0.82261
0.842179
0.859787
0.87313
0.880419
0.880623
0.873521
0.859691
0.840675
0.81915
0.798615
0.782604
0.773171
0.770013
0.771039
0.773943
0.777405
0.781497
0.78715
0.795239
0.805708
0.817441
0.828594
0.837521
0.843757
0.848081
0.851979
0.856513
0.86138
0.864967
0.865194
0.860375
0.849745
0.833784
0.814431
0.795247
0.780903
0.775754
0.781976
0.798571
0.82193
0.847253
0.869968
0.886425
0.894376
0.89295
0.882768
0.865755
0.844759
0.822882
0.802689
0.785683
0.772237
0.761975
0.754186
0.7482
0.743305
0.738556
0.732837
0.725349
0.716113
0.706303
0.698169
0.694563
0.698223
0.710569
0.730835
0.756204
0.78287
0.80743
0.827847
0.843841
0.856548
0.867671
0.878554
0.88943
0.899259
0.906383
0.909159
0.906739
0.899118
0.886731
0.870059
0.849444
0.82542
0.7992
0.773462
0.75259
0.741253
0.741479
0.75119
0.765624
0.780034
0.791129
0.797675
0.800638
0.802648
0.80678
0.814989
0.82718
0.841398
0.854768
0.864691
0.869728
0.869935
0.866727
0.862134
0.857831
0.854495
0.851626
0.848141
0.842998
0.835634
0.826321
0.816213
0.807076
0.800811
0.798735
0.801009
0.806598
0.813729
0.820704
0.826369
0.830312
0.832668
0.833857
0.834381
0.834964
0.836279
0.838669
0.841797
0.844471
0.844946
0.841532
0.833088
0.81943
0.801344
0.780557
0.759521
0.741065
0.727852
0.721849
0.723906
0.733402
0.748415
0.766278
0.784097
0.799319
0.810162
0.815819
0.816628
0.814008
0.810043
0.806803
0.805892
0.808158
0.813792
0.822217
0.832156
0.841906
0.849771
0.854641
0.856197
0.854899
0.851451
0.846327
0.83962
0.831307
0.821679
0.811633
0.802623
0.796297
0.79377
0.794979
0.798667
0.802813
0.805303
0.804608
0.80033
0.793457
0.786062
0.780576
0.778823
0.781464
0.788103
0.797535
0.808055
0.817649
0.824235
0.826349
0.823742
0.817813
0.81151
0.808444
0.811544
0.821883
0.838395
0.858553
0.879308
0.897877
0.911993
0.919923
0.920421
0.912854
0.897396
0.875227
0.848523
0.820176
0.793285
0.770407
0.753107
0.741717
0.73568
0.733959
0.735408
0.738775
0.742772
0.746256
0.74857
0.749891
0.751138
0.753471
0.757854
0.764732
0.773889
0.784693
0.79615
0.807063
0.816164
0.822286
0.824582
0.822745
0.817196
0.809204
0.80071
0.793861
0.790383
0.791196
0.796341
0.805174
0.816806
0.830264
0.844514
0.8583
0.870221
0.878966
0.883772
0.884454
0.881456
0.875633
0.867925
0.859224
0.850108
0.840908
0.831997
0.82431
0.819383
0.81855
0.821881
0.827887
0.834186
0.838474
0.83913
0.835423
0.827409
0.815892
0.802256
0.788065
0.77461
0.76251
0.751668
0.741698
0.732254
0.723456
0.716017
0.711069
0.709926
0.713863
0.723779
0.739944
0.761466
0.786403
0.812045
0.835614
0.854685
0.867561
0.873198
0.871134
0.861551
0.845336
0.824229
0.800818
0.778372
0.760406
0.749989
0.748968
0.757312
0.773181
0.793292
0.81396
0.831933
0.84489
0.851643
