-7.83859
-7.79792
-7.7253
-7.63674
-7.53187
-7.41497
-7.29516
-7.1768
-7.06869
-6.97688
-6.90719
-6.86493
-6.85007
-6.85869
-6.8881
-6.9283
-6.97459
-7.01954
-7.0626
-7.09908
-7.12528
-7.14508
-7.15961
-7.16574
-7.16495
-7.16019
-7.1538
-7.14932
-7.14623
-7.14429
-7.14579
-7.14779
-7.15214
-7.16172
-7.17002
-7.18148
-7.19471
-7.20742
-7.21772
-7.22675
-7.23643
-7.2435
-7.24898
-7.25328
-7.25262
-7.24883
-7.24126
-7.23251
-7.22262
-7.212
-7.20033
-7.18834
-7.18181
-7.18007
-7.18454
-7.19275
-7.20649
-7.2165
-7.23169
-7.24572
-7.25787
-7.26744
-7.2708
-7.27117
-7.26856
-7.26401
-7.25339
-7.24216
-7.22873
-7.21598
-7.20647
-7.19465
-7.18512
-7.17809
-7.17031
-7.16234
-7.15828
-7.15621
-7.15605
-7.16111
-7.16722
-7.17352
-7.18258
-7.18672
-7.19311
-7.19522
-7.19841
-7.20112
-7.20464
-7.20511
-7.2071
-7.2062
-7.20273
-7.19636
-7.19194
-7.18446
-7.1754
-7.17012
-7.1613
-7.15745
-7.14929
-7.14562
-7.14268
-7.14241
-7.14431
-7.14993
-7.15605
-7.16571
-7.17534
-7.18593
-7.19657
-7.20686
-7.21758
-7.22407
-7.23204
-7.23649
-7.23945
-7.2446
-7.24461
-7.24262
-7.23901
-7.23284
-7.22681
-7.21992
-7.21377
-7.20667
-7.19996
-7.19478
-7.19041
-7.18861
-7.1868
-7.18659
-7.18414
-7.18323
-7.18195
-7.18027
-7.179
-7.17835
-7.18003
-7.18775
-7.1941
-7.20225
-7.20862
-7.21277
-7.21637
-7.21751
-7.21418
-7.21164
-7.20514
-7.19757
-7.19013
-7.18427
-7.1769
-7.17104
-7.16523
-7.15684
-7.14967
-7.14341
-7.13619
-7.13421
-7.13264
-7.13613
-7.14111
-7.15163
-7.16383
-7.18003
-7.19596
-7.21285
-7.2292
-7.24338
-7.25422
-7.26534
-7.27396
-7.27933
-7.281
-7.28064
-7.27606
-7.26976
-7.26234
-7.25157
-7.23812
-7.22677
-7.21289
-7.20058
-7.18271
-7.16755
-7.15249
-7.13891
-7.12972
-7.12348
-7.12077
-7.12058
-7.12301
-7.12606
-7.12999
-7.13771
-7.14341
-7.15135
-7.16
-7.16914
-7.17813
-7.18609
-7.19795
-7.20769
-7.21595
-7.22311
-7.23185
-7.24001
-7.24792
-7.25352
-7.26038
-7.26843
-7.27172
-7.27434
-7.2721
-7.26826
-7.2633
-7.25559
-7.24314
-7.22915
-7.21407
-7.19783
-7.18455
-7.17364
-7.16367
-7.15601
-7.15132
-7.1484
-7.14781
-7.15175
-7.15982
-7.16867
-7.18054
-7.19023
-7.19936
-7.2091
-7.21527
-7.21843
-7.21748
-7.2148
-7.20945
-7.20166
-7.19413
-7.18475
-7.17686
-7.16815
-7.16361
-7.161
-7.15901
-7.16042
-7.16692
-7.17257
-7.1809
-7.19287
-7.20317
-7.21462
-7.22362
-7.23004
-7.23758
-7.24305
-7.24778
-7.24895
-7.25267
-7.25296
-7.25149
-7.24572
-7.23941
-7.23242
-7.22382
-7.21263
-7.20126
-7.18908
-7.18151
-7.17143
-7.16474
-7.15996
-7.16041
-7.15811
-7.15543
-7.1492
-7.14678
-7.14593
-7.14744
-7.15229
-7.15837
-7.16546
-7.17461
-7.18498
-7.19492
-7.20626
-7.21262
-7.21573
-7.21554
-7.21352
-7.21279
-7.2085
-7.20222
-7.19809
-7.19704
-7.1961
-7.19317
-7.19189
-7.19302
-7.19314
-7.19508
-7.19692
-7.19745
-7.19801
-7.20024
-7.20311
-7.20576
-7.20552
-7.20995
-7.2104
-7.20707
-7.20161
-7.19382
-7.18492
-7.179
-7.17199
-7.16624
-7.16223
-7.16199
-7.16388
-7.16901
-7.17461
-7.18157
-7.19082
-7.19609
-7.19991
-7.20078
-7.20215
-7.20185
-7.20064
-7.20196
-7.2054
-7.20873
-7.20981
-7.21284
-7.21769
-7.22251
-7.22411
-7.22607
-7.22488
-7.22245
-7.21617
-7.208
-7.19811
-7.19113
-7.18319
-7.17681
-7.17324
-7.1745
-7.17783
-7.18547
-7.1905
-7.19943
-7.20678
-7.21349
-7.21617
-7.21771
-7.21231
-7.20684
-7.198
-7.18784
-7.18061
-7.1698
-7.15956
-7.15149
-7.14758
-7.14472
-7.14584
-7.14782
-7.15494
-7.16686
-7.18057
-7.19703
-7.21306
-7.22772
-7.24071
-7.251
-7.25814
-7.26072
-7.2571
-7.25219
-7.24323
-7.23096
-7.21821
-7.20742
-7.19762
-7.19173
-7.18528
-7.18217
-7.1812
-7.18284
-7.18547
-7.18692
-7.18668
-7.18539
-7.18175
-7.17715
-7.17394
-7.1686
-7.16187
-7.15635
-7.15257
-7.15211
-7.15449
-7.15656
-7.16091
-7.16521
-7.17412
-7.18344
-7.19537
-7.20675
-7.21826
-7.22755
-7.23234
-7.23923
-7.2417
-7.24195
-7.23815
-7.23359
-7.22689
-7.22187
-7.21923
-7.21344
-7.20827
-7.20426
-7.20113
-7.20031
-7.20075
-7.20029
-7.19929
-7.19526
-7.1927
-7.18641
-7.17986
-7.17362
-7.16891
-7.16224
-7.15915
-7.15711
-7.15929
-7.16592
-7.17284
-7.18161
-7.18964
-7.19436
-7.19607
-7.1974
-7.19961
-7.20162
-7.20436
-7.20939
-7.21695
-7.22515
-7.23013
-7.23477
-7.23616
-7.23581
-7.2342
-7.23245
-7.23134
-7.22522
-7.21792
-7.21268
-7.20445
-7.19706
-7.19136
-7.18905
-7.1844
-7.1795
-7.1752
-7.17352
-7.172
-7.17297
-7.17986
-7.18872
-7.20102
-7.21115
-7.22224
-7.23143
-7.24087
-7.24559
-7.24546
-7.24009
-7.2289
-7.21443
-7.19738
-7.17924
-7.15919
-7.14423
-7.13182
-7.12678
-7.12468
-7.12977
-7.13967
-7.15194
-7.16529
-7.17759
-7.17007
-7.14243
-7.10114
-7.04273
-6.97776
-6.9112
-6.85143
-6.80608
-6.77654
-6.76083
-6.75969
-6.76644
-6.7774
-6.79029
-6.80396
-6.81474
-6.82051
-6.82721
-6.83497
-6.84038
-6.84528
-6.84852
-6.85333
-6.8548
-6.85701
-6.85813
-6.86383
-6.87344
-6.88489
-6.89627
-6.9105
-6.92505
-6.94201
-6.95534
-6.969
-6.98214
-6.9891
-6.99421
-6.99589
-6.99348
-6.98571
-6.97542
-6.9631
-6.94684
-6.92718
-6.90912
-6.88896
-6.86753
-6.84506
-6.82417
-6.80311
-6.78438
-6.76545
-6.75524
-6.75181
-6.75461
-6.7667
-6.78412
-6.80546
-6.83071
-6.85681
-6.88454
-6.91114
-6.93749
-6.95897
-6.97767
-6.99172
-7.00027
-7.00199
-7.0003
-6.99397
-6.98118
-6.96562
-6.94559
-6.92242
-6.89663
-6.87128
-6.84682
-6.8242
-6.81032
-6.80152
-6.79669
-6.79966
-6.80826
-6.82339
-6.84248
-6.85903
-6.87937
-6.89324
-6.90396
-6.91285
-6.91588
-6.91571
-6.9133
-6.90663
-6.89934
-6.89339
-6.88592
-6.88176
-6.88053
-6.88833
-6.90024
-6.91468
-6.92763
-6.94099
-6.95137
-6.95424
-6.95517
-6.94876
-6.94028
-6.9336
-6.92282
-6.9138
-6.90511
-6.90145
-6.89683
-6.8913
-6.88242
-6.87
-6.8587
-6.84796
-6.83646
-6.82929
-6.82737
-6.83415
-6.84214
-6.85471
-6.86727
-6.87902
-6.89032
-6.89885
-6.9002
-6.89474
-6.88693
-6.87753
-6.86905
-6.86697
-6.86842
-6.87652
-6.89089
-6.90643
-6.91874
-6.93042
-6.9385
-6.94063
-6.94006
-6.93241
-6.92864
-6.92404
-6.92443
-6.92703
-6.93262
-6.94112
-6.94896
-6.95396
-6.95684
-6.95181
-6.94329
-6.93237
-6.92052
-6.90916
-6.90291
-6.89571
-6.89072
-6.88873
-6.88979
-6.88893
-6.88865
-6.8869
-6.88723
-6.8877
-6.88647
-6.88439
-6.885
-6.8861
-6.88409
-6.88279
-6.88285
-6.88344
-6.88399
-6.88524
-6.88867
-6.89333
-6.90316
-6.91121
-6.92385
-6.93434
-6.94134
-6.9449
-6.94989
-6.94558
-6.93775
-6.92356
-6.90333
-6.87739
-6.8515
-6.82289
-6.79843
-6.78182
-6.77358
-6.77918
-6.79504
-6.81749
-6.84725
-6.8804
-6.91196
-6.9429
-6.9697
-6.98556
-6.99425
-6.99625
-6.99184
-6.97763
-6.95997
-6.93857
-6.91578
-6.89704
-6.87928
-6.8663
-6.85613
-6.85009
-6.8496
-6.85215
-6.85787
-6.8675
-6.87664
-6.88619
-6.89675
-6.90866
-6.92145
-6.93041
-6.93614
-6.93834
-6.93584
-6.93072
-6.92165
-6.911
-6.90312
-6.89622
-6.89112
-6.88465
-6.88234
-6.87695
-6.87316
-6.86768
-6.8626
-6.86013
-6.85589
-6.85721
-6.86259
-6.86958
-6.87758
-6.88517
-6.88999
-6.89229
-6.88947
-6.88216
-6.87612
-6.87005
-6.86378
-6.86032
-6.86196
-6.86942
-6.8827
-6.89768
-6.91608
-6.93407
-6.94936
-6.9621
-6.96891
-6.96901
-6.96394
-6.95239
-6.94011
-6.92517
-6.91166
-6.89736
-6.88952
-6.88816
-6.89103
-6.89489
-6.9014
-6.90629
-6.90783
-6.90837
-6.90667
-6.90372
-6.90087
-6.89716
-6.89495
-6.89156
-6.88885
-6.88573
-6.88015
-6.87361
-6.86526
-6.85708
-6.85211
-6.8493
-6.848
-6.85041
-6.85389
-6.86056
-6.86546
-6.87532
-6.884
-6.89395
-6.90119
-6.90844
-6.91518
-6.92227
-6.92788
-6.93477
-6.94025
-6.94497
-6.94502
-6.94088
-6.93337
-6.92613
-6.91732
-6.91064
-6.90296
-6.89814
-6.89638
-6.89266
-6.88933
-6.88733
-6.8823
-6.87725
-6.87516
-6.87267
-6.87889
-6.88639
-6.89552
-6.90356
-6.91166
-6.91691
-6.91816
-6.91615
-6.90802
-6.8964
-6.88525
-6.87137
-6.85676
-6.8488
-6.84123
-6.84061
-6.84468
-6.85409
-6.86801
-6.88478
-6.89802
-6.91131
-6.92029
-6.92438
-6.92679
-6.9251
-6.91917
-6.91113
-6.89991
-6.88942
-6.87833
-6.8687
-6.85991
-6.85812
-6.85808
-6.86313
-6.87281
-6.88845
-6.90295
-6.91407
-6.92718
-6.93666
-6.94272
-6.94334
-6.93621
-6.92444
-6.91487
-6.90869
-6.90309
-6.90039
-6.89813
-6.89582
-6.89352
-6.89101
-6.88851
-6.887
-6.88136
-6.87769
-6.87372
-6.87195
-6.87228
-6.8752
-6.87819
-6.88803
-6.89912
-6.90818
-6.91538
-6.92313
-6.92896
-6.93425
-6.9393
-6.9441
-6.94637
-6.94628
-6.94192
-6.93556
-6.92655
-6.91322
-6.90333
-6.89124
-6.88387
-6.87836
-6.8732
-6.86583
-6.85697
-6.85118
-6.84608
-6.84333
-6.84221
-6.84067
-6.84536
-6.84899
-6.85756
-6.87161
-6.89017
-6.91122
-6.93423
-6.95481
-6.97488
-6.99083
-7.00006
-7.00391
-7.00278
-6.9954
-6.98697
-6.97538
-6.95776
-6.93959
-6.91774
-6.89845
-6.87975
-6.86391
-6.84933
-6.84212
-6.83703
-6.83979
-6.84506
-6.85292
-6.86047
-6.86928
-6.87539
-6.88094
-6.88286
-6.88336
-6.88328
-6.8819
-6.88048
-6.8781
-6.87728
-6.87471
-6.87065
-6.86422
-6.85728
-6.85416
-6.85461
-6.85151
-6.85241
-6.85374
-6.85943
-6.86834
-6.87834
-6.887
-6.89284
-6.89283
-6.88801
-6.87814
-6.86572
-6.85448
-6.84428
-6.83628
-6.83064
-6.83028
-6.83437
-6.8423
-6.85344
-6.86877
-6.88697
-6.90425
-6.92213
-6.94143
-6.95913
-6.97666
-6.99263
-7.0039
-7.01313
-7.01438
-7.00957
-6.99983
-6.97978
-6.95289
-6.92476
-6.89474
-6.86569
-6.8344
-6.80552
-6.77458
-6.74308
-6.71596
-6.68738
-6.66652
-6.65487
-6.65506
-6.66715
-6.69296
-6.72491
-6.76274
-6.80092
-6.84016
-6.87549
-6.90694
-6.93049
-6.94267
-6.94491
-6.94158
-6.92976
-6.90977
-6.88708
-6.86364
-6.84035
-6.81925
-6.80035
-6.78699
-6.77666
-6.76497
-6.75534
-6.74615
-6.73754
-6.7291
-6.73246
-6.746
-6.76708
-6.79403
-6.82334
-6.84843
-6.87305
-6.88964
-6.90256
-6.9118
-6.91465
-6.91203
-6.90431
-6.89222
-6.87519
-6.85655
-6.83475
-6.81237
-6.79261
-6.77561
-6.76238
-6.75133
-6.74329
-6.73381
-6.7258
-6.71902
-6.71541
-6.71734
-6.72699
-6.74169
-6.76537
-6.78891
-6.81436
-6.84382
-6.8721
-6.89775
-6.92469
-6.94736
-6.96412
-6.97552
-6.97937
-6.9744
-6.96441
-6.94547
-6.92055
-6.89389
-6.86554
-6.8364
-6.81059
-6.78978
-6.77229
-6.75896
-6.74991
-6.74951
-6.75563
-6.76446
-6.77811
-6.78907
-6.80292
-6.81147
-6.81941
-6.82102
-6.81718
-6.80963
-6.79393
-6.77466
-6.75586
-6.73677
-6.72188
-6.71342
-6.71423
-6.72325
-6.74249
-6.77028
-6.80334
-6.8373
-6.87063
-6.90046
-6.92267
-6.93469
-6.93551
-6.92648
-6.90599
-6.88125
-6.85366
-6.82683
-6.80383
-6.78723
-6.7787
-6.78171
-6.78668
-6.79845
-6.81367
-6.82855
-6.84038
-6.84689
-6.84815
-6.84482
-6.83579
-6.82305
-6.80657
-6.79168
-6.78154
-6.77398
-6.77495
-6.78081
-6.78964
-6.79953
-6.81058
-6.81984
-6.82953
-6.83964
-6.84829
-6.85717
-6.8636
-6.86865
-6.86876
-6.86793
-6.86481
-6.86217
-6.85704
-6.85417
-6.85274
-6.85317
-6.85233
-6.85449
-6.85533
-6.85392
-6.84711
-6.83557
-6.81237
-6.78694
-6.76046
-6.73563
-6.71415
-6.70156
-6.69674
-6.70199
-6.71482
-6.73502
-6.76257
-6.78819
-6.8129
-6.83853
-6.86196
-6.87962
-6.89551
-6.90525
-6.90775
-6.90937
-6.90385
-6.89658
-6.89108
-6.88605
-6.87642
-6.86724
-6.86153
-6.85808
-6.85681
-6.85639
-6.85738
-6.85426
-6.85123
-6.84832
-6.84212
-6.83467
-6.82614
-6.81557
-6.80357
-6.78589
-6.76758
-6.75187
-6.73616
-6.7266
-6.7197
-6.71606
-6.71585
-6.71984
-6.72867
-6.73632
-6.74736
-6.75848
-6.76667
-6.77463
-6.77867
-6.78196
-6.78455
-6.78676
-6.79059
-6.79899
-6.81442
-6.83387
-6.85562
-6.87925
-6.8993
-6.91593
-6.92364
-6.92338
-6.91854
-6.91226
-6.90602
-6.89759
-6.89013
-6.88792
-6.8846
-6.88034
-6.87584
-6.86947
-6.86497
-6.85758
-6.84845
-6.83874
-6.82925
-6.82441
-6.81989
-6.81819
-6.81742
-6.81572
-6.80868
-6.79974
-6.78966
-6.77584
-6.75863
-6.74352
-6.73044
-6.71939
-6.71228
-6.71257
-6.71477
-6.72166
-6.7298
-6.74369
-6.75714
-6.77159
-6.79153
-6.80964
-6.82961
-6.85379
-6.87484
-6.89682
-6.91161
-6.92174
-6.92246
-6.91288
-6.90038
-6.88552
-6.86572
-6.84765
-6.83146
-6.82266
-6.81953
-6.82538
-6.83156
-6.83964
-6.84275
-6.84372
-6.84005
-6.83328
-6.82571
-6.81749
-6.80885
-6.80193
-6.79529
-6.79168
-6.79005
-6.79075
-6.79308
-6.79818
-6.80417
-6.80715
-6.80871
-6.80399
-6.79864
-6.79206
-6.78199
-6.77208
-6.76
-6.74955
-6.7436
-6.74209
-6.74657
-6.75315
-6.76328
-6.77861
-6.7944
-6.81091
-6.82301
-6.83189
-6.83836
-6.84187
-6.84738
-6.8537
-6.85992
-6.86796
-6.87365
-6.87738
-6.87714
-6.87481
-6.87006
-6.86699
-6.8632
-6.86251
-6.8631
-6.86468
-6.86743
-6.86655
-6.86553
-6.86409
-6.86464
-6.86596
-6.86561
-6.86883
-6.86918
-6.86994
-6.8677
-6.86569
-6.8665
-6.86819
-6.87163
-6.87412
-6.87501
-6.87046
-6.86334
-6.84984
-6.82945
-6.80673
-6.78267
-6.75813
-6.73604
-6.72024
-6.71067
-6.70851
-6.71696
-6.72642
-6.74321
-6.76229
-6.7789
-6.79231
-6.80121
-6.80564
-6.80273
-6.79909
-6.79243
-6.78677
-6.78269
-6.78165
-6.7879
-6.79632
-6.80591
-6.81783
-6.82891
-6.84097
-6.85154
-6.86054
-6.86498
-6.86641
-6.86591
-6.86401
-6.86188
-6.86021
-6.86036
-6.86411
-6.87028
-6.87332
-6.87424
-6.87123
-6.86375
-6.85263
-6.83974
-6.82766
-6.8134
-6.80281
-6.79446
-6.79342
-6.79355
-6.7939
-6.79299
-6.78828
-6.78138
-6.77845
-6.7748
-6.77585
-6.78233
-6.79507
-6.8072
-6.82128
-6.82867
-6.83596
-6.84204
-6.84397
-6.84172
-6.8392
-6.83472
-6.83317
-6.83236
-6.83098
-6.82959
-6.82441
-6.8194
-6.81526
-6.81575
-6.81805
-6.8225
-6.82466
-6.82754
-6.82421
-6.81664
-6.81095
-6.80271
-6.79499
-6.78554
-6.77573
-6.76808
-6.76712
-6.77141
-6.78247
-6.79777
-6.81239
-6.82746
-6.84063
-6.84385
-6.83944
-6.82744
-6.81635
-6.80477
-6.80086
-6.804
-6.81572
-6.82833
-6.84245
-6.8542
-6.86649
-6.8798
-6.8894
-6.8983
-6.9017
-6.90633
-6.90167
-6.88812
-6.8714
-6.84649
-6.81431
-6.77779
-6.73761
-6.69873
-6.66784
-6.6532
-6.65177
-6.66756
-6.69498
-6.73152
-6.7702
-6.80507
-6.8335
-6.84999
-6.8575
-6.85556
-6.84375
-6.82781
-6.80861
-6.78945
-6.7743
-6.76782
-6.76977
-6.77904
-6.79761
-6.82174
-6.84754
-6.86762
-6.88031
-6.8797
-6.86982
-6.8485
-6.82187
-6.79104
-6.76152
-6.73418
-6.70966
-6.69301
-6.68158
-6.67433
-6.66879
-6.66198
-6.65446
-6.64782
-6.64179
-6.63641
-6.62943
-6.62293
-6.61954
-6.61632
-6.6145
-6.61567
-6.62336
-6.63876
-6.65903
-6.68492
-6.71346
-6.74231
-6.76405
-6.78228
-6.79162
-6.79434
-6.79093
-6.77917
-6.76605
-6.75575
-6.7516
-6.74946
-6.74832
-6.7483
-6.74846
-6.74267
-6.73546
-6.72752
-6.71772
-6.70981
-6.70483
-6.70374
-6.70861
-6.71772
-6.72709
-6.73752
-6.74617
-6.75404
-6.75457
-6.75366
-6.74857
-6.74086
-6.73087
-6.7195
-6.71001
-6.70179
-6.69925
-6.70301
-6.71495
-6.73186
-6.75609
-6.78108
-6.808
-6.83224
-6.85046
-6.86256
-6.86513
-6.85937
-6.84208
-6.81715
-6.79009
-6.76656
-6.74621
-6.73451
-6.72545
-6.72187
-6.71659
-6.70824
-6.70139
-6.69501
-6.68498
-6.67574
-6.66799
-6.6611
-6.65953
-6.65877
-6.65713
-6.65649
-6.6591
-6.6635
-6.67119
-6.68106
-6.6944
-6.70685
-6.72114
-6.73277
-6.74081
-6.74756
-6.75075
-6.75359
-6.75914
-6.76223
-6.76854
-6.77607
-6.78242
-6.78661
-6.78395
-6.7784
-6.77061
-6.76185
-6.75402
-6.74587
-6.74307
-6.74083
-6.73781
-6.7362
-6.73568
-6.73672
-6.73886
-6.74722
-6.7561
-6.76497
-6.7733
-6.77773
-6.77743
-6.77249
-6.76505
-6.75509
-6.74443
-6.73141
-6.72104
-6.71186
-6.70687
-6.70822
-6.71044
-6.71641
-6.72133
-6.7257
-6.72802
-6.7316
-6.73499
-6.74096
-6.7466
-6.75415
-6.75957
-6.76224
-6.75989
-6.75158
-6.73701
-6.71594
-6.69449
-6.68056
-6.67422
-6.68098
-6.69642
-6.71526
-6.73593
-6.75164
-6.75943
-6.75769
-6.74978
-6.73796
-6.72496
-6.70762
-6.69913
-6.6934
-6.69083
-6.69241
-6.69373
-6.69558
-6.69506
-6.69375
-6.69379
-6.69239
-6.69272
-6.69379
-6.69456
-6.69453
-6.70236
-6.7143
-6.73116
-6.7513
-6.77264
-6.79377
-6.81354
-6.83032
-6.84171
-6.84705
-6.84473
-6.83683
-6.82257
-6.80097
-6.77737
-6.75195
-6.72542
-6.7008
-6.68182
-6.67016
-6.66601
-6.67117
-6.68418
-6.70323
-6.72727
-6.75124
-6.77069
-6.78422
-6.78723
-6.78442
-6.77569
-6.76295
-6.74343
-6.72115
-6.69983
-6.68145
-6.66619
-6.65622
-6.65518
-6.65884
-6.66765
-6.67693
-6.68785
-6.69801
-6.70197
-6.70009
-6.69783
-6.69291
-6.68966
-6.68468
-6.68478
-6.6845
-6.68738
-6.69408
-6.70194
-6.71078
-6.71766
-6.72001
-6.72067
-6.71245
-6.70457
-6.6976
-6.6952
-6.699
-6.71011
-6.72705
-6.74622
-6.76494
-6.78063
-6.78707
-6.78536
-6.77392
-6.75981
-6.74274
-6.72716
-6.71416
-6.70653
-6.70144
-6.69721
-6.69656
-6.69662
-6.6997
-6.70685
-6.71672
-6.7337
-6.75056
-6.76682
-6.78093
-6.79179
-6.79426
-6.79256
-6.78666
-6.77762
-6.76754
-6.75288
-6.73514
-6.71742
-6.70216
-6.69153
-6.68784
-6.69064
-6.70067
-6.71379
-6.72428
-6.73063
-6.73308
-6.72659
-6.71796
-6.70296
-6.68439
-6.66964
-6.65847
-6.65056
-6.65039
-6.65528
-6.66918
-6.68606
-6.71053
-6.73799
-6.76613
-6.79277
-6.81513
-6.82661
-6.83537
-6.83612
-6.83169
-6.82173
-6.80708
-6.79181
-6.77721
-6.76132
-6.74613
-6.7249
-6.70376
-6.68364
-6.66622
-6.65576
-6.65297
-6.65529
-6.66495
-6.68027
-6.69618
-6.71022
-6.72285
-6.7302
-6.73378
-6.73799
-6.73736
-6.73331
-6.7303
-6.72445
-6.71654
-6.71019
-6.7063
-6.70647
-6.71269
-6.72692
-6.74774
-6.77517
-6.80127
-6.82029
-6.83204
-6.83516
-6.82624
-6.811
-6.79303
-6.77225
-6.75137
-6.73387
-6.72125
-6.71172
-6.70573
-6.70045
-6.69583
-6.69111
-6.68678
-6.68051
-6.67636
-6.67385
-6.67253
-6.67167
-6.67572
-6.68219
-6.68713
-6.69041
-6.69391
-6.69888
-6.70472
-6.70861
-6.72068
-6.73454
-6.75
-6.76699
-6.78792
-6.80753
-6.82468
-6.84081
-6.85268
-6.85582
-6.85277
-6.84373
-6.82986
-6.81695
-6.8053
-6.79598
-6.78966
-6.78819
-6.78885
-6.78675
-6.78176
-6.77086
-6.75738
-6.74125
-6.72461
-6.71095
-6.70239
-6.70049
-6.70105
-6.70778
-6.715
-6.72193
-6.73025
-6.73162
-6.73582
-6.73867
-6.7416
-6.74457
-6.74946
-6.74798
-6.74045
-6.73048
-6.71154
-6.68822
-6.65854
-6.62498
-6.59213
-6.56179
-6.53716
-6.52346
-6.5196
-6.53096
-6.55351
-6.58719
-6.62643
-6.66848
-6.70558
-6.7386
-6.76373
-6.77959
-6.78633
-6.78516
-6.77782
-6.76741
-6.757
-6.75029
-6.74747
-6.74914
-6.75132
-6.75999
-6.76797
-6.77569
-6.78494
-6.79418
-6.8013
-6.80694
-6.80895
-6.80565
-6.7966
-6.78734
-6.77368
-6.75949
-6.74534
-6.73337
-6.72124
-6.70614
-6.6923
-6.67795
-6.66559
-6.65775
-6.65998
-6.6662
-6.6815
-6.70314
-6.72622
-6.74783
-6.76571
-6.78106
-6.78918
-6.79649
-6.80084
-6.80168
-6.79797
-6.7933
-6.78542
-6.77552
-6.76245
-6.74654
-6.72833
-6.71243
-6.69588
-6.6812
-6.66945
-6.66224
-6.65732
-6.6564
-6.65607
-6.65867
-6.65889
-6.65545
-6.65044
-6.6422
-6.63265
-6.62144
-6.60955
-6.59816
-6.58906
-6.58061
-6.57806
-6.57536
-6.57427
-6.57797
-6.58142
-6.58915
-6.60279
-6.62213
-6.64355
-6.66408
-6.68263
-6.69621
-6.70456
-6.70697
-6.70535
-6.70549
-6.70627
-6.71232
-6.72229
-6.73304
-6.74644
-6.75801
-6.76083
-6.76176
-6.75196
-6.73548
-6.7171
-6.69442
-6.6706
-6.65029
-6.63286
-6.62067
-6.61108
-6.60604
-6.60039
-6.59499
-6.58802
-6.5822
-6.57625
-6.57118
-6.56921
-6.56998
-6.57794
-6.59145
-6.60658
-6.6267
-6.64725
-6.66612
-6.67978
-6.68671
-6.68941
-6.68495
-6.67462
-6.66335
-6.65454
-6.64889
-6.65068
-6.65257
-6.66304
-6.67791
-6.70061
-6.72791
-6.75529
-6.7789
-6.79468
-6.80263
-6.79999
-6.79213
-6.77787
-6.75655
-6.73547
-6.71351
-6.6953
-6.67868
-6.66326
-6.65364
-6.64484
-6.63637
-6.63201
-6.62416
-6.61802
-6.60516
-6.59526
-6.58324
-6.56978
-6.55533
-6.5439
-6.53435
-6.52683
-6.52319
-6.52306
-6.52554
-6.53494
-6.54453
-6.56148
-6.57982
-6.60023
-6.62344
-6.64745
-6.67373
-6.70477
-6.734
-6.76099
-6.78291
-6.79835
-6.80366
-6.79532
-6.77879
-6.75834
-6.73534
-6.71586
-6.70078
-6.6931
-6.69356
-6.69889
-6.70405
-6.70577
-6.69675
-6.68057
-6.65745
-6.63064
-6.60127
-6.57357
-6.55605
-6.54224
-6.53568
-6.53885
-6.54541
-6.55806
-6.57263
-6.59421
-6.61664
-6.64059
-6.66675
-6.68847
-6.70677
-6.7206
-6.73074
-6.73601
-6.7391
-6.74041
-6.73844
-6.73193
-6.72596
-6.71341
-6.69923
-6.68273
-6.66196
-6.6407
-6.62079
-6.59959
-6.58357
-6.57432
-6.56879
-6.56443
-6.56391
-6.56745
-6.57134
-6.57732
-6.58799
-6.602
-6.61693
-6.62972
-6.64101
-6.64756
-6.64976
-6.64886
-6.64495
-6.64313
-6.64794
-6.65856
-6.67248
-6.69118
-6.70947
-6.72407
-6.73406
-6.73954
-6.73868
-6.73293
-6.72019
-6.7082
-6.69501
-6.69122
-6.69042
-6.69904
-6.71227
-6.72935
-6.7462
-6.76159
-6.76819
-6.76421
-6.75348
-6.73179
-6.7031
-6.66984
-6.63706
-6.60711
-6.58986
-6.58272
-6.58624
-6.60149
-6.61941
-6.63381
-6.64131
-6.63844
-6.62644
-6.60753
-6.58682
-6.56385
-6.54884
-6.54202
-6.54215
-6.55098
-6.56728
-6.59263
-6.61902
-6.64737
-6.67476
-6.69891
-6.71409
-6.72382
-6.72724
-6.72336
-6.71406
-6.69795
-6.6789
-6.6642
-6.65299
-6.64963
-6.6555
-6.66525
-6.67748
-6.68597
-6.68737
-6.68455
-6.67687
-6.67111
-6.66749
-6.66999
-6.67981
-6.69162
-6.70326
-6.71467
-6.72441
-6.732
-6.73502
-6.733
-6.72554
-6.71215
-6.69414
-6.67426
-6.65489
-6.63516
-6.61672
-6.59977
-6.58645
-6.57759
-6.57252
-6.56892
-6.57189
-6.5765
-6.58342
-6.59533
-6.61214
-6.63228
-6.6532
-6.67642
-6.70007
-6.71534
-6.72164
-6.7196
-6.7142
-6.70318
-6.6901
-6.67692
-6.66695
-6.65851
-6.65526
-6.65177
-6.65016
-6.65002
-6.65016
-6.64817
-6.64331
-6.63938
-6.63628
-6.62805
-6.61538
-6.60223
-6.58394
-6.56804
-6.5558
-6.54884
-6.55365
-6.56642
-6.59061
-6.61747
-6.65026
-6.67924
-6.70246
-6.72089
-6.72687
-6.72553
-6.71891
-6.71082
-6.70471
-6.69936
-6.70003
-6.70336
-6.7121
-6.72004
-6.72614
-6.72911
-6.72823
-6.72051
-6.70757
-6.69023
-6.67625
-6.65868
-6.64304
-6.63406
-6.62866
-6.62563
-6.62991
-6.63319
-6.64163
-6.65265
-6.66603
-6.67986
-6.68782
-6.68875
-6.68227
-6.67263
-6.65986
-6.64184
-6.62362
-6.60523
-6.58608
-6.57254
-6.56155
-6.5545
-6.55664
-6.56809
-6.58546
-6.60804
-6.63312
-6.6614
-6.68388
-6.7033
-6.7151
-6.71759
-6.71291
-6.70387
-6.69025
-6.67355
-6.65576
-6.64001
-6.62242
-6.60628
-6.58934
-6.57269
-6.55876
-6.54595
-6.53754
-6.53496
-6.54103
-6.55317
-6.57228
-6.59525
-6.62278
-6.65032
-6.67413
-6.69351
-6.70853
-6.719
-6.73193
-6.74169
-6.75282
-6.7617
-6.76813
-6.76803
-6.76076
-6.75152
-6.73885
-6.72649
-6.71741
-6.71125
-6.70892
-6.71095
-6.71282
-6.71843
-6.71629
-6.70773
-6.68921
-6.66525
-6.63702
-6.61272
-6.59099
-6.57642
-6.56679
-6.56158
-6.55682
-6.55296
-6.54919
-6.54534
-6.54108
-6.53796
-6.54018
-6.54904
-6.56143
-6.57702
-6.59323
-6.60574
-6.61793
-6.62853
-6.63904
-6.64844
-6.66112
-6.67591
-6.69459
-6.71552
-6.73266
-6.74704
-6.75777
-6.76429
-6.76731
-6.76652
-6.76571
-6.76254
-6.75938
-6.75368
-6.74893
-6.73901
-6.72624
-6.70863
-6.6866
-6.66297
-6.63933
-6.61926
-6.60746
-6.60242
-6.60742
-6.61959
-6.63524
-6.65168
-6.66585
-6.67336
-6.67342
-6.66385
-6.65349
-6.64328
-6.633
-6.62173
-6.61185
-6.60295
-6.59884
-6.59874
-6.60515
-6.61965
-6.64096
-6.66879
-6.70047
-6.7286
-6.74877
-6.75961
-6.75829
-6.74519
-6.72562
-6.70782
-6.68971
-6.67752
-6.6724
-6.6713
-6.67125
-6.67104
-6.66807
-6.6603
-6.65065
-6.641
-6.63248
-6.62613
-6.62154
-6.61969
-6.6205
-6.62018
-6.61965
-6.61891
-6.62232
-6.62976
-6.63907
-6.64725
-6.65619
-6.66282
-6.66678
-6.66594
-6.66233
-6.65697
-6.64779
-6.63496
-6.62185
-6.61209
-6.60634
-6.60305
-6.60358
-6.60325
-6.60564
-6.60788
-6.61175
-6.61519
-6.61865
-6.62317
-6.62868
-6.63763
-6.642
-6.6436
-6.65064
-6.65704
-6.66828
-6.67955
-6.68862
-6.69322
-6.69476
-6.69193
-6.68631
-6.67965
-6.67652
-6.67262
-6.67298
-6.67524
-6.67472
-6.67018
-6.66037
-6.64809
-6.63038
-6.61304
-6.5982
-6.59318
-6.59366
-6.60149
-6.61726
-6.63825
-6.65709
-6.67083
-6.68555
-6.69874
-6.70898
-6.71963
-6.72317
-6.72037
-6.70971
-6.69772
-6.67572
-6.65349
-6.62797
-6.60338
-6.58779
-6.57786
-6.57781
-6.59125
-6.60756
-6.62606
-6.64448
-6.65339
-6.65916
-6.65771
-6.64561
-6.62939
-6.60986
-6.58978
-6.57574
-6.5668
-6.56287
-6.56615
-6.57217
-6.5817
-6.5929
-6.60272
-6.61063
-6.61657
-6.62064
-6.62237
-6.62646
-6.62869
-6.63256
-6.63986
-6.65094
-6.66677
-6.68959
-6.71033
-6.73289
-6.74936
-6.75906
-6.76235
-6.75308
-6.73364
-6.70602
-6.67249
-6.63415
-6.60064
-6.57553
-6.55919
-6.55428
-6.56044
-6.57614
-6.5967
-6.62003
-6.64203
-6.66132
-6.67665
-6.68556
-6.69157
-6.6973
-6.69987
-6.70293
-6.702
-6.69686
-6.69491
-6.69128
-6.68568
-6.68333
-6.67811
-6.67187
-6.66099
-6.64292
-6.62256
-6.59611
-6.57018
-6.54757
-6.52753
-6.51542
-6.51146
-6.51628
-6.53123
-6.55425
-6.58562
-6.6202
-6.65984
-6.699
-6.73423
-6.76589
-6.79207
-6.81201
-6.8228
-6.8282
-6.82292
-6.81126
-6.78886
-6.75908
-6.72491
-6.68788
-6.65505
-6.63043
-6.61584
-6.61319
-6.61678
-6.62544
-6.63309
-6.6407
-6.6426
-6.63993
-6.63292
-6.62307
-6.60884
-6.59305
-6.57798
-6.56302
-6.55288
-6.54953
-6.55156
-6.55523
-6.55759
-6.55777
-6.5577
-6.55655
-6.55939
-6.56589
-6.58025
-6.60028
-6.62562
-6.65398
-6.68226
-6.70728
-6.72751
-6.74064
-6.74745
-6.74675
-6.74015
-6.72383
-6.70272
-6.6798
-6.65702
-6.63921
-6.62804
-6.62643
-6.63186
-6.64293
-6.65761
-6.67439
-6.69073
-6.70198
-6.7102
-6.71388
-6.70958
-6.70005
-6.68615
-6.66944
-6.64502
-6.61355
-6.58218
-6.55209
-6.53228
-6.52727
-6.53112
-6.54856
-6.5723
-6.59512
-6.62013
-6.63832
-6.64799
-6.6525
-6.65093
-6.64581
-6.63926
-6.63991
-6.63695
-6.63816
-6.63615
-6.63676
-6.63606
-6.63217
-6.63029
-6.63072
-6.63425
-6.64013
-6.64849
-6.65795
-6.66931
-6.67813
-6.68408
-6.68329
-6.67634
-6.66614
-6.65065
-6.63167
-6.61282
-6.59508
-6.58375
-6.58318
-6.59358
-6.6161
-6.64514
-6.67743
-6.70533
-6.72842
-6.74698
-6.76276
-6.7718
-6.77111
-6.75999
-6.74186
-6.71168
-6.67401
-6.63311
-6.59629
-6.5659
-6.54881
-6.54236
-6.54617
-6.55455
-6.56596
-6.5793
-6.58664
-6.59289
-6.59347
-6.58862
-6.58466
-6.57994
-6.57833
-6.5815
-6.59013
-6.6065
-6.62347
-6.64239
-6.65924
-6.67223
-6.67388
-6.67126
-6.6621
-6.64613
-6.63339
-6.61901
-6.6085
-6.60401
-6.60263
-6.60074
-6.59571
-6.59028
-6.58482
-6.57979
-6.57833
-6.5799
-6.58244
-6.58902
-6.59333
-6.60212
-6.61475
-6.63077
-6.64498
-6.66493
-6.68945
-6.71608
-6.74543
-6.76842
-6.78291
-6.78319
-6.76853
-6.73757
-6.69402
-6.64604
-6.60795
-6.58481
-6.57922
-6.59016
-6.61166
-6.64296
-6.6716
-6.69912
-6.7164
-6.72458
-6.72622
-6.71979
-6.70801
-6.69122
-6.66998
-6.64775
-6.63051
-6.61641
-6.60668
-6.60297
-6.60385
-6.60775
-6.61216
-6.61674
-6.61587
-6.61365
-6.6102
-6.61246
-6.6199
-6.63276
-6.65131
-6.67421
-6.6957
-6.71495
-6.72508
-6.72551
-6.71573
-6.69941
-6.67576
-6.65252
-6.62925
-6.60788
-6.5879
-6.56463
-6.54367
-6.52112
-6.49977
-6.48571
-6.48085
-6.48769
-6.50171
-6.52829
-6.56016
-6.59423
-6.62811
-6.66146
-6.69149
-6.71943
-6.73931
-6.75483
-6.76476
-6.76617
-6.75987
-6.74712
-6.72554
-6.70072
-6.67132
-6.64275
-6.62471
-6.61994
-6.62974
-6.65357
-6.68325
-6.71206
-6.73395
-6.7509
-6.76302
-6.77374
-6.78194
-6.78923
-6.7947
-6.79899
-6.80039
-6.79588
-6.7841
-6.76794
-6.73369
-6.69489
-6.65003
-6.59974
-6.55028
-6.50857
-6.47935
-6.46392
-6.46191
-6.46912
-6.48672
-6.50706
-6.53135
-6.55614
-6.57844
-6.60241
-6.62441
-6.64517
-6.66447
-6.67835
-6.68846
-6.68974
-6.68778
-6.67735
-6.65774
-6.63507
-6.60722
-6.57674
-6.55002
-6.53053
-6.5219
-6.52625
-6.54271
-6.56987
-6.60036
-6.63154
-6.66243
-6.68783
-6.70749
-6.71852
-6.71821
-6.71058
-6.69501
-6.67076
-6.6454
-6.62625
-6.6131
-6.60844
-6.61003
-6.61613
-6.62682
-6.6397
-6.65273
-6.66388
-6.67856
-6.69179
-6.70821
-6.72521
-6.7422
-6.75251
-6.75463
-6.74706
-6.7329
-6.71032
-6.68564
-6.65845
-6.63619
-6.61573
-6.60388
-6.5977
-6.59961
-6.60824
-6.62349
-6.64133
-6.65794
-6.6712
-6.68296
-6.68721
-6.68857
-6.68586
-6.68209
-6.67925
-6.67449
-6.6693
-6.66438
-6.65782
-6.65343
-6.64763
-6.64522
-6.64368
-6.64668
-6.65443
-6.66544
-6.67282
-6.67692
-6.67228
-6.66338
-6.64641
-6.62446
-6.60297
-6.58332
-6.56807
-6.55874
-6.56222
-6.57322
-6.59311
-6.61781
-6.63786
-6.6582
-6.67186
-6.68045
-6.68276
-6.68356
-6.68089
-6.67742
-6.67343
-6.66444
-6.65476
-6.64782
-6.6444
-6.64712
-6.65606
-6.67147
-6.68931
-6.7024
-6.71036
-6.70746
-6.7005
-6.68991
-6.68026
-6.6748
-6.67677
-6.6773
-6.68454
-6.69236
-6.70294
-6.71741
-6.73103
-6.74603
-6.75635
-6.76117
-6.76248
-6.75946
-6.75044
-6.73446
-6.71469
-6.69458
-6.67349
-6.65384
-6.63885
-6.63106
-6.62816
-6.63203
-6.63905
-6.64977
-6.65816
-6.66484
-6.67045
-6.67291
-6.67006
-6.66326
-6.64981
-6.63585
-6.62029
-6.60473
-6.58935
-6.5768
-6.565
-6.55551
-6.54914
-6.54997
-6.56198
-6.57576
-6.59198
-6.61002
-6.62308
-6.63045
-6.63261
-6.63132
-6.62544
-6.62171
-6.6219
-6.6319
-6.64636
-6.66591
-6.68927
-6.71039
-6.72669
-6.74
-6.74738
-6.7525
-6.75454
-6.75533
-6.75578
-6.75119
-6.74603
-6.74072
-6.73235
-6.72287
-6.71191
-6.70076
-6.68873
-6.68037
-6.67575
-6.67347
-6.67049
-6.66806
-6.66074
-6.65427
-6.64105
-6.6297
-6.61983
-6.61542
-6.61932
-6.62981
-6.64356
-6.65871
-6.67273
-6.6832
-6.69077
-6.69246
-6.68555
-6.67967
-6.67066
-6.66163
-6.65564
-6.65372
-6.65351
-6.65656
-6.66073
-6.66502
-6.66919
-6.67001
-6.66607
-6.65554
-6.63836
-6.61602
-6.59585
-6.57973
-6.56809
-6.56418
-6.57086
-6.58485
-6.60324
-6.62416
-6.64215
-6.66044
-6.67283
-6.68152
-6.68629
-6.68996
-6.69247
-6.69493
-6.6993
-6.70557
-6.71189
-6.7201
-6.72808
-6.73767
-6.74373
-6.74752
-6.74918
-6.74704
-6.74047
-6.72694
-6.71051
-6.68775
-6.66472
-6.64251
-6.62337
-6.61061
-6.60801
-6.61264
-6.62672
-6.64611
-6.66817
-6.69007
-6.70568
-6.71806
-6.7247
-6.72399
-6.7141
-6.70066
-6.68357
-6.66051
-6.6398
-6.61954
-6.60454
-6.59487
-6.59279
-6.59349
-6.59799
-6.59648
-6.59329
-6.5898
-6.58351
-6.57958
-6.57707
-6.57986
-6.5904
-6.61062
-6.63743
-6.66695
-6.69819
-6.72397
-6.74553
-6.76062
-6.76662
-6.76493
-6.75565
-6.73662
-6.71395
-6.68622
-6.65892
-6.64009
-6.63413
-6.63724
-6.65275
-6.67215
-6.69579
-6.72116
-6.74254
-6.76401
-6.77734
-6.77848
-6.77239
-6.75979
-6.74032
-6.72125
-6.6982
-6.68019
-6.66876
-6.66549
-6.66826
-6.67683
-6.68825
-6.69714
-6.69831
-6.69432
-6.68022
-6.66214
-6.64581
-6.63033
-6.61966
-6.61675
-6.62101
-6.62824
-6.6352
-6.63619
-6.62839
-6.60989
-6.58224
-6.56118
-6.55126
-6.55887
-6.5705
-6.58606
-6.59906
-6.61684
-6.63158
-6.64986
-6.66806
-6.68815
-6.71012
-6.7279
-6.74518
-6.75932
-6.76861
-6.76953
-6.76041
-6.74332
-6.72203
-6.69724
-6.67138
-6.6492
-6.63443
-6.62806
-6.62702
-6.63629
-6.6446
-6.65876
-6.67536
-6.69206
-6.70491
-6.711
-6.70727
-6.69782
-6.68122
-6.66127
-6.63798
-6.61734
-6.60226
-6.59151
-6.58747
-6.58881
-6.59259
-6.59775
-6.59923
-6.6012
-6.60629
-6.61397
-6.63028
-6.64812
-6.66789
-6.68397
-6.6927
-6.69175
-6.68609
-6.67305
-6.65639
-6.64285
-6.63025
-6.62214
-6.62317
-6.62692
-6.63668
-6.65457
-6.6746
-6.69172
-6.7111
-6.72282
-6.73124
-6.73569
-6.73212
-6.72179
-6.70616
-6.68743
-6.66903
-6.65395
-6.63973
-6.63074
-6.62676
-6.62774
-6.63234
-6.63869
-6.64873
-6.66025
-6.67375
-6.6883
-6.70169
-6.71528
-6.72706
-6.73964
-6.75282
-6.7651
-6.77322
-6.78203
-6.78363
-6.77973
-6.76286
-6.74306
-6.71712
-6.69034
-6.66764
-6.64918
-6.63939
-6.63676
-6.63869
-6.6413
-6.64514
-6.64824
-6.64739
-6.64569
-6.63918
-6.62994
-6.62019
-6.60615
-6.59362
-6.57713
-6.5622
-6.55107
-6.5431
-6.53929
-6.5448
-6.55761
-6.57772
-6.60247
-6.62909
-6.65538
-6.67715
-6.69409
-6.70719
-6.71638
-6.71912
-6.71753
-6.70896
-6.70012
-6.68879
-6.67616
-6.66528
-6.65921
-6.65704
-6.66205
-6.67023
-6.68673
-6.70621
-6.72586
-6.74607
-6.76043
-6.76876
-6.7725
-6.77061
-6.76761
-6.76073
-6.74792
-6.7305
-6.70947
-6.68742
-6.66252
-6.6404
-6.62201
-6.60891
-6.60884
-6.61971
-6.63976
-6.6629
-6.68804
-6.706
-6.71181
-6.70185
-6.6807
-6.64698
-6.60936
-6.57248
-6.54285
-6.51936
-6.50808
-6.50967
-6.51986
-6.53694
-6.55869
-6.58817
-6.61835
-6.64832
-6.67608
-6.70082
-6.72259
-6.73083
-6.73241
-6.72374
-6.70927
-6.68951
-6.66978
-6.65993
-6.65624
-6.65885
-6.6686
-6.68353
-6.69803
-6.71104
-6.7216
-6.72423
-6.72274
-6.71639
-6.70653
-6.69745
-6.69112
-6.68993
-6.69373
-6.69633
-6.70301
-6.71141
-6.71707
-6.72072
-6.72041
-6.71448
-6.70854
-6.70021
-6.69072
-6.67869
-6.66844
-6.65824
-6.65052
-6.64349
-6.63783
-6.63747
-6.63687
-6.64045
-6.64188
-6.63965
-6.63621
-6.63121
-6.62007
-6.60719
-6.59517
-6.58207
-6.57434
-6.5694
-6.57032
-6.5755
-6.58627
-6.59711
-6.61333
-6.63452
-6.65412
-6.67258
-6.69189
-6.70308
-6.71125
-6.70964
-6.70334
-6.68976
-6.66913
-6.6452
-6.62118
-6.60615
-6.60303
-6.60799
-6.6177
-6.62661
-6.63404
-6.64162
-6.65167
-6.66688
-6.68841
-6.71102
-6.73483
-6.75469
-6.76684
-6.76917
-6.76158
-6.74352
-6.71551
-6.67801
-6.63941
-6.59899
-6.56107
-6.52965
-6.50647
-6.49307
-6.49344
-6.5056
-6.52729
-6.55585
-6.58904
-6.6233
-6.65519
-6.68299
-6.70631
-6.72821
-6.74521
-6.75426
-6.76156
-6.75887
-6.75255
-6.74058
-6.72639
-6.7101
-6.6929
-6.67424
-6.65111
-6.62871
-6.60396
-6.57977
-6.55593
-6.53545
-6.52167
-6.50926
-6.50309
-6.5046
-6.50987
-6.52524
-6.54439
-6.56639
-6.58906
-6.61032
-6.62217
-6.62616
-6.62325
-6.6109
-6.59565
-6.57796
-6.56465
-6.55695
-6.56289
-6.57593
-6.59679
-6.62704
-6.65781
-6.68845
-6.71801
-6.74332
-6.76291
-6.77794
-6.78471
-6.78777
-6.78204
-6.77394
-6.75933
-6.74089
-6.7167
-6.6889
-6.66372
-6.64116
-6.62094
-6.60514
-6.59253
-6.58194
-6.57355
-6.57089
-6.57145
-6.57669
-6.58304
-6.58599
-6.59123
-6.59648
-6.60397
-6.61796
-6.63488
-6.65396
-6.67423
-6.69187
-6.70673
-6.71476
-6.71547
-6.70795
-6.69654
-6.67469
-6.64422
-6.61056
-6.57714
-6.54492
-6.51429
-6.48993
-6.47685
-6.46929
-6.46977
-6.47846
-6.49581
-6.52044
-6.5541
-6.59215
-6.63097
-6.66809
-6.69665
-6.72171
-6.74401
-6.76478
-6.77982
-6.78966
-6.79475
-6.79584
-6.78686
-6.77765
-6.76213
-6.747
-6.72782
-6.70751
-6.68786
-6.66757
-6.6467
-6.63039
-6.62075
-6.61482
-6.61693
-6.62507
-6.63247
-6.64001
-6.64752
-6.64883
-6.64023
-6.62725
-6.61263
-6.59436
-6.58255
-6.57226
-6.57184
-6.57569
-6.58239
-6.59209
-6.59833
-6.59922
-6.59564
-6.58752
-6.58151
-6.57957
-6.57952
-6.58962
-6.60924
-6.63345
-6.66151
-6.69204
-6.7186
-6.73717
-6.74482
-6.74403
-6.7336
-6.71259
-6.68187
-6.65012
-6.61977
-6.59698
-6.58353
-6.57862
-6.58123
-6.58346
-6.58871
-6.59695
-6.60575
-6.61763
-6.632
-6.65127
-6.66646
-6.68042
-6.69038
-6.69734
-6.70421
-6.71241
-6.71998
-6.72435
-6.72532
-6.71789
-6.70076
-6.67646
-6.6475
-6.61847
-6.59742
-6.59035
-6.59848
-6.62338
-6.65873
-6.69792
-6.73353
-6.75577
-6.76696
-6.76407
-6.74761
-6.72032
-6.69042
-6.65479
-6.62556
-6.60155
-6.57963
-6.56531
-6.55297
-6.54486
-6.53923
-6.53365
-6.52517
-6.51171
-6.49798
-6.48302
-6.47291
-6.46875
-6.47484
-6.49401
-6.52606
-6.56522
-6.60673
-6.64175
-6.67104
-6.69605
-6.71476
-6.73198
-6.74832
-6.76263
-6.77774
-6.78723
-6.79
-6.78298
-6.7721
-6.75478
-6.72981
-6.7006
-6.66315
-6.6214
-6.58221
-6.55042
-6.53447
-6.53744
-6.55242
-6.57501
-6.59663
-6.61424
-6.62276
-6.62652
-6.63095
-6.63573
-6.64903
-6.66779
-6.69016
-6.70856
-6.72375
-6.73183
-6.73151
-6.72634
-6.72005
-6.71405
-6.70917
-6.7068
-6.703
-6.69336
-6.68165
-6.66682
-6.65329
-6.63892
-6.62879
-6.6257
-6.62971
-6.6378
-6.64761
-6.65697
-6.66651
-6.67443
-6.67679
-6.67746
-6.67594
-6.67623
-6.67803
-6.68404
-6.68488
-6.69031
-6.69087
-6.68699
-6.67482
-6.65489
-6.62819
-6.59485
-6.56284
-6.53447
-6.51692
-6.50748
-6.51241
-6.52829
-6.54981
-6.57582
-6.60296
-6.62524
-6.64076
-6.64975
-6.65034
-6.64637
-6.63846
-6.6345
-6.63552
-6.63943
-6.64706
-6.66003
-6.67471
-6.69013
-6.70251
-6.71094
-6.71539
-6.71534
-6.70925
-6.70035
-6.69037
-6.67605
-6.66018
-6.64385
-6.62934
-6.61875
-6.61588
-6.61752
-6.62327
-6.63035
-6.63402
-6.63373
-6.62779
-6.61919
-6.60822
-6.60045
-6.59749
-6.60373
-6.61355
-6.62767
-6.64378
-6.6585
-6.6652
-6.66764
-6.66341
-6.65488
-6.64469
-6.63988
-6.64689
-6.66345
-6.68961
-6.72111
-6.75048
-6.77684
-6.79589
-6.80772
-6.80501
-6.79212
-6.76976
-6.73566
-6.6932
-6.65199
-6.6121
-6.57725
-6.55251
-6.5337
-6.52666
-6.52658
-6.52751
-6.53274
-6.53776
-6.54284
-6.54742
-6.5477
-6.54965
-6.55534
-6.56293
-6.57426
-6.58797
-6.60468
-6.62381
-6.63902
-6.6523
-6.65966
-6.66281
-6.66009
-6.6513
-6.63812
-6.62677
-6.61593
-6.61099
-6.61126
-6.61959
-6.63333
-6.65241
-6.67117
-6.6903
-6.71404
-6.7312
-6.74473
-6.75294
-6.75336
-6.74612
-6.73703
-6.72494
-6.71342
-6.70036
-6.68463
-6.67201
-6.66013
-6.65264
-6.65399
-6.6605
-6.67166
-6.67901
-6.68499
-6.68567
-6.67653
-6.66391
-6.64556
-6.62622
-6.60431
-6.58302
-6.56508
-6.54865
-6.53314
-6.5197
-6.50535
-6.49513
-6.4898
-6.49007
-6.49649
-6.51263
-6.53745
-6.5704
-6.60779
-6.64774
-6.68031
-6.71002
-6.72766
-6.73401
-6.73008
-6.7143
-6.6891
-6.65626
-6.61975
-6.58555
-6.55857
-6.54686
-6.54743
-6.55898
-6.5827
-6.61352
-6.64659
-6.67196
-6.68954
-6.69838
