-6.64821
-6.64042
-6.62276
-6.60952
-6.59759
-6.58714
-6.58155
-6.57803
-6.57729
-6.5773
-6.5772
-6.5783
-6.57992
-6.5808
-6.58335
-6.58394
-6.58426
-6.58246
-6.58226
-6.58184
-6.57906
-6.57824
-6.58008
-6.58044
-6.57933
-6.57807
-6.5773
-6.57895
-6.58106
-6.58228
-6.58419
-6.58353
-6.5822
-6.58341
-6.58131
-6.58107
-6.58206
-6.58266
-6.58159
-6.58047
-6.58159
-6.58203
-6.58309
-6.58542
-6.58547
-6.58518
-6.58394
-6.58404
-6.58487
-6.58583
-6.5853
-6.58264
-6.58236
-6.58281
-6.58489
-6.58627
-6.5895
-6.58644
-6.58744
-6.58765
-6.58773
-6.58805
-6.58573
-6.58435
-6.58397
-6.58526
-6.5834
-6.58293
-6.58126
-6.58033
-6.58203
-6.58051
-6.58028
-6.58166
-6.58143
-6.57994
-6.58078
-6.58137
-6.58102
-6.58292
-6.58343
-6.58284
-6.58504
-6.5833
-6.58511
-6.58374
-6.58403
-6.58402
-6.58497
-6.58328
-6.58411
-6.58362
-6.58245
-6.58032
-6.5818
-6.58139
-6.58005
-6.58265
-6.58141
-6.58442
-6.58197
-6.58247
-6.58172
-6.58131
-6.58059
-6.58115
-6.58004
-6.58082
-6.58057
-6.58089
-6.58149
-6.58239
-6.58456
-6.58349
-6.58499
-6.58421
-6.5834
-6.58646
-6.58626
-6.58606
-6.5862
-6.58542
-6.58597
-6.58627
-6.58728
-6.58672
-6.58554
-6.58469
-6.5835
-6.58391
-6.58363
-6.58462
-6.58332
-6.58363
-6.58364
-6.58303
-6.58216
-6.58069
-6.5799
-6.58331
-6.58377
-6.5851
-6.58471
-6.58325
-6.58332
-6.58368
-6.58244
-6.58449
-6.58436
-6.584
-6.58372
-6.58444
-6.5829
-6.58228
-6.58162
-6.57866
-6.57734
-6.57703
-6.5752
-6.57703
-6.57669
-6.57803
-6.57711
-6.5781
-6.57771
-6.57916
-6.57922
-6.58015
-6.58132
-6.58179
-6.58093
-6.58263
-6.58432
-6.58535
-6.5854
-6.5861
-6.5852
-6.58498
-6.58576
-6.58495
-6.58288
-6.58407
-6.58367
-6.58555
-6.5823
-6.58169
-6.5805
-6.57938
-6.58059
-6.58216
-6.5844
-6.58629
-6.58816
-6.58836
-6.58756
-6.58899
-6.58716
-6.5866
-6.58601
-6.5854
-6.58443
-6.58248
-6.5847
-6.5853
-6.58492
-6.58391
-6.58485
-6.58547
-6.58609
-6.58475
-6.58531
-6.5881
-6.5876
-6.58836
-6.5865
-6.58559
-6.58628
-6.58698
-6.58546
-6.58434
-6.5833
-6.58138
-6.5818
-6.58326
-6.5838
-6.58437
-6.5853
-6.58497
-6.58368
-6.58367
-6.5849
-6.58474
-6.58642
-6.58574
-6.58529
-6.58703
-6.58743
-6.58748
-6.58623
-6.58597
-6.58543
-6.58431
-6.58457
-6.58329
-6.58304
-6.58091
-6.58141
-6.58194
-6.58088
-6.5808
-6.58332
-6.58258
-6.58243
-6.58448
-6.58418
-6.5851
-6.58435
-6.58226
-6.58276
-6.58262
-6.58314
-6.58139
-6.58352
-6.58368
-6.58382
-6.58166
-6.58112
-6.58191
-6.58274
-6.58203
-6.5814
-6.57953
-6.58127
-6.57915
-6.57897
-6.5794
-6.58403
-6.58507
-6.58513
-6.581
-6.5798
-6.57898
-6.57884
-6.58003
-6.58025
-6.57945
-6.57924
-6.57957
-6.57981
-6.58285
-6.58323
-6.58325
-6.58297
-6.5834
-6.58684
-6.58747
-6.58591
-6.58569
-6.58742
-6.58817
-6.58599
-6.58475
-6.58544
-6.58481
-6.5858
-6.58647
-6.58554
-6.58428
-6.58431
-6.58466
-6.58466
-6.58202
-6.58482
-6.58499
-6.58317
-6.58133
-6.57921
-6.57748
-6.57941
-6.57984
-6.58004
-6.57965
-6.58026
-6.5802
-6.58104
-6.58082
-6.58146
-6.58492
-6.58573
-6.58684
-6.58669
-6.58823
-6.58856
-6.58765
-6.5884
-6.59014
-6.59058
-6.58775
-6.58618
-6.58618
-6.58644
-6.58437
-6.58418
-6.58297
-6.58304
-6.58182
-6.58098
-6.57991
-6.5822
-6.58269
-6.58263
-6.58232
-6.58332
-6.58299
-6.58419
-6.58106
-6.58136
-6.58089
-6.58163
-6.58101
-6.58232
-6.57976
-6.57984
-6.57869
-6.57762
-6.58018
-6.57923
-6.57835
-6.5785
-6.58099
-6.58193
-6.58359
-6.58235
-6.58241
-6.5837
-6.58394
-6.58503
-6.58503
-6.58425
-6.58368
-6.58334
-6.58358
-6.58347
-6.58144
-6.58205
-6.58178
-6.58034
-6.57934
-6.58007
-6.58056
-6.58305
-6.58264
-6.58319
-6.58371
-6.58515
-6.5865
-6.58648
-6.5854
-6.58459
-6.58313
-6.58233
-6.58418
-6.58449
-6.58325
-6.58239
-6.5819
-6.58305
-6.58518
-6.58506
-6.58525
-6.58349
-6.58462
-6.58475
-6.58644
-6.5871
-6.58802
-6.58757
-6.58415
-6.58489
-6.58366
-6.58277
-6.58027
-6.57911
-6.57737
-6.57828
-6.58185
-6.58192
-6.5817
-6.5815
-6.58097
-6.5817
-6.58303
-6.58334
-6.58358
-6.58184
-6.58298
-6.58187
-6.58176
-6.5827
-6.58504
-6.58424
-6.58483
-6.58353
-6.5832
-6.58443
-6.58391
-6.58455
-6.58508
-6.58391
-6.58177
-6.58099
-6.58194
-6.58235
-6.58219
-6.58267
-6.58438
-6.58631
-6.58556
-6.58574
-6.58427
-6.5828
-6.58168
-6.58187
-6.58401
-6.58229
-6.58027
-6.58089
-6.57863
-6.57704
-6.57676
-6.5794
-6.57914
-6.57793
-6.57642
-6.57625
-6.5745
-6.57311
-6.57529
-6.57713
-6.58052
-6.58058
-6.5815
-6.58165
-6.58428
-6.58551
-6.58604
-6.5859
-6.58449
-6.58381
-6.58358
-6.58384
-6.58202
-6.58328
-6.58341
-6.5859
-6.58554
-6.58643
-6.58689
-6.58588
-6.58401
-5.96654
-5.96365
-5.95982
-5.96015
-5.95742
-5.95633
-5.95468
-5.9537
-5.9554
-5.95822
-5.95996
-5.96334
-5.96507
-5.96514
-5.9646
-5.96482
-5.96365
-5.95956
-5.9584
-5.95989
-5.96012
-5.9607
-5.9603
-5.96218
-5.96119
-5.9609
-5.95876
-5.9596
-5.96212
-5.96398
-5.96352
-5.9643
-5.96437
-5.96634
-5.96469
-5.96395
-5.96407
-5.96052
-5.9588
-5.9583
-5.95877
-5.95865
-5.95994
-5.96199
-5.96186
-5.95949
-5.95971
-5.95894
-5.95817
-5.95744
-5.95874
-5.95921
-5.95984
-5.95643
-5.95639
-5.95674
-5.95645
-5.95872
-5.96025
-5.96068
-5.9613
-5.96047
-5.96047
-5.96001
-5.96135
-5.96099
-5.96185
-5.96266
-5.96282
-5.96104
-5.96058
-5.96012
-5.95773
-5.95698
-5.95594
-5.95531
-5.9545
-5.95487
-5.95479
-5.95326
-5.95573
-5.95763
-5.9573
-5.95827
-5.95855
-5.95997
-5.96182
-5.95988
-5.96261
-5.96133
-5.96031
-5.96122
-5.96018
-5.95981
-5.96077
-5.96051
-5.96168
-5.96465
-5.96459
-5.96438
-5.9623
-5.9641
-5.96545
-5.9663
-5.96465
-5.96473
-5.96526
-5.96312
-5.96424
-5.96256
-5.962
-5.96484
-5.96361
-5.96311
-5.96133
-5.96307
-5.96308
-5.96264
-5.96049
-5.95703
-5.95658
-5.95726
-5.95588
-5.95564
-5.95614
-5.96021
-5.96065
-5.96191
-5.96105
-5.95931
-5.9593
-5.96074
-5.96048
-5.959
-5.95936
-5.9597
-5.95937
-5.96119
-5.96082
-5.96135
-5.96363
-5.96471
-5.96263
-5.96228
-5.96246
-5.96163
-5.96283
-5.96034
-5.96294
-5.96351
-5.96584
-5.96625
-5.96591
-5.96633
-5.96619
-5.96554
-5.96671
-5.96462
-5.96329
-5.96245
-5.96179
-5.96096
-5.96344
-5.9627
-5.96194
-5.96214
-5.96359
-5.96175
-5.95983
-5.95654
-5.95612
-5.95697
-5.95721
-5.95718
-5.95981
-5.96245
-5.96151
-5.96118
-5.96244
-5.9644
-5.9658
-5.96633
-5.96661
-5.96527
-5.96647
-5.96402
-5.96533
-5.96489
-5.9627
-5.96007
-5.96287
-5.96108
-5.96087
-5.95968
-5.95786
-5.95518
-5.95593
-5.95474
-5.95491
-5.95639
-5.95679
-5.96016
-5.9631
-5.96356
-5.96472
-5.96557
-5.96418
-5.96444
-5.96546
-5.96242
-5.96029
-5.9598
-5.96069
-5.95847
-5.95804
-5.95746
-5.95709
-5.96019
-5.96153
-5.96332
-5.96285
-5.96168
-5.96203
-5.9623
-5.96319
-5.96568
-5.96555
-5.96408
-5.96252
-5.96216
-5.96362
-5.96334
-5.96299
-5.96291
-5.96219
-5.96251
-5.96166
-5.96063
-5.96232
-5.96378
-5.96525
-5.96377
-5.96544
-5.96381
-5.96409
-5.96309
-5.96249
-5.9636
-5.96095
-5.96094
-5.96188
-5.96204
-5.96236
-5.96315
-5.96351
-5.96448
-5.96353
-5.96072
-5.96094
-5.96161
-5.96114
-5.96086
-5.96136
-5.96225
-5.96342
-5.96182
-5.96128
-5.96048
-5.95947
-5.96026
-5.96064
-5.96035
-5.96077
-5.9597
-5.96139
-5.962
-5.96347
-5.96155
-5.96201
-5.96412
-5.96583
-5.96511
-5.96547
-5.96469
-5.9625
-5.96191
-5.9614
-5.961
-5.96102
-5.95978
-5.9595
-5.95786
-5.95744
-5.95792
-5.95774
-5.95825
-5.9579
-5.95736
-5.95826
-5.95856
-5.95752
-5.95801
-5.95813
-5.96021
-5.95907
-5.96146
-5.96182
-5.96341
-5.96271
-5.96238
-5.96143
-5.96049
-5.9579
-5.95713
-5.95659
-5.9579
-5.95787
-5.9572
-5.95629
-5.95777
-5.95842
-5.9605
-5.95975
-5.95964
-5.96074
-5.95913
-5.95838
-5.96019
-5.96011
-5.96018
-5.96172
-5.95981
-5.96279
-5.96343
-5.96326
-5.96129
-5.96044
-5.95945
-5.95837
-5.95855
-5.95715
-5.95617
-5.95827
-5.95859
-5.95745
-5.96068
-5.96049
-5.96205
-5.96231
-5.96246
-5.96336
-5.96566
-5.96488
-5.96595
-5.96532
-5.96304
-5.96266
-5.96197
-5.96065
-5.96038
-5.95923
-5.96013
-5.96052
-5.96105
-5.95976
-5.96179
-5.96126
-5.96138
-5.96206
-5.96555
-5.96599
-5.96269
-5.96278
-5.96238
-5.96316
-5.9639
-5.96214
-5.9596
-5.96087
-5.96464
-5.96626
-5.96753
-5.96674
-5.96482
-5.96314
-5.96207
-5.96198
-5.96356
-5.96128
-5.96097
-5.96005
-5.9605
-5.96137
-5.9623
-5.96033
-5.9625
-5.96422
-5.96353
-5.9618
-5.96197
-5.96154
-5.96148
-5.96174
-5.96259
-5.96267
-5.9633
-5.96325
-5.96459
-5.96543
-5.96254
-5.96234
-5.95859
-5.95836
-5.95936
-5.96064
-5.95996
-5.95801
-5.95902
-5.96009
-5.9622
-5.96404
-5.96301
-5.96528
-5.96305
-5.96185
-5.96194
-5.96262
-5.96283
-5.96381
-5.96327
-5.96516
-5.96726
-5.96772
-5.96787
-5.96776
-5.96545
-5.96546
-5.9652
-5.9614
-5.95926
-5.95522
-5.95485
-5.95494
-5.95618
-5.9553
-5.95711
-5.95571
-5.95713
-5.95712
-5.95728
-5.9563
-5.95716
-5.95695
-5.95835
-5.95817
-5.95806
-5.95804
-5.95675
-5.95544
-5.95372
-5.95485
-5.95597
-5.95715
-5.95679
-5.95587
-5.95793
-5.96228
-5.96149
-5.96269
-5.96169
-5.96199
-5.96285
-5.96352
-5.96364
-5.96389
-5.96276
-5.96165
-5.95968
-5.95788
-5.95821
-5.95871
-5.95902
-5.95813
-5.95825
-5.95836
-5.95811
-5.95745
-5.95831
-5.96037
-5.96073
-5.9614
-5.96336
-5.96366
-5.96423
-5.96466
-5.96331
-5.9644
-5.96315
-5.96191
-5.9614
-5.7962
-5.79313
-5.79255
-5.79182
-5.79246
-5.79084
-5.79178
-5.79109
-5.79012
-5.79288
-5.79137
-5.7918
-5.79252
-5.79373
-5.79461
-5.7979
-5.79831
-5.79873
-5.79687
-5.79665
-5.79586
-5.79681
-5.79728
-5.79507
-5.7922
-5.79293
-5.79347
-5.79259
-5.79356
-5.79578
-5.7973
-5.79773
-5.79564
-5.79443
-5.79302
-5.78913
-5.78803
-5.78859
-5.78971
-5.78795
-5.7911
-5.79472
-5.7962
-5.79695
-5.79791
-5.7963
-5.79811
-5.79665
-5.79647
-5.79759
-5.7974
-5.79688
-5.79639
-5.79626
-5.79526
-5.79568
-5.79462
-5.79309
-5.79266
-5.79232
-5.79262
-5.7925
-5.79389
-5.79327
-5.79367
-5.79391
-5.79403
-5.79433
-5.79567
-5.79532
-5.79839
-5.79739
-5.79594
-5.7973
-5.79726
-5.79549
-5.79714
-5.79802
-5.79779
-5.79812
-5.79772
-5.79599
-5.79686
-5.79588
-5.79475
-5.79578
-5.79671
-5.79624
-5.79657
-5.798
-5.79787
-5.79648
-5.7938
-5.79433
-5.7964
-5.79708
-5.79958
-5.79772
-5.79862
-5.79577
-5.79567
-5.79414
-5.79318
-5.79483
-5.79401
-5.79372
-5.79564
-5.79623
-5.79709
-5.79786
-5.79943
-5.79974
-5.80094
-5.80262
-5.8037
-5.80283
-5.80193
-5.80165
-5.8011
-5.80004
-5.79863
-5.79795
-5.79491
-5.7941
-5.79365
-5.79357
-5.79346
-5.79325
-5.7931
-5.79645
-5.79479
-5.79485
-5.79564
-5.79585
-5.79519
-5.79339
-5.79183
-5.79157
-5.79108
-5.79108
-5.78967
-5.78982
-5.79214
-5.79237
-5.79524
-5.79736
-5.79832
-5.79812
-5.79845
-5.79713
-5.79646
-5.79643
-5.79539
-5.79557
-5.79504
-5.79544
-5.79354
-5.79331
-5.79282
-5.79404
-5.79309
-5.79384
-5.79466
-5.79549
-5.79336
-5.79337
-5.79285
-5.79308
-5.79311
-5.79501
-5.79182
-5.79146
-5.7921
-5.79278
-5.79182
-5.79232
-5.79192
-5.79277
-5.79318
-5.79439
-5.79829
-5.79778
-5.7958
-5.79592
-5.79654
-5.79543
-5.7975
-5.79862
-5.79722
-5.79881
-5.7963
-5.79417
-5.79535
-5.79789
-5.79598
-5.79382
-5.79368
-5.79388
-5.79437
-5.79444
-5.7957
-5.79363
-5.79315
-5.7943
-5.79353
-5.79275
-5.79255
-5.79261
-5.79396
-5.79213
-5.7911
-5.79251
-5.79212
-5.79475
-5.79613
-5.79656
-5.7963
-5.79663
-5.79882
-5.79769
-5.79873
-5.79966
-5.79855
-5.79899
-5.79778
-5.79793
-5.79854
-5.79836
-5.79741
-5.79692
-5.7984
-5.79914
-5.799
-5.80019
-5.80013
-5.8015
-5.80019
-5.79732
-5.79525
-5.79533
-5.79691
-5.79604
-5.79488
-5.7976
-5.79829
-5.79794
-5.79786
-5.79679
-5.79863
-5.79854
-5.79751
-5.79622
-5.7947
-5.79649
-5.79669
-5.79782
-5.79883
-5.79934
-5.79648
-5.79484
-5.79549
-5.79526
-5.79324
-5.79333
-5.79389
-5.79359
-5.79336
-5.79609
-5.7962
-5.79689
-5.79555
-5.79767
-5.79781
-5.79762
-5.80137
-5.80126
-5.80083
-5.80288
-5.80151
-5.80283
-5.80101
-5.80063
-5.79824
-5.79328
-5.79235
-5.79423
-5.7938
-5.79466
-5.79387
-5.79454
-5.79421
-5.79724
-5.7974
-5.79922
-5.79826
-5.79856
-5.79761
-5.79611
-5.79536
-5.79467
-5.79371
-5.79411
-5.79363
-5.79419
-5.79414
-5.79374
-5.79292
-5.79391
-5.79609
-5.79656
-5.79763
-5.79479
-5.79389
-5.79429
-5.79345
-5.79432
-5.79339
-5.79294
-5.79427
-5.79601
-5.79908
-5.79954
-5.79927
-5.80084
-5.80093
-5.80179
-5.80021
-5.79858
-5.79766
-5.79591
-5.79688
-5.79825
-5.79866
-5.80029
-5.79988
-5.79902
-5.79677
-5.79551
-5.79435
-5.79596
-5.79612
-5.79733
-5.79753
-5.79727
-5.79818
-5.79644
-5.7957
-5.79505
-5.79609
-5.79714
-5.79588
-5.79812
-5.79804
-5.79924
-5.79822
-5.7976
-5.79902
-5.79983
-5.80092
-5.80055
-5.79997
-5.79756
-5.79793
-5.79799
-5.79655
-5.79661
-5.7969
-5.79583
-5.794
-5.79331
-5.79238
-5.79179
-5.79501
-5.79355
-5.79546
-5.79779
-5.79797
-5.79731
-5.79618
-5.79566
-5.79292
-5.79356
-5.79346
-5.79425
-5.79426
-5.7934
-5.79545
-5.79577
-5.79466
-5.7947
-5.79399
-5.79517
-5.7963
-5.79771
-5.79681
-5.79557
-5.79501
-5.79489
-5.79495
-5.79418
-5.79283
-5.79268
-5.79397
-5.79311
-5.79306
-5.79326
-5.79348
-5.79382
-5.79466
-5.79668
-5.79498
-5.79402
-5.79178
-5.79366
-5.79475
-5.79567
-5.79647
-5.79532
-5.79331
-5.79507
-5.79378
-5.79326
-5.79369
-5.79658
-5.79669
-5.79855
-5.79539
-5.79505
-5.79697
-5.79798
-5.79717
-5.79713
-5.79494
-5.79472
-5.79443
-5.79371
-5.79419
-5.79245
-5.7915
-5.79039
-5.79162
-5.79243
-5.79439
-5.79458
-5.79728
-5.79607
-5.79294
-5.79373
-5.79359
-5.79512
-5.79544
-5.79491
-5.79456
-5.79701
-5.79895
-5.80092
-5.80108
-5.7973
-5.795
-5.79622
-5.79566
-5.79588
-5.79453
-5.79589
-5.7941
-5.79412
-5.79444
-5.79779
-5.79866
-5.79968
-5.79834
-5.79824
-5.80009
-5.79932
-5.79944
-5.79653
-5.79866
-5.79677
-5.7925
-5.79239
-5.79166
-5.79069
-5.79091
-5.7902
-5.78932
-5.78967
-5.79405
-5.79572
-5.79823
-5.79871
-5.79959
-5.79959
-5.79813
-5.79694
-5.79359
-5.79246
-5.79275
-5.79202
-5.79267
-5.79119
-5.60656
-5.6071
-5.60953
-5.61146
-5.6111
-5.6115
-5.61184
-5.61265
-5.61168
-5.61164
-5.6092
-5.60877
-5.60664
-5.60613
-5.60499
-5.60544
-5.60551
-5.60377
-5.60434
-5.60481
-5.60544
-5.60556
-5.60392
-5.6022
-5.60243
-5.60401
-5.60631
-5.6064
-5.60588
-5.60701
-5.60656
-5.60521
-5.60366
-5.60417
-5.60673
-5.60798
-5.60939
-5.61021
-5.61131
-5.60883
-5.60936
-5.60916
-5.61064
-5.61298
-5.61141
-5.60982
-5.60946
-5.61179
-5.61244
-5.61161
-5.61153
-5.61323
-5.61166
-5.61114
-5.61138
-5.60984
-5.60877
-5.60782
-5.60694
-5.6077
-5.60869
-5.60724
-5.60621
-5.60498
-5.60621
-5.60417
-5.60476
-5.60476
-5.60514
-5.60559
-5.60616
-5.60855
-5.60988
-5.6121
-5.61382
-5.61618
-5.61649
-5.61857
-5.61783
-5.61781
-5.61654
-5.61366
-5.61213
-5.61076
-5.61166
-5.6108
-5.60934
-5.60865
-5.60998
-5.6096
-5.61181
-5.61155
-5.61397
-5.61397
-5.61131
-5.6109
-5.61179
-5.60979
-5.60884
-5.60865
-5.60758
-5.60943
-5.60994
-5.6081
-5.60653
-5.60759
-5.60909
-5.61135
-5.61234
-5.61358
-5.61205
-5.61256
-5.61258
-5.61225
-5.61363
-5.61321
-5.61262
-5.61373
-5.61095
-5.61036
-5.61094
-5.6117
-5.61299
-5.611
-5.6097
-5.60886
-5.60819
-5.60798
-5.6059
-5.60736
-5.60809
-5.60748
-5.60786
-5.60834
-5.60829
-5.60634
-5.60758
-5.60736
-5.60695
-5.60767
-5.60762
-5.60686
-5.6058
-5.6061
-5.60685
-5.6084
-5.60752
-5.60775
-5.60645
-5.60585
-5.60783
-5.60745
-5.60886
-5.60882
-5.60903
-5.60829
-5.60928
-5.6094
-5.61055
-5.60971
-5.61003
-5.60917
-5.60874
-5.60845
-5.60874
-5.60942
-5.60848
-5.60803
-5.61042
-5.61061
-5.61207
-5.61248
-5.61138
-5.6124
-5.61278
-5.61203
-5.60934
-5.60743
-5.60673
-5.60729
-5.60298
-5.60435
-5.60414
-5.60317
-5.60395
-5.60392
-5.60512
-5.60501
-5.60496
-5.60657
-5.6066
-5.60795
-5.60934
-5.60919
-5.60593
-5.60699
-5.60776
-5.60913
-5.61037
-5.6108
-5.61074
-5.61081
-5.61106
-5.61054
-5.6096
-5.60733
-5.60603
-5.60477
-5.60197
-5.60191
-5.60302
-5.60374
-5.60441
-5.60599
-5.60778
-5.60838
-5.60897
-5.60877
-5.60798
-5.60877
-5.60983
-5.61025
-5.61115
-5.60908
-5.60869
-5.60906
-5.61085
-5.60989
-5.60847
-5.60825
-5.60891
-5.60846
-5.60748
-5.6088
-5.60841
-5.60815
-5.60568
-5.60488
-5.60582
-5.60471
-5.60234
-5.60334
-5.60386
-5.6065
-5.60634
-5.60919
-5.60884
-5.60851
-5.60909
-5.60887
-5.60943
-5.6098
-5.60907
-5.61091
-5.60769
-5.60696
-5.60654
-5.60705
-5.60774
-5.60874
-5.60954
-5.60934
-5.60937
-5.61099
-5.61081
-5.61095
-5.609
-5.60961
-5.60927
-5.60921
-5.60832
-5.60871
-5.60832
-5.60683
-5.60789
-5.6084
-5.60939
-5.61049
-5.60965
-5.6119
-5.61198
-5.61181
-5.6121
-5.61326
-5.61083
-5.60906
-5.60766
-5.60727
-5.60952
-5.61024
-5.6098
-5.60958
-5.60962
-5.60956
-5.60994
-5.60993
-5.61165
-5.61343
-5.61232
-5.60965
-5.60808
-5.60415
-5.60482
-5.60442
-5.60304
-5.60488
-5.60696
-5.60692
-5.60823
-5.60792
-5.61016
-5.60943
-5.61117
-5.6121
-5.6121
-5.61209
-5.61246
-5.6088
-5.60999
-5.61031
-5.6114
-5.61139
-5.60928
-5.60761
-5.60693
-5.60553
-5.60631
-5.60318
-5.60207
-5.60247
-5.60349
-5.60641
-5.60951
-5.60934
-5.60929
-5.61024
-5.61024
-5.60938
-5.60972
-5.60808
-5.60612
-5.60808
-5.60814
-5.60727
-5.60937
-5.60993
-5.60895
-5.60907
-5.6097
-5.61024
-5.61035
-5.61051
-5.60984
-5.61134
-5.61169
-5.60999
-5.60965
-5.6109
-5.60972
-5.60949
-5.61056
-5.60965
-5.607
-5.60474
-5.60408
-5.60368
-5.6048
-5.60551
-5.60649
-5.60744
-5.60904
-5.60874
-5.61011
-5.61191
-5.6128
-5.61146
-5.61235
-5.61377
-5.6131
-5.61139
-5.6107
-5.61142
-5.61163
-5.60737
-5.60859
-5.60942
-5.61022
-5.61103
-5.61411
-5.61451
-5.61246
-5.61175
-5.61177
-5.61004
-5.60965
-5.60975
-5.60918
-5.61055
-5.6112
-5.61033
-5.60842
-5.60858
-5.61016
-5.61026
-5.61025
-5.60793
-5.60663
-5.60546
-5.60483
-5.60577
-5.60789
-5.61108
-5.61095
-5.61258
-5.61237
-5.61165
-5.61345
-5.60975
-5.61
-5.60934
-5.6087
-5.60831
-5.61103
-5.61003
-5.60726
-5.60762
-5.60535
-5.60507
-5.60395
-5.60273
-5.60342
-5.60449
-5.6053
-5.6074
-5.60709
-5.60872
-5.6092
-5.61097
-5.61202
-5.61365
-5.61199
-5.61133
-5.61046
-5.6095
-5.60891
-5.60883
-5.6087
-5.60856
-5.60839
-5.60939
-5.61017
-5.61093
-5.60833
-5.60979
-5.60951
-5.60885
-5.60982
-5.61078
-5.61004
-5.60946
-5.6087
-5.60752
-5.60575
-5.60772
-5.6073
-5.60668
-5.60574
-5.60699
-5.60883
-5.60874
-5.61038
-5.61057
-5.60998
-5.60925
-5.61223
-5.6117
-5.61272
-5.61415
-5.61394
-5.61247
-5.61014
-5.60966
-5.60663
-5.60691
-5.60758
-5.60762
-5.60602
-5.60666
-5.60733
-5.60872
-5.60889
-5.60749
-5.6048
-5.60537
-5.6057
-5.60716
-5.60912
-5.61154
-5.61111
-5.60935
-5.45397
-5.45481
-5.45492
-5.4537
-5.45344
-5.45255
-5.45266
-5.45286
-5.45317
-5.45359
-5.45477
-5.45409
-5.45633
-5.45562
-5.4542
-5.45568
-5.45494
-5.45562
-5.45804
-5.46113
-5.46207
-5.46072
-5.45967
-5.45874
-5.45878
-5.45834
-5.45717
-5.45853
-5.45882
-5.46085
-5.46256
-5.46152
-5.46181
-5.46209
-5.45855
-5.46007
-5.45838
-5.45652
-5.45746
-5.45667
-5.45514
-5.45541
-5.45516
-5.45592
-5.45529
-5.45645
-5.45585
-5.45548
-5.45412
-5.45442
-5.45448
-5.45433
-5.45496
-5.45473
-5.45716
-5.46023
-5.46032
-5.46188
-5.46223
-5.46196
-5.46046
-5.45846
-5.45938
-5.45949
-5.45793
-5.45667
-5.4563
-5.45572
-5.45842
-5.45665
-5.45819
-5.45816
-5.46
-5.46192
-5.4625
-5.46174
-5.45905
-5.45684
-5.45333
-5.45348
-5.4545
-5.4532
-5.45412
-5.45364
-5.45458
-5.45394
-5.45132
-5.45187
-5.45136
-5.45013
-5.45271
-5.4523
-5.45475
-5.45199
-5.45379
-5.45467
-5.45466
-5.45343
-5.45422
-5.45509
-5.45539
-5.45638
-5.45738
-5.45741
-5.46071
-5.46017
-5.46256
-5.46199
-5.46001
-5.45856
-5.45643
-5.45526
-5.45762
-5.45787
-5.45784
-5.4578
-5.45944
-5.46099
-5.45906
-5.4574
-5.45709
-5.45555
-5.45501
-5.4534
-5.45218
-5.45243
-5.4533
-5.45374
-5.45475
-5.4523
-5.45115
-5.45053
-5.4509
-5.44971
-5.44756
-5.45015
-5.44956
-5.44926
-5.45243
-5.45358
-5.45598
-5.45577
-5.45842
-5.45867
-5.45874
-5.4612
-5.46124
-5.46119
-5.46049
-5.45981
-5.45757
-5.456
-5.45539
-5.45444
-5.45216
-5.45377
-5.45214
-5.45215
-5.45285
-5.45168
-5.45131
-5.45207
-5.44974
-5.44945
-5.45212
-5.45446
-5.45416
-5.45446
-5.45602
-5.45531
-5.45397
-5.45456
-5.45606
-5.45709
-5.4563
-5.45629
-5.45551
-5.45506
-5.45542
-5.45444
-5.45411
-5.45597
-5.45756
-5.45674
-5.45724
-5.45709
-5.45603
-5.45517
-5.45554
-5.4556
-5.45638
-5.45445
-5.45509
-5.45314
-5.45627
-5.4563
-5.45891
-5.4598
-5.46008
-5.459
-5.45945
-5.45795
-5.45531
-5.45624
-5.45571
-5.45547
-5.45464
-5.45423
-5.45231
-5.45464
-5.45557
-5.45478
-5.45583
-5.45524
-5.45367
-5.45332
-5.45321
-5.45397
-5.45478
-5.45667
-5.45505
-5.45666
-5.45911
-5.4597
-5.45993
-5.45937
-5.4615
-5.46078
-5.46076
-5.46113
-5.46195
-5.45936
-5.4583
-5.4585
-5.45879
-5.45988
-5.45832
-5.45512
-5.45448
-5.4528
-5.45251
-5.45475
-5.45575
-5.45735
-5.45727
-5.45534
-5.45543
-5.45489
-5.45641
-5.45629
-5.45654
-5.45891
-5.46008
-5.46007
-5.46057
-5.4613
-5.46261
-5.46286
-5.46239
-5.46127
-5.45888
-5.45594
-5.4541
-5.45434
-5.4544
-5.45458
-5.4539
-5.45362
-5.454
-5.45437
-5.45275
-5.45466
-5.45528
-5.45499
-5.45575
-5.45686
-5.45692
-5.45483
-5.45469
-5.4578
-5.4581
-5.4567
-5.45437
-5.45512
-5.45479
-5.45469
-5.45448
-5.45542
-5.4545
-5.45516
-5.45277
-5.45089
-5.4505
-5.45135
-5.45124
-5.44921
-5.44909
-5.45145
-5.45145
-5.45046
-5.45214
-5.45046
-5.45066
-5.45116
-5.45064
-5.45321
-5.45388
-5.45665
-5.4552
-5.45658
-5.45527
-5.45329
-5.45436
-5.45186
-5.45018
-5.4491
-5.44933
-5.45114
-5.45087
-5.45258
-5.45294
-5.45574
-5.45642
-5.45592
-5.45491
-5.4544
-5.45253
-5.45104
-5.44971
-5.45415
-5.45467
-5.4541
-5.45558
-5.45571
-5.45412
-5.45668
-5.45535
-5.45602
-5.45598
-5.45636
-5.45804
-5.45783
-5.45655
-5.45403
-5.45358
-5.4539
-5.45173
-5.45127
-5.45156
-5.45072
-5.45331
-5.45418
-5.45265
-5.4525
-5.45359
-5.45355
-5.45361
-5.45343
-5.45622
-5.45553
-5.45655
-5.45676
-5.45562
-5.45521
-5.45695
-5.45829
-5.45823
-5.457
-5.45707
-5.45482
-5.45413
-5.45312
-5.45251
-5.45365
-5.45336
-5.45322
-5.45321
-5.4552
-5.45622
-5.4575
-5.45699
-5.45752
-5.45741
-5.45605
-5.45489
-5.45443
-5.45319
-5.45605
-5.45576
-5.45669
-5.45648
-5.45701
-5.45611
-5.45392
-5.45481
-5.45529
-5.45639
-5.45837
-5.45888
-5.45808
-5.45741
-5.45483
-5.45742
-5.45682
-5.4567
-5.45434
-5.45316
-5.45139
-5.45325
-5.45378
-5.45568
-5.45683
-5.45814
-5.45733
-5.45639
-5.45568
-5.45562
-5.45535
-5.45466
-5.45548
-5.45764
-5.45838
-5.4592
-5.45982
-5.45772
-5.45719
-5.45702
-5.45795
-5.45743
-5.45806
-5.45743
-5.45765
-5.45893
-5.45771
-5.45699
-5.45687
-5.4568
-5.45682
-5.45564
-5.45616
-5.45541
-5.45563
-5.45451
-5.45622
-5.45556
-5.4558
-5.45538
-5.45441
-5.45428
-5.45412
-5.4543
-5.45638
-5.45665
-5.45784
-5.45848
-5.45778
-5.457
-5.45712
-5.45702
-5.45723
-5.45445
-5.45458
-5.45559
-5.4557
-5.45383
-5.45263
-5.45118
-5.45215
-5.45299
-5.45434
-5.45614
-5.45631
-5.45587
-5.45621
-5.45562
-5.45523
-5.45692
-5.4584
-5.45793
-5.45693
-5.459
-5.45784
-5.45715
-5.45768
-5.45797
-5.45766
-5.4581
-5.45844
-5.45716
-5.45664
-5.45728
-5.45813
-5.45846
-5.45716
-5.45603
-5.45668
-5.45661
-5.45665
-5.45526
-5.45498
-5.4245
-5.42533
-5.42404
-5.42422
-5.42398
-5.42369
-5.42173
-5.42069
-5.42191
-5.42291
-5.42247
-5.42192
-5.42284
-5.42451
-5.42487
-5.42579
-5.42367
-5.42338
-5.42302
-5.42462
-5.42565
-5.42578
-5.42558
-5.42533
-5.42823
-5.42689
-5.42302
-5.42409
-5.42326
-5.42595
-5.42819
-5.42928
-5.42862
-5.42856
-5.42762
-5.42619
-5.42428
-5.42479
-5.42243
-5.42226
-5.42321
-5.42263
-5.42153
-5.42005
-5.42092
-5.41974
-5.41954
-5.41903
-5.42236
-5.4232
-5.42329
-5.42506
-5.42878
-5.42999
-5.42753
-5.42799
-5.42878
-5.42856
-5.43145
-5.4313
-5.43008
-5.42689
-5.42827
-5.42489
-5.42524
-5.42423
-5.42293
-5.42559
-5.4253
-5.42441
-5.42721
-5.42605
-5.42445
-5.42441
-5.41988
-5.41941
-5.41989
-5.41755
-5.41738
-5.41751
-5.41735
-5.42009
-5.42235
-5.42301
-5.42483
-5.42486
-5.42569
-5.42703
-5.42698
-5.42588
-5.42439
-5.42319
-5.42172
-5.42393
-5.42406
-5.42371
-5.42316
-5.42199
-5.42138
-5.42482
-5.42513
-5.42844
-5.42925
-5.42919
-5.43058
-5.42865
-5.4261
-5.42404
-5.42258
-5.41955
-5.42052
-5.42454
-5.42791
-5.43078
-5.43256
-5.43373
-5.43292
-5.43174
-5.4296
-5.42787
-5.42703
-5.42492
-5.42424
-5.42627
-5.42709
-5.42986
-5.43004
-5.42734
-5.42861
-5.42802
-5.42483
-5.42477
-5.42324
-5.42382
-5.42428
-5.42278
-5.42396
-5.42273
-5.4234
-5.42569
-5.42569
-5.4262
-5.42586
-5.42484
-5.42503
-5.42543
-5.42762
-5.42802
-5.43047
-5.4317
-5.43075
-5.43024
-5.42994
-5.42991
-5.4276
-5.42716
-5.42404
-5.42344
-5.42126
-5.4199
-5.41985
-5.41864
-5.41856
-5.41917
-5.4196
-5.42153
-5.42151
-5.42207
-5.42097
-5.42224
-5.42179
-5.42134
-5.42093
-5.42154
-5.42095
-5.42084
-5.4216
-5.42031
-5.41981
-5.42125
-5.42386
-5.42562
-5.42557
-5.42444
-5.42463
-5.42435
-5.42631
-5.42724
-5.42926
-5.42991
-5.43033
-5.4308
-5.431
-5.43031
-5.42942
-5.42775
-5.42701
-5.42626
-5.42686
-5.42432
-5.42228
-5.42148
-5.42072
-5.42125
-5.422
-5.42443
-5.42612
-5.42698
-5.42725
-5.42821
-5.42992
-5.42956
-5.43011
-5.43033
-5.42696
-5.4232
-5.42065
-5.42162
-5.42133
-5.41931
-5.41965
-5.4186
-5.41968
-5.4233
-5.42231
-5.42356
-5.424
-5.42137
-5.4232
-5.42382
-5.42309
-5.4241
-5.42405
-5.42296
-5.42075
-5.42477
-5.42391
-5.42625
-5.42496
-5.42653
-5.42742
-5.42577
-5.42614
-5.42764
-5.42958
-5.43028
-5.42994
-5.42844
-5.42866
-5.42836
-5.42889
-5.42741
-5.42495
-5.42444
-5.42337
-5.42246
-5.42312
-5.42291
-5.42279
-5.42331
-5.42286
-5.42404
-5.42537
-5.42852
-5.42948
-5.42941
-5.4287
-5.42923
-5.42826
-5.4251
-5.42143
-5.42192
-5.42098
-5.42041
-5.42004
-5.42154
-5.42189
-5.42439
-5.42553
-5.42671
-5.42557
-5.42439
-5.42549
-5.42349
-5.42466
-5.42457
-5.42267
-5.42356
-5.42339
-5.42377
-5.42431
-5.42457
-5.42701
-5.42599
-5.42562
-5.42523
-5.42619
-5.42314
-5.42367
-5.42441
-5.42255
-5.42489
-5.4236
-5.42239
-5.42336
-5.4251
-5.42601
-5.42489
-5.42451
-5.42396
-5.42223
-5.42182
-5.42232
-5.42215
-5.42456
-5.42311
-5.42429
-5.42712
-5.43066
-5.42909
-5.4292
-5.4296
-5.42883
-5.43028
-5.42929
-5.42878
-5.42756
-5.42754
-5.4268
-5.42475
-5.42196
-5.42362
-5.42689
-5.43001
-5.43223
-5.43164
-5.43362
-5.4321
-5.43373
-5.43257
-5.43103
-5.43152
-5.43148
-5.43225
-5.43254
-5.43108
-5.42921
-5.4305
-5.43071
-5.4294
-5.42801
-5.42644
-5.42527
-5.4245
-5.42586
-5.42461
-5.42417
-5.4224
-5.42319
-5.42352
-5.42256
-5.42142
-5.42124
-5.42001
-5.42098
-5.4207
-5.42064
-5.42037
-5.42165
-5.42068
-5.42194
-5.4227
-5.42411
-5.4261
-5.42477
-5.42606
-5.42523
-5.42304
-5.42277
-5.42341
-5.42545
-5.42418
-5.42655
-5.42799
-5.42819
-5.42721
-5.42669
-5.42566
-5.42707
-5.42614
-5.42712
-5.42877
-5.42813
-5.42646
-5.42569
-5.42367
-5.4248
-5.42443
-5.42271
-5.42321
-5.42371
-5.42412
-5.42665
-5.42886
-5.43019
-5.42898
-5.42873
-5.42866
-5.43011
-5.43006
-5.42938
-5.42763
-5.42669
-5.42655
-5.42592
-5.42512
-5.42843
-5.42295
-5.4221
-5.42278
-5.42229
-5.42173
-5.42207
-5.4231
-5.42386
-5.42475
-5.42404
-5.42596
-5.42566
-5.42678
-5.42774
-5.42669
-5.42821
-5.42876
-5.42925
-5.43028
-5.42921
-5.42929
-5.42669
-5.42762
-5.42694
-5.42371
-5.42348
-5.42281
-5.42151
-5.42197
-5.4229
-5.42381
-5.42479
-5.42558
-5.4276
-5.42759
-5.42688
-5.42784
-5.42762
-5.42788
-5.42734
-5.42447
-5.42357
-5.42315
-5.42013
-5.4185
-5.42119
-5.4239
-5.42672
-5.42746
-5.42661
-5.42712
-5.42878
-5.43041
-5.42983
-5.43162
-5.42991
-5.42912
-5.42781
-5.42811
-5.42678
-5.42524
-5.42332
-5.4238
-5.42292
-5.424
-5.42314
-5.42481
-5.42373
-5.42535
-5.42575
-5.42682
-5.42748
-5.42892
-5.42944
-5.42806
-5.42545
-5.42559
-5.42345
-5.42334
-5.42275
-5.42298
-5.42459
-5.42426
-5.47464
-5.47499
-5.47368
-5.47465
-5.47378
-5.47467
-5.47341
-5.47284
-5.47345
-5.47544
-5.47456
-5.47405
-5.47078
-5.47038
-5.46879
-5.46743
-5.46899
-5.47126
-5.47292
-5.47226
-5.47427
-5.47388
-5.47477
-5.47656
-5.47376
-5.4746
-5.47402
-5.47411
-5.47303
-5.47405
-5.4736
-5.47348
-5.47428
-5.47212
-5.47105
-5.47253
-5.47403
-5.47511
-5.47485
-5.47523
-5.47643
-5.4759
-5.47676
-5.47441
-5.47427
-5.47352
-5.47311
-5.47353
-5.47689
-5.47467
-5.47592
-5.47518
-5.47505
-5.47713
-5.47748
-5.47962
-5.47902
-5.47633
-5.47484
-5.47457
-5.4743
-5.4728
-5.47212
-5.47362
-5.47409
-5.47349
-5.47305
-5.474
-5.47363
-5.47444
-5.4744
-5.47611
-5.47538
-5.47423
-5.47427
-5.47452
-5.47374
-5.47361
-5.47099
-5.47078
-5.47039
-5.47011
-5.46924
-5.47003
-5.46991
-5.46958
-5.46844
-5.46905
-5.47454
-5.476
-5.47621
-5.4777
-5.47694
-5.4757
-5.47542
-5.47695
-5.47656
-5.47721
-5.47688
-5.47926
-5.47892
-5.47861
-5.48023
-5.48094
-5.48021
-5.48075
-5.47941
-5.47912
-5.47826
-5.47808
-5.47922
-5.47681
-5.47536
-5.47549
-5.47462
-5.47476
-5.47498
-5.47535
-5.47362
-5.47295
-5.47292
-5.47277
-5.47112
-5.47122
-5.46927
-5.47154
-5.46974
-5.47047
-5.47052
-5.47113
-5.47344
-5.47567
-5.47604
-5.47546
-5.47456
-5.47375
-5.47544
-5.47686
-5.47424
-5.47536
-5.47436
-5.47314
-5.47392
-5.47706
-5.4793
-5.48158
-5.48185
-5.48031
-5.47913
-5.47799
-5.47797
-5.47826
-5.47807
-5.47656
-5.4777
-5.47952
-5.47906
-5.4774
-5.47726
-5.47719
-5.47714
-5.47813
-5.47697
-5.4786
-5.47788
-5.47748
-5.47684
-5.47764
-5.47828
-5.47839
-5.4789
-5.47941
-5.47826
-5.47799
-5.47731
-5.47884
-5.47803
-5.47684
-5.47619
-5.47544
-5.47493
-5.47277
-5.47294
-5.47099
-5.47093
-5.47086
-5.46981
-5.46834
-5.46857
-5.46744
-5.46838
-5.46969
-5.47167
-5.47436
-5.47394
-5.47503
-5.47606
-5.47577
-5.47228
-5.47079
-5.47038
-5.46725
-5.4676
-5.46692
-5.46745
-5.46743
-5.46894
-5.4689
-5.47116
-5.46865
-5.46736
-5.46874
-5.469
-5.47113
-5.47158
-5.47163
-5.4718
-5.47354
-5.47506
-5.47528
-5.47675
-5.47566
-5.47569
-5.47594
-5.47452
-5.47337
-5.47315
-5.4717
-5.47373
-5.4743
-5.4735
-5.47383
-5.47599
-5.47548
-5.47759
-5.47681
-5.4764
-5.47667
-5.47473
-5.47737
-5.47884
-5.47665
-5.47611
-5.47703
-5.47693
-5.48006
-5.47868
-5.47856
-5.47866
-5.47913
-5.47817
-5.47757
-5.47787
-5.47777
-5.47547
-5.47536
-5.47244
-5.47079
-5.47276
-5.4735
-5.47353
-5.47397
-5.47456
-5.4738
-5.47286
-5.47139
-5.4712
-5.4718
-5.47029
-5.4722
-5.47215
-5.47497
-5.47344
-5.47407
-5.47272
-5.47605
-5.47494
-5.47545
-5.47428
-5.47402
-5.47531
-5.47292
-5.47198
-5.4718
-5.47272
-5.47287
-5.47138
-5.46999
-5.47079
-5.4716
-5.47117
-5.47073
-5.47145
-5.47317
-5.4729
-5.4764
-5.47362
-5.47292
-5.47296
-5.47401
-5.47481
-5.47477
-5.47236
-5.47195
-5.47106
-5.4714
-5.47011
-5.47007
-5.47157
-5.47155
-5.47212
-5.47314
-5.47393
-5.47553
-5.47387
-5.47266
-5.47266
-5.4712
-5.47331
-5.47293
-5.47346
-5.47328
-5.47218
-5.46971
-5.4706
-5.47016
-5.46906
-5.47087
-5.47064
-5.46992
-5.47218
-5.47084
-5.47002
-5.47325
-5.4763
-5.47593
-5.47897
-5.47701
-5.47587
-5.47624
-5.47493
-5.47334
-5.47192
-5.47076
-5.47052
-5.47178
-5.47054
-5.47062
-5.47167
-5.47369
-5.47537
-5.47507
-5.47533
-5.47486
-5.47496
-5.47533
-5.47435
-5.47396
-5.47257
-5.47283
-5.4741
-5.4747
-5.47224
-5.47343
-5.47277
-5.47392
-5.47021
-5.47088
-5.47026
-5.47002
-5.47141
-5.47172
-5.47403
-5.4769
-5.47897
-5.47822
-5.47755
-5.47733
-5.47601
-5.47758
-5.4779
-5.47832
-5.48012
-5.47873
-5.47964
-5.47703
-5.47581
-5.47701
-5.47811
-5.47782
-5.47929
-5.47977
-5.48009
-5.47981
-5.47921
-5.47927
-5.47848
-5.47795
-5.47875
-5.48027
-5.47952
-5.47876
-5.47542
-5.47546
-5.47504
-5.47349
-5.47239
-5.47367
-5.4751
-5.47832
-5.47803
-5.47957
-5.47955
-5.47821
-5.47919
-5.47838
-5.47658
-5.47514
-5.47246
-5.47271
-5.47324
-5.47244
-5.47168
-5.47133
-5.47276
-5.47243
-5.47368
-5.47431
-5.47236
-5.47285
-5.47295
-5.473
-5.47153
-5.47335
-5.47498
-5.47566
-5.47369
-5.47317
-5.47012
-5.46886
-5.46878
-5.47114
-5.47059
-5.47081
-5.47224
-5.47215
-5.47119
-5.46936
-5.47159
-5.47237
-5.47233
-5.47143
-5.47124
-5.47436
-5.47246
-5.47344
-5.47328
-5.47408
-5.47271
-5.47015
-5.47242
-5.47353
-5.47328
-5.4738
-5.47537
-5.47505
-5.47446
-5.47497
-5.47278
-5.47223
-5.47182
-5.47099
-5.47142
-5.47241
-5.47448
-5.47715
-5.47515
-5.47526
-5.47681
-5.47693
-5.4776
-5.47758
-5.47532
-5.47603
-5.47651
-5.47709
-5.47547
-5.47523
-5.47406
-5.47391
-5.4725
-5.47015
-5.47071
-5.46893
-5.47026
-5.46981
-5.46761
-5.46726
-5.46886
-5.46733
-5.41994
-5.42259
-5.42254
-5.42428
-5.42412
-5.42492
-5.42536
-5.42707
-5.42486
-5.42452
-5.42663
-5.4263
-5.42578
-5.42869
-5.42728
-5.4277
-5.42443
-5.42394
-5.42443
-5.42514
-5.42634
-5.42557
-5.42623
-5.42825
-5.42899
-5.42926
-5.42788
-5.42643
-5.42585
-5.42585
-5.4267
-5.4285
-5.42744
-5.42695
-5.42605
-5.42482
-5.42374
-5.42391
-5.4245
-5.42464
-5.42245
-5.42348
-5.42387
-5.42459
-5.42629
-5.42762
-5.42782
-5.4297
-5.43147
-5.43238
-5.43235
-5.43231
-5.43195
-5.43072
-5.42871
-5.42634
-5.42687
-5.42704
-5.42424
-5.42527
-5.42239
-5.42183
-5.42074
-5.42111
-5.42159
-5.42246
-5.42298
-5.42054
-5.42068
-5.41994
-5.42001
-5.41895
-5.41832
-5.42067
-5.42014
-5.42101
-5.42361
-5.42304
-5.42535
-5.42521
-5.42412
-5.42331
-5.42441
-5.42264
-5.42171
-5.42311
-5.4228
-5.42419
-5.42343
-5.42306
-5.421
-5.42355
-5.42409
-5.42447
-5.42819
-5.42874
-5.42806
-5.42778
-5.42699
-5.42575
-5.42609
-5.4245
-5.42522
-5.42273
-5.42318
-5.42234
-5.42281
-5.4221
-5.42066
-5.42207
-5.42399
-5.42498
-5.42694
-5.4286
-5.42838
-5.42592
-5.42472
-5.42307
-5.42385
-5.42513
-5.42346
-5.42444
-5.42462
-5.42434
-5.4264
-5.42711
-5.42697
-5.42725
-5.42634
-5.4262
-5.4246
-5.42256
-5.42013
-5.42192
-5.42089
-5.41774
-5.41609
-5.41698
-5.4185
-5.41804
-5.41778
-5.42117
-5.42198
-5.42278
-5.42362
-5.4245
-5.42403
-5.42527
-5.42649
-5.42767
-5.42957
-5.42716
-5.42577
-5.42543
-5.42674
-5.4257
-5.4239
-5.42296
-5.42428
-5.42147
-5.42332
-5.42239
-5.42415
-5.42338
-5.42263
-5.42352
-5.42419
-5.42339
-5.42443
-5.42729
-5.42734
-5.42835
-5.42946
-5.42667
-5.42449
-5.42593
-5.42691
-5.42435
-5.42293
-5.42337
-5.42087
-5.42255
-5.42087
-5.4228
-5.423
-5.42196
-5.42286
-5.42249
-5.42132
-5.42084
-5.41963
-5.42136
-5.42442
-5.42351
-5.42498
-5.42772
-5.42798
-5.42759
-5.42877
-5.42892
-5.42747
-5.42419
-5.4231
-5.42332
-5.42306
-5.42085
-5.42139
-5.42185
-5.42307
-5.42377
-5.4236
-5.42467
-5.42255
-5.4226
-5.42471
-5.42503
-5.42477
-5.42344
-5.42511
-5.42357
-5.42414
-5.42474
-5.42522
-5.42624
-5.42764
-5.42791
-5.4269
-5.42753
-5.42733
-5.42614
-5.42578
-5.42585
-5.4256
-5.42606
-5.42672
-5.42551
-5.42553
-5.42584
-5.42704
-5.42858
-5.42613
-5.42539
-5.42465
-5.42346
-5.42168
-5.42329
-5.42047
-5.42153
-5.42303
-5.42128
-5.42235
-5.42169
-5.42256
-5.42427
-5.42582
-5.42591
-5.42368
-5.42381
-5.42356
-5.42566
-5.4269
-5.42751
-5.42816
-5.42981
-5.43091
-5.43242
-5.43061
-5.42927
-5.43029
-5.42993
-5.43047
-5.43049
-5.42849
-5.42885
-5.42766
-5.42626
-5.42288
-5.42342
-5.42469
-5.42472
-5.42643
-5.42502
-5.4226
-5.42202
-5.42154
-5.42259
-5.42522
-5.42564
-5.42658
-5.42658
-5.42755
-5.42625
-5.42557
-5.42698
-5.42556
-5.42654
-5.42702
-5.42806
-5.42641
-5.42671
-5.42724
-5.4266
-5.42625
-5.42685
-5.4273
-5.42743
-5.42936
-5.43079
-5.42886
-5.4282
-5.42734
-5.42897
-5.42831
-5.42757
-5.4276
-5.42819
-5.42791
-5.42702
-5.42591
-5.42696
-5.42896
-5.42779
-5.42668
-5.42437
-5.42379
-5.42361
-5.42604
-5.42218
-5.4236
-5.42345
-5.42469
-5.42519
-5.42575
-5.42617
-5.42401
-5.42356
-5.42288
-5.42514
-5.42471
-5.42655
-5.42818
-5.42719
-5.4264
-5.42682
-5.42626
-5.42551
-5.42602
-5.42539
-5.42536
-5.4234
-5.4243
-5.42668
-5.42719
-5.42637
-5.4267
-5.42647
-5.42727
-5.42785
-5.42897
-5.43109
-5.43299
-5.43207
-5.43086
-5.43094
-5.42909
-5.42766
-5.4264
-5.4254
-5.4243
-5.42522
-5.42506
-5.42527
-5.42613
-5.42606
-5.42682
-5.4273
-5.429
-5.42913
-5.42959
-5.42926
-5.43153
-5.4314
-5.43136
-5.43169
-5.43203
-5.42884
-5.42811
-5.4278
-5.42816
-5.42743
-5.42721
-5.42957
-5.43062
-5.43201
-5.43328
-5.43152
-5.43002
-5.4279
-5.42783
-5.42438
-5.42284
-5.42367
-5.42282
-5.42042
-5.42172
-5.42217
-5.42164
-5.42285
-5.42112
-5.42314
-5.42564
-5.4244
-5.42458
-5.4236
-5.42345
-5.42457
-5.42286
-5.42295
-5.42514
-5.42615
-5.42716
-5.42714
-5.42764
-5.42958
-5.42842
-5.42805
-5.42623
-5.42594
-5.42598
-5.4255
-5.42431
-5.42571
-5.42514
-5.42542
-5.42447
-5.42508
-5.42556
-5.4272
-5.42578
-5.42353
-5.42659
-5.42586
-5.42628
-5.42728
-5.42668
-5.42393
-5.42358
-5.42306
-5.42458
-5.4252
-5.42326
-5.42401
-5.42367
-5.42356
-5.42617
-5.42767
-5.42983
-5.42773
-5.42727
-5.42698
-5.42339
-5.42279
-5.42172
-5.42283
-5.42222
-5.42111
-5.42131
-5.42115
-5.4206
-5.42132
-5.42017
-5.4211
-5.4232
-5.42518
-5.4257
-5.42697
-5.42753
-5.4282
-5.42818
-5.42967
-5.42689
-5.428
-5.42632
-5.42421
-5.42338
-5.42198
-5.4211
-5.41991
-5.41853
-5.41799
-5.41796
-5.42188
-5.42398
-5.42302
-5.42293
-5.42358
-5.42565
-5.42406
-5.4222
-5.42092
