1   1.15369    0.00261374
2   1.52198    0.00570425
3   1.8238    0.00716576
4   2.08002    0.00887192
5   2.31167    0.010573
6   2.52402    0.0119913
7   2.72021    0.0118174
8   2.89359    0.0131885
9   3.05086    0.0142235
10   3.20653    0.0149241
11   3.35633    0.0158307
12   3.49973    0.0188782
13   3.63645    0.0192814
14   3.76676    0.0188426
15   3.89237    0.0202832
16   4.03302    0.0213274
17   4.15879    0.0208381
18   4.2699    0.0205826
19   4.38167    0.0220127
20   4.48376    0.0227846
21   4.58206    0.0224772
22   4.68827    0.0243325
23   4.79108    0.0242189
24   4.8977    0.0234656
25   4.99945    0.0236226
26   5.0844    0.0253451
27   5.18593    0.0262933
28   5.29253    0.0262196
29   5.37646    0.0257182
30   5.45837    0.0249863
31   5.55493    0.025781
32   5.64504    0.0260748
33   5.73557    0.0265391
34   5.81857    0.0281833
35   5.90777    0.0282389
36   5.98787    0.028416
37   6.07352    0.0282014
38   6.16818    0.0292085
39   6.2407    0.0273538
40   6.33494    0.0280696
41   6.41562    0.0281082
42   6.48    0.028812
43   6.54861    0.0301467
44   6.60279    0.0311547
45   6.68214    0.0319892
46   6.75717    0.0333918
47   6.83485    0.0340306
48   6.91207    0.0338732
49   6.98773    0.0339155
50   7.06826    0.0335031
51   7.14004    0.0346719
52   7.2154    0.0334666
53   7.28623    0.0325136
54   7.34581    0.031459
55   7.40234    0.0318445
56   7.47771    0.0320155
57   7.53208    0.0328596
58   7.60106    0.033424
59   7.67476    0.0346836
60   7.7393    0.0350752
61   7.80588    0.0371187
62   7.87461    0.0369626
63   7.92902    0.037732
64   7.98187    0.0380264
65   8.04627    0.0402951
66   8.10752    0.0396404
67   8.16473    0.0394466
68   8.22887    0.0397712
69   8.28294    0.039076
70   8.34712    0.0396292
71   8.40386    0.0398841
72   8.46357    0.0408101
73   8.53116    0.0410704
74   8.57996    0.0414061
75   8.64403    0.0413391
76   8.71172    0.0403801
77   8.77943    0.0415748
78   8.84275    0.0422364
79   8.89969    0.0411662
80   8.95501    0.040755
81   9.00763    0.0414168
82   9.05908    0.0417438
83   9.11738    0.0408325
84   9.16232    0.0413081
85   9.21008    0.0403573
86   9.26848    0.041582
87   9.34046    0.0411531
88   9.39125    0.0425411
89   9.42911    0.0419405
90   9.4974    0.0442757
91   9.54411    0.0447732
92   9.58459    0.0455215
93   9.63675    0.045521
94   9.68579    0.0461182
95   9.74529    0.0468516
96   9.80883    0.0478945
97   9.85955    0.0475509
98   9.91209    0.0477326
99   9.96306    0.0482868
100   10.0085    0.0487327
