1   1.28901    0.00188056
2   1.81522    0.00663769
3   2.22977    0.00933452
4   2.56776    0.01091
5   2.88901    0.0123668
6   3.16362    0.0143517
7   3.4058    0.0159596
8   3.65107    0.0163557
9   3.87483    0.0176129
10   4.08362    0.0190824
11   4.27774    0.0203215
12   4.4771    0.0200551
13   4.66394    0.0196644
14   4.82885    0.0202863
15   4.99112    0.0202768
16   5.15528    0.0213071
17   5.31772    0.0217891
18   5.4638    0.0223324
19   5.60388    0.0243156
20   5.75098    0.0250893
21   5.90028    0.0263073
22   6.03317    0.0262398
23   6.16518    0.026628
24   6.29888    0.0265076
25   6.43769    0.0277429
26   6.55928    0.0288334
27   6.67907    0.0298125
28   6.79723    0.0304008
29   6.91504    0.0305368
30   7.02667    0.0311614
31   7.13776    0.033223
32   7.2387    0.0329316
33   7.35431    0.0337708
34   7.4706    0.0340652
35   7.57573    0.0339472
36   7.69309    0.0345714
37   7.8087    0.0352232
38   7.91014    0.0356115
39   8.00575    0.0361533
40   8.09984    0.0354505
41   8.18732    0.035099
42   8.2906    0.0362465
43   8.39584    0.0376374
44   8.49996    0.0375454
45   8.59588    0.0356432
46   8.69114    0.0358043
47   8.77952    0.0362066
48   8.86366    0.0376013
49   8.95795    0.0371654
50   9.04878    0.0362413
51   9.14684    0.0370792
52   9.24068    0.0380889
53   9.31909    0.0379336
54   9.40246    0.0383275
55   9.48358    0.0381996
56   9.56291    0.0390726
57   9.65032    0.0409105
58   9.7238    0.0420758
59   9.80826    0.0412203
60   9.89166    0.0416334
61   9.97974    0.0423756
62   10.0711    0.0425109
63   10.1621    0.0430155
64   10.2313    0.0445624
65   10.3041    0.0448793
66   10.3846    0.0446754
67   10.4532    0.0461259
68   10.5269    0.04703
69   10.5992    0.0483158
70   10.6881    0.0481045
71   10.7739    0.047737
72   10.8428    0.0476272
73   10.9263    0.0480466
74   10.9877    0.0500448
75   11.0676    0.0512447
76   11.1403    0.0497077
77   11.2094    0.0487767
78   11.2839    0.0480225
79   11.3573    0.0486214
80   11.4371    0.0491033
81   11.5204    0.0498663
82   11.6009    0.0497301
83   11.666    0.0498011
84   11.7381    0.0499197
85   11.8164    0.0499625
86   11.8918    0.0503321
87   11.9611    0.0519481
88   12.0354    0.0530904
89   12.1123    0.054514
90   12.184    0.0544748
91   12.2435    0.054993
92   12.3185    0.0548197
93   12.3848    0.0558801
94   12.448    0.0562895
95   12.5091    0.0565319
96   12.5617    0.0560071
97   12.6312    0.0570855
98   12.6937    0.058559
99   12.752    0.0586737
100   12.8276    0.0601246
