	-0.577820537	0.00263334815	0.7	0.5
	-0.605625157	0.00275577722	0.7	0.505
	-0.630243428	0.00221651196	0.7	0.51
	-0.651833649	0.0019983993	0.7	0.515
	-0.669327659	0.00196080464	0.7	0.52
	-0.683662398	0.00220761612	0.7	0.525
	-0.70347338	0.00187813489	0.7	0.53
	-0.715633047	0.00189341032	0.7	0.535
	-0.731173823	0.00162133714	0.7	0.54
	-0.74216702	0.00175122949	0.7	0.545
	-0.751685379	0.00145933144	0.7	0.55
	-0.761039643	0.00137823044	0.7	0.555
	-0.771415396	0.00133403669	0.7	0.56
	-0.781578534	0.00142213473	0.7	0.565
	-0.788338455	0.00127694159	0.7	0.57
	-0.793274728	0.00137154847	0.7	0.575
	-0.799789948	0.00130842105	0.7	0.58
	-0.804070838	0.00123011206	0.7	0.585
	-0.808934144	0.00113989465	0.7	0.59
	-0.81035344	0.0012388898	0.7	0.595
	-0.81421188	0.001137402	0.7	0.6
	-0.816578679	0.00108283664	0.7	0.605
	-0.818903867	0.00104963251	0.7	0.61
	-0.819891466	0.00106364804	0.7	0.615
	-0.82007679	0.00114758591	0.7	0.62
	-0.819776675	0.00110796683	0.7	0.625
	-0.8203766	0.00110638182	0.7	0.63
	-0.819324712	0.00103568068	0.7	0.635
	-0.819142369	0.00112019796	0.7	0.64
	-0.817241425	0.00110040146	0.7	0.645
	-0.815183987	0.00130378257	0.7	0.65
	-0.813712334	0.00122819472	0.7	0.655
	-0.811755294	0.00111972184	0.7	0.66
	-0.808191811	0.00139141245	0.7	0.665
	-0.805247615	0.00128618803	0.7	0.67
	-0.803015114	0.0015257657	0.7	0.675
	-0.798897953	0.00149282316	0.7	0.68
	-0.79734621	0.00124276072	0.7	0.685
	-0.79019896	0.00158155167	0.7	0.69
	-0.785407716	0.00158897025	0.7	0.695
	-0.584486865	0.00253501473	0.705	0.5
	-0.610625959	0.00258711418	0.705	0.505
	-0.635189465	0.00221331466	0.705	0.51
	-0.65123137	0.00228954207	0.705	0.515
	-0.670731917	0.00204897631	0.705	0.52
	-0.688520244	0.00208071196	0.705	0.525
	-0.707415179	0.00206511876	0.705	0.53
	-0.720190435	0.00189838808	0.705	0.535
	-0.733470144	0.00168335858	0.705	0.54
	-0.749514297	0.00160808534	0.705	0.545
	-0.759448043	0.00149684366	0.705	0.55
	-0.769249232	0.00136356514	0.705	0.555
	-0.776909083	0.00161665751	0.705	0.56
	-0.784529559	0.00163739551	0.705	0.565
	-0.793621661	0.00132250925	0.705	0.57
	-0.799179916	0.00126864402	0.705	0.575
	-0.804342136	0.00123524188	0.705	0.58
	-0.810950177	0.00111353255	0.705	0.585
	-0.813526108	0.00120740904	0.705	0.59
	-0.818936162	0.0011466716	0.705	0.595
	-0.82031773	0.00125836374	0.705	0.6
	-0.822511189	0.00118345392	0.705	0.605
	-0.824998578	0.00108437029	0.705	0.61
	-0.826950008	0.0011327943	0.705	0.615
	-0.82777833	0.00107630664	0.705	0.62
	-0.828507486	0.0010286024	0.705	0.625
	-0.826666243	0.0011453058	0.705	0.63
	-0.824611485	0.00110382659	0.705	0.635
	-0.82347847	0.00119749793	0.705	0.64
	-0.823434645	0.00123252863	0.705	0.645
	-0.820399445	0.00139731835	0.705	0.65
	-0.820748957	0.00122511727	0.705	0.655
	-0.817397918	0.00111673026	0.705	0.66
	-0.815124272	0.00125231515	0.705	0.665
	-0.811750329	0.00126876314	0.705	0.67
	-0.808251556	0.00133221344	0.705	0.675
	-0.802978539	0.00147320599	0.705	0.68
	-0.800063537	0.0013795482	0.705	0.685
	-0.794166366	0.00163372229	0.705	0.69
	-0.790090182	0.0017854967	0.705	0.695
	-0.583931051	0.00288168275	0.71	0.5
	-0.609293526	0.0022956037	0.71	0.505
	-0.63664695	0.00243818343	0.71	0.51
	-0.65452591	0.00241512645	0.71	0.515
	-0.674626755	0.00213193526	0.71	0.52
	-0.692466429	0.00196614905	0.71	0.525
	-0.712309039	0.00180518424	0.71	0.53
	-0.723725487	0.00174102837	0.71	0.535
	-0.741743644	0.0016906272	0.71	0.54
	-0.753454211	0.00162350992	0.71	0.545
	-0.764913201	0.00157887256	0.71	0.55
	-0.773024984	0.0014528172	0.71	0.555
	-0.783815983	0.00144094621	0.71	0.56
	-0.792450695	0.00139626911	0.71	0.565
	-0.801091638	0.00125863631	0.71	0.57
	-0.807866739	0.0012718915	0.71	0.575
	-0.811843422	0.0012466772	0.71	0.58
	-0.818140412	0.00110473635	0.71	0.585
	-0.821816757	0.00112681094	0.71	0.59
	-0.825960154	0.00108606784	0.71	0.595
	-0.82762305	0.00107738044	0.71	0.6
	-0.829015922	0.00110264955	0.71	0.605
	-0.831317226	0.000906472428	0.71	0.61
	-0.832871262	0.00103080756	0.71	0.615
	-0.833784969	0.000999937214	0.71	0.62
	-0.833619697	0.00102751684	0.71	0.625
	-0.834914459	0.00103525483	0.71	0.63
	-0.832615836	0.00104372471	0.71	0.635
	-0.831866502	0.000951250005	0.71	0.64
	-0.828754235	0.0010754648	0.71	0.645
	-0.826109966	0.00125578284	0.71	0.65
	-0.826336255	0.00113586673	0.71	0.655
	-0.821296718	0.00111940153	0.71	0.66
	-0.820180077	0.00116475251	0.71	0.665
	-0.817752055	0.00113205582	0.71	0.67
	-0.811854421	0.00139035543	0.71	0.675
	-0.808006644	0.00148962511	0.71	0.68
	-0.804449012	0.00134238621	0.71	0.685
	-0.79989281	0.00138197288	0.71	0.69
	-0.790849312	0.0015979467	0.71	0.695
	-0.589661359	0.0026523978	0.715	0.5
	-0.613912598	0.00248535484	0.715	0.505
	-0.638969395	0.00262122871	0.715	0.51
	-0.658318392	0.00226964486	0.715	0.515
	-0.680023639	0.00219067503	0.715	0.52
	-0.698060149	0.00217989941	0.715	0.525
	-0.717822131	0.00183138234	0.715	0.53
	-0.73087405	0.00169006454	0.715	0.535
	-0.745698467	0.00151913566	0.715	0.54
	-0.758493619	0.00171570848	0.715	0.545
	-0.768102411	0.0014732932	0.715	0.55
	-0.77977347	0.00140000425	0.715	0.555
	-0.790080592	0.00163162599	0.715	0.56
	-0.797306644	0.00137298308	0.715	0.565
	-0.805092781	0.0012607614	0.715	0.57
	-0.812729963	0.0014552894	0.715	0.575
	-0.81766313	0.00124874625	0.715	0.58
	-0.822899276	0.00118894531	0.715	0.585
	-0.827746535	0.00120065315	0.715	0.59
	-0.832443581	0.00101675122	0.715	0.595
	-0.833573699	0.00108962458	0.715	0.6
	-0.836490195	0.00105806956	0.715	0.605
	-0.837857633	0.00100384309	0.715	0.61
	-0.838494438	0.000977878169	0.715	0.615
	-0.839889586	0.000911468223	0.715	0.62
	-0.838612523	0.00101629538	0.715	0.625
	-0.839515345	0.000921933319	0.715	0.63
	-0.837510768	0.00108062084	0.715	0.635
	-0.836993344	0.000931889788	0.715	0.64
	-0.836002111	0.00113219504	0.715	0.645
	-0.834064647	0.0011240151	0.715	0.65
	-0.828325183	0.0013479182	0.715	0.655
	-0.828021933	0.00114007562	0.715	0.66
	-0.824486273	0.00118783731	0.715	0.665
	-0.81912416	0.00136377349	0.715	0.67
	-0.816440548	0.00132888332	0.715	0.675
	-0.813110643	0.00141144889	0.715	0.68
	-0.808358957	0.00161881757	0.715	0.685
	-0.802994863	0.00138844678	0.715	0.69
	-0.799079373	0.0014207585	0.715	0.695
	-0.59131466	0.00242249767	0.72	0.5
	-0.616341182	0.00247854774	0.72	0.505
	-0.640715073	0.00243627164	0.72	0.51
	-0.661551398	0.00226071035	0.72	0.515
	-0.682733141	0.00236531622	0.72	0.52
	-0.699552154	0.00204368354	0.72	0.525
	-0.719645316	0.0020214168	0.72	0.53
	-0.731956126	0.0018931391	0.72	0.535
	-0.748827403	0.00192702268	0.72	0.54
	-0.762631466	0.00157649915	0.72	0.545
	-0.774932087	0.00145966252	0.72	0.55
	-0.784315273	0.001398082	0.72	0.555
	-0.794706904	0.00147496592	0.72	0.56
	-0.805031197	0.00126435425	0.72	0.565
	-0.810191825	0.00132383106	0.72	0.57
	-0.817006519	0.00122222229	0.72	0.575
	-0.824110816	0.00126840048	0.72	0.58
	-0.829945159	0.00112126301	0.72	0.585
	-0.835074032	0.00120971092	0.72	0.59
	-0.836971099	0.00110258512	0.72	0.595
	-0.839601813	0.00111628235	0.72	0.6
	-0.84112829	0.00102865245	0.72	0.605
	-0.843534664	0.00101693119	0.72	0.61
	-0.844580259	0.00095190606	0.72	0.615
	-0.844180887	0.000912077852	0.72	0.62
	-0.844837954	0.00106685899	0.72	0.625
	-0.844157921	0.000899987163	0.72	0.63
	-0.843608841	0.000961547758	0.72	0.635
	-0.841695024	0.000940051514	0.72	0.64
	-0.839376873	0.000981087454	0.72	0.645
	-0.839068855	0.00105238083	0.72	0.65
	-0.834855628	0.00114604895	0.72	0.655
	-0.832924144	0.00112702572	0.72	0.66
	-0.830248579	0.00110922854	0.72	0.665
	-0.823588441	0.00138743825	0.72	0.67
	-0.820372824	0.00121064184	0.72	0.675
	-0.816155261	0.00164793871	0.72	0.68
	-0.812513522	0.00167967824	0.72	0.685
	-0.806273837	0.001411248	0.72	0.69
	-0.800393542	0.00174667204	0.72	0.695
	-0.591199671	0.00255767892	0.725	0.5
	-0.616195263	0.00255477682	0.725	0.505
	-0.640909725	0.00260766328	0.725	0.51
	-0.664393643	0.00219172879	0.725	0.515
	-0.685839173	0.00221337015	0.725	0.52
	-0.704165503	0.00195931346	0.725	0.525
	-0.720472289	0.00198525285	0.725	0.53
	-0.73808182	0.00194957196	0.725	0.535
	-0.754589281	0.0016767936	0.725	0.54
	-0.766673116	0.00168564598	0.725	0.545
	-0.778623872	0.00142245735	0.725	0.55
	-0.789391163	0.00156656443	0.725	0.555
	-0.800945353	0.00146473887	0.725	0.56
	-0.808410371	0.00136151397	0.725	0.565
	-0.816733367	0.00146860367	0.725	0.57
	-0.823010505	0.0012318513	0.725	0.575
	-0.828615362	0.00116187326	0.725	0.58
	-0.834789965	0.001186911	0.725	0.585
	-0.839808539	0.0010985845	0.725	0.59
	-0.842916959	0.00106111581	0.725	0.595
	-0.844736944	0.00111430633	0.725	0.6
	-0.848939326	0.0010678527	0.725	0.605
	-0.849682841	0.00104026684	0.725	0.61
	-0.847866037	0.00108345705	0.725	0.615
	-0.850472456	0.000921902119	0.725	0.62
	-0.849185235	0.000935079374	0.725	0.625
	-0.848624819	0.000967614516	0.725	0.63
	-0.848380802	0.000976337964	0.725	0.635
	-0.846790322	0.00112352482	0.725	0.64
	-0.844460742	0.000988962707	0.725	0.645
	-0.842328897	0.00102806106	0.725	0.65
	-0.839833434	0.00108435205	0.725	0.655
	-0.837077819	0.00121353549	0.725	0.66
	-0.833401563	0.00119813519	0.725	0.665
	-0.829670447	0.00125216062	0.725	0.67
	-0.824269893	0.00135082163	0.725	0.675
	-0.819877005	0.00147892264	0.725	0.68
	-0.816751047	0.00162969333	0.725	0.685
	-0.810241763	0.00154226787	0.725	0.69
	-0.805292124	0.00167497818	0.725	0.695
	-0.595205724	0.00255773629	0.73	0.5
	-0.620795692	0.00252441308	0.73	0.505
	-0.645842435	0.00241294142	0.73	0.51
	-0.664718048	0.00222165793	0.73	0.515
	-0.686588949	0.00197307896	0.73	0.52
	-0.705918317	0.00207503286	0.73	0.525
	-0.726876744	0.00183871856	0.73	0.53
	-0.741854793	0.0020329899	0.73	0.535
	-0.756700348	0.00183315858	0.73	0.54
	-0.768840336	0.00179817688	0.73	0.545
	-0.78614601	0.00151899795	0.73	0.55
	-0.794554557	0.00148850566	0.73	0.555
	-0.805113254	0.00143430934	0.73	0.56
	-0.812719881	0.0014666296	0.73	0.565
	-0.821271301	0.00141248632	0.73	0.57
	-0.827597116	0.00127255928	0.73	0.575
	-0.833533165	0.00115456255	0.73	0.58
	-0.839017912	0.00107967637	0.73	0.585
	-0.844331363	0.00102178375	0.73	0.59
	-0.846274364	0.00109604126	0.73	0.595
	-0.84927498	0.00106697324	0.73	0.6
	-0.852186582	0.000994805804	0.73	0.605
	-0.852887644	0.00105809908	0.73	0.61
	-0.854376661	0.000938043656	0.73	0.615
	-0.854154045	0.00104735458	0.73	0.62
	-0.854835047	0.000976977884	0.73	0.625
	-0.853876315	0.000966046593	0.73	0.63
	-0.853111052	0.000972857262	0.73	0.635
	-0.852005274	0.00088643408	0.73	0.64
	-0.848336646	0.00101492189	0.73	0.645
	-0.847881115	0.00125908471	0.73	0.65
	-0.844036429	0.00114042764	0.73	0.655
	-0.841420503	0.00123363828	0.73	0.66
	-0.836035241	0.00126871197	0.73	0.665
	-0.832649407	0.00135302705	0.73	0.67
	-0.827569018	0.00141967329	0.73	0.675
	-0.823810422	0.00142151447	0.73	0.68
	-0.819131594	0.00151539769	0.73	0.685
	-0.814490371	0.0016098192	0.73	0.69
	-0.808447346	0.00198079066	0.73	0.695
	-0.593921088	0.00278492058	0.735	0.5
	-0.621708144	0.00208258647	0.735	0.505
	-0.646060082	0.00218757917	0.735	0.51
	-0.670897006	0.00236601264	0.735	0.515
	-0.689047862	0.00234807667	0.735	0.52
	-0.711685726	0.00212435823	0.735	0.525
	-0.727699398	0.00179590458	0.735	0.53
	-0.745958466	0.00198363312	0.735	0.535
	-0.761397158	0.00169060843	0.735	0.54
	-0.776980697	0.00190325533	0.735	0.545
	-0.787293984	0.00163168218	0.735	0.55
	-0.798948859	0.00135932887	0.735	0.555
	-0.806263706	0.00142441527	0.735	0.56
	-0.816688846	0.00144266581	0.735	0.565
	-0.825227291	0.00135636177	0.735	0.57
	-0.831482361	0.00129177367	0.735	0.575
	-0.83916683	0.0012771353	0.735	0.58
	-0.843454329	0.00119631174	0.735	0.585
	-0.847285857	0.00106061183	0.735	0.59
	-0.85132595	0.00110972637	0.735	0.595
	-0.85394743	0.00104889369	0.735	0.6
	-0.856179102	0.00106702059	0.735	0.605
	-0.858769782	0.0010533049	0.735	0.61
	-0.858610823	0.00100118398	0.735	0.615
	-0.860018771	0.00103036479	0.735	0.62
	-0.859696428	0.000988470108	0.735	0.625
	-0.857932177	0.000962554395	0.735	0.63
	-0.858488064	0.00103007899	0.735	0.635
	-0.85603995	0.000958440624	0.735	0.64
	-0.854557012	0.00110245301	0.735	0.645
	-0.850786203	0.00108819302	0.735	0.65
	-0.848094569	0.00122059338	0.735	0.655
	-0.84330132	0.00134276594	0.735	0.66
	-0.839255254	0.00139057845	0.735	0.665
	-0.836581689	0.00136727295	0.735	0.67
	-0.830727175	0.00137466298	0.735	0.675
	-0.826355612	0.00163245212	0.735	0.68
	-0.822451374	0.00154803881	0.735	0.685
	-0.815861985	0.00155270267	0.735	0.69
	-0.808006944	0.00192315669	0.735	0.695
	-0.599326224	0.00235847908	0.74	0.5
	-0.623441702	0.00237922643	0.74	0.505
	-0.649761923	0.00229925563	0.74	0.51
	-0.672194447	0.00236829112	0.74	0.515
	-0.690731909	0.00215255752	0.74	0.52
	-0.713324556	0.00196204446	0.74	0.525
	-0.731180173	0.00201636377	0.74	0.53
	-0.748293226	0.00171962986	0.74	0.535
	-0.764237874	0.0017474601	0.74	0.54
	-0.77884305	0.00189394382	0.74	0.545
	-0.789308304	0.00163366627	0.74	0.55
	-0.802262451	0.00153711837	0.74	0.555
	-0.812650026	0.00134010287	0.74	0.56
	-0.822797057	0.00121582686	0.74	0.565
	-0.830311578	0.00124717029	0.74	0.57
	-0.837719338	0.00121337084	0.74	0.575
	-0.842250251	0.00122760695	0.74	0.58
	-0.847224978	0.0011516523	0.74	0.585
	-0.852242469	0.00121286256	0.74	0.59
	-0.857262573	0.00109991919	0.74	0.595
	-0.859615338	0.00110162578	0.74	0.6
	-0.861814977	0.00101932279	0.74	0.605
	-0.863632744	0.0010634609	0.74	0.61
	-0.863634127	0.00105750169	0.74	0.615
	-0.863577251	0.000977110381	0.74	0.62
	-0.864944289	0.00106784524	0.74	0.625
	-0.862934896	0.00103249532	0.74	0.63
	-0.86200561	0.00101277006	0.74	0.635
	-0.859510311	0.000928708286	0.74	0.64
	-0.858380076	0.000885410702	0.74	0.645
	-0.854983153	0.0010686736	0.74	0.65
	-0.852339142	0.00119489615	0.74	0.655
	-0.848053521	0.00118181589	0.74	0.66
	-0.84379325	0.00120550087	0.74	0.665
	-0.838615392	0.00126266023	0.74	0.67
	-0.834647183	0.0014013429	0.74	0.675
	-0.830018442	0.00157241653	0.74	0.68
	-0.824459918	0.0015164399	0.74	0.685
	-0.820735859	0.00152064109	0.74	0.69
	-0.810819598	0.00181226629	0.74	0.695
	-0.598000934	0.00214878148	0.745	0.5
	-0.625748318	0.00215234938	0.745	0.505
	-0.652124876	0.00202501479	0.745	0.51
	-0.671427802	0.00228554858	0.745	0.515
	-0.694021095	0.00247283341	0.745	0.52
	-0.715326983	0.00196701954	0.745	0.525
	-0.733125905	0.00208334508	0.745	0.53
	-0.751972158	0.00178580415	0.745	0.535
	-0.766546843	0.00200172168	0.745	0.54
	-0.78004668	0.00180549968	0.745	0.545
	-0.793257016	0.00155791476	0.745	0.55
	-0.807125964	0.00151083016	0.745	0.555
	-0.816556387	0.00137396971	0.745	0.56
	-0.825491263	0.00130727228	0.745	0.565
	-0.833914592	0.00128326798	0.745	0.57
	-0.842489959	0.00128925945	0.745	0.575
	-0.846350972	0.00110679119	0.745	0.58
	-0.851532345	0.00116994179	0.745	0.585
	-0.856649276	0.00123055869	0.745	0.59
	-0.859637547	0.00107514965	0.745	0.595
	-0.863198638	0.0010606652	0.745	0.6
	-0.865562919	0.00107688546	0.745	0.605
	-0.867155174	0.000946139781	0.745	0.61
	-0.8674049	0.000966770349	0.745	0.615
	-0.868262504	0.00108183732	0.745	0.62
	-0.867866771	0.00112105804	0.745	0.625
	-0.865837477	0.000968193246	0.745	0.63
	-0.865447961	0.00102925056	0.745	0.635
	-0.863848538	0.00110640891	0.745	0.64
	-0.860310244	0.00101924994	0.745	0.645
	-0.858136205	0.00110032697	0.745	0.65
	-0.85490919	0.00124508294	0.745	0.655
	-0.848249579	0.00148161857	0.745	0.66
	-0.845341195	0.00141705725	0.745	0.665
	-0.844047431	0.00126966916	0.745	0.67
	-0.838486977	0.00149089076	0.745	0.675
	-0.830651816	0.00160307688	0.745	0.68
	-0.826087751	0.00177527863	0.745	0.685
	-0.819601778	0.00161895115	0.745	0.69
	-0.812273598	0.00172375238	0.745	0.695
	-0.596044125	0.00230755071	0.75	0.5
	-0.626321796	0.00238440304	0.75	0.505
	-0.651081194	0.0024749015	0.75	0.51
	-0.673859473	0.00228678988	0.75	0.515
	-0.692810586	0.00216686962	0.75	0.52
	-0.714877874	0.00189154117	0.75	0.525
	-0.737006236	0.00198864059	0.75	0.53
	-0.755411311	0.0018124249	0.75	0.535
	-0.769250949	0.00170868303	0.75	0.54
	-0.78432603	0.00166292274	0.75	0.545
	-0.795060537	0.00160063777	0.75	0.55
	-0.807653803	0.00151208156	0.75	0.555
	-0.81967996	0.00152722099	0.75	0.56
	-0.828028832	0.00131122418	0.75	0.565
	-0.836427692	0.00123833501	0.75	0.57
	-0.843933947	0.00128840677	0.75	0.575
	-0.850414688	0.00114864561	0.75	0.58
	-0.855400759	0.00113025719	0.75	0.585
	-0.859473958	0.00107587955	0.75	0.59
	-0.863683864	0.0010811457	0.75	0.595
	-0.865935376	0.00102109152	0.75	0.6
	-0.869177671	0.00109516723	0.75	0.605
	-0.870283235	0.000922574652	0.75	0.61
	-0.872043348	0.000994942391	0.75	0.615
	-0.872745335	0.00106658081	0.75	0.62
	-0.871170329	0.00108837012	0.75	0.625
	-0.870454837	0.00110604885	0.75	0.63
	-0.869830041	0.00106722318	0.75	0.635
	-0.866129564	0.00113696138	0.75	0.64
	-0.8633538	0.00109951315	0.75	0.645
	-0.861719661	0.00115026201	0.75	0.65
	-0.858689457	0.00119469513	0.75	0.655
	-0.854194174	0.00117279359	0.75	0.66
	-0.850199011	0.00116169626	0.75	0.665
	-0.846193833	0.00125295934	0.75	0.67
	-0.840088301	0.00131835889	0.75	0.675
	-0.832815772	0.00174947121	0.75	0.68
	-0.827497974	0.00179514123	0.75	0.685
	-0.821167122	0.00186210492	0.75	0.69
	-0.817332403	0.00163483105	0.75	0.695
	-0.599437372	0.00231884146	0.755	0.5
	-0.629287934	0.00234080172	0.755	0.505
	-0.653526031	0.00225657051	0.755	0.51
	-0.673930572	0.00238372147	0.755	0.515
	-0.697190845	0.00238347846	0.755	0.52
	-0.718856375	0.00215198128	0.755	0.525
	-0.737517397	0.0020211285	0.755	0.53
	-0.752939188	0.00184187015	0.755	0.535
	-0.772021877	0.00184049444	0.755	0.54
	-0.784982717	0.0017966586	0.755	0.545
	-0.798978759	0.00170298634	0.755	0.55
	-0.811076196	0.0013965769	0.755	0.555
	-0.822627848	0.0014448483	0.755	0.56
	-0.831167962	0.00127022816	0.755	0.565
	-0.838909749	0.00131058808	0.755	0.57
	-0.846973362	0.00116857913	0.755	0.575
	-0.854236888	0.00105801628	0.755	0.58
	-0.859156835	0.00114636135	0.755	0.585
	-0.86317695	0.000977137657	0.755	0.59
	-0.866870747	0.00114022382	0.755	0.595
	-0.870631475	0.00106662778	0.755	0.6
	-0.872008363	0.0010189336	0.755	0.605
	-0.873796281	0.000896295768	0.755	0.61
	-0.875641037	0.000944124339	0.755	0.615
	-0.875925681	0.00100803732	0.755	0.62
	-0.874283056	0.000919793649	0.755	0.625
	-0.871596574	0.00115818928	0.755	0.63
	-0.871652392	0.00112247855	0.755	0.635
	-0.86998047	0.00108166257	0.755	0.64
	-0.867021857	0.00107011876	0.755	0.645
	-0.864882718	0.00111006385	0.755	0.65
	-0.862332025	0.00109788604	0.755	0.655
	-0.858156368	0.00118606209	0.755	0.66
	-0.853446533	0.00128636186	0.755	0.665
	-0.84758038	0.00128129292	0.755	0.67
	-0.844333872	0.00140116056	0.755	0.675
	-0.834385247	0.00173208909	0.755	0.68
	-0.82950788	0.00173152141	0.755	0.685
	-0.821915658	0.00180624286	0.755	0.69
	-0.819260623	0.0015821259	0.755	0.695
	-0.598067967	0.00257577153	0.76	0.5
	-0.628431227	0.00224505035	0.76	0.505
	-0.654411591	0.00228233505	0.76	0.51
	-0.677368604	0.00198203182	0.76	0.515
	-0.699534288	0.00222934855	0.76	0.52
	-0.720590714	0.00211466118	0.76	0.525
	-0.740146282	0.00182920113	0.76	0.53
	-0.756281456	0.00192858795	0.76	0.535
	-0.774160123	0.00181373424	0.76	0.54
	-0.786558633	0.00158623862	0.76	0.545
	-0.798223175	0.00154533834	0.76	0.55
	-0.814200549	0.00157510133	0.76	0.555
	-0.824277174	0.00143582787	0.76	0.56
	-0.834801767	0.00135362266	0.76	0.565
	-0.841817039	0.00127908257	0.76	0.57
	-0.849928385	0.0011928075	0.76	0.575
	-0.855684519	0.00120690653	0.76	0.58
	-0.861995802	0.00109264808	0.76	0.585
	-0.86614179	0.001038286	0.76	0.59
	-0.86842641	0.00115807974	0.76	0.595
	-0.872786987	0.00115161508	0.76	0.6
	-0.87500612	0.00104453821	0.76	0.605
	-0.875842549	0.00108036292	0.76	0.61
	-0.878119509	0.00100233479	0.76	0.615
	-0.879267573	0.000990897536	0.76	0.62
	-0.877063879	0.00105539977	0.76	0.625
	-0.875987081	0.00105946311	0.76	0.63
	-0.875191131	0.00113060745	0.76	0.635
	-0.873142731	0.00117851244	0.76	0.64
	-0.870045462	0.00114995464	0.76	0.645
	-0.86628111	0.00112841914	0.76	0.65
	-0.862967415	0.00135222802	0.76	0.655
	-0.859142091	0.00120412364	0.76	0.66
	-0.854385489	0.00138825008	0.76	0.665
	-0.847231375	0.00159701416	0.76	0.67
	-0.842257949	0.00163327834	0.76	0.675
	-0.837785163	0.001681018	0.76	0.68
	-0.83061408	0.00176795094	0.76	0.685
	-0.825447515	0.00186455415	0.76	0.69
	-0.820910439	0.00183752768	0.76	0.695
	-0.597255135	0.00239537633	0.765	0.5
	-0.625586924	0.00218350271	0.765	0.505
	-0.652834441	0.00196494003	0.765	0.51
	-0.678861048	0.00226551785	0.765	0.515
	-0.698206694	0.00228715449	0.765	0.52
	-0.722296573	0.00202759307	0.765	0.525
	-0.742082127	0.00200667121	0.765	0.53
	-0.758610414	0.00187562216	0.765	0.535
	-0.774857013	0.00189095181	0.765	0.54
	-0.789069172	0.00171341069	0.765	0.545
	-0.802119092	0.00154307645	0.765	0.55
	-0.815960034	0.00142988952	0.765	0.555
	-0.82787967	0.00132100687	0.765	0.56
	-0.836084305	0.00145490173	0.765	0.565
	-0.8456489	0.00123241719	0.765	0.57
	-0.851752179	0.0012627448	0.765	0.575
	-0.857597255	0.00123278368	0.765	0.58
	-0.863498193	0.00102753118	0.765	0.585
	-0.867941147	0.00113812352	0.765	0.59
	-0.872767828	0.00109135111	0.765	0.595
	-0.875254137	0.000883385507	0.765	0.6
	-0.876761737	0.000960611533	0.765	0.605
	-0.879122849	0.00104604772	0.765	0.61
	-0.880380919	0.00107610346	0.765	0.615
	-0.881110627	0.000984445382	0.765	0.62
	-0.881472697	0.00102936151	0.765	0.625
	-0.878237158	0.00108824777	0.765	0.63
	-0.87565924	0.00115930652	0.765	0.635
	-0.874159825	0.00114238654	0.765	0.64
	-0.871786764	0.00106352342	0.765	0.645
	-0.867363773	0.00121245668	0.765	0.65
	-0.866285149	0.00119110008	0.765	0.655
	-0.860729841	0.00125784729	0.765	0.66
	-0.857103913	0.00139480876	0.765	0.665
	-0.852527012	0.00140469593	0.765	0.67
	-0.844093441	0.00159703127	0.765	0.675
	-0.838796974	0.00167523545	0.765	0.68
	-0.832832805	0.00169013336	0.765	0.685
	-0.82799166	0.00173174803	0.765	0.69
	-0.819257747	0.00206734729	0.765	0.695
	-0.598575826	0.00251319705	0.77	0.5
	-0.625229331	0.00243559023	0.77	0.505
	-0.654496604	0.00233870474	0.77	0.51
	-0.67757748	0.00224689715	0.77	0.515
	-0.702237075	0.00196237089	0.77	0.52
	-0.720216259	0.00210993357	0.77	0.525
	-0.74154852	0.0018899893	0.77	0.53
	-0.757811456	0.00182140823	0.77	0.535
	-0.775728366	0.0018486142	0.77	0.54
	-0.792461082	0.00167189496	0.77	0.545
	-0.803527059	0.00164676055	0.77	0.55
	-0.816343138	0.00152715138	0.77	0.555
	-0.827425726	0.00133680319	0.77	0.56
	-0.838072568	0.00135804248	0.77	0.565
	-0.846459265	0.00122624625	0.77	0.57
	-0.854654137	0.00116897018	0.77	0.575
	-0.861384794	0.00121599735	0.77	0.58
	-0.866305169	0.00110134891	0.77	0.585
	-0.869610932	0.00111630352	0.77	0.59
	-0.874778648	0.00110432958	0.77	0.595
	-0.878885544	0.00104044837	0.77	0.6
	-0.87971419	0.0010422299	0.77	0.605
	-0.880683626	0.00102115217	0.77	0.61
	-0.883033888	0.00106682628	0.77	0.615
	-0.883386217	0.00114573006	0.77	0.62
	-0.880320341	0.0010734514	0.77	0.625
	-0.881037354	0.00109270483	0.77	0.63
	-0.87952371	0.0010194715	0.77	0.635
	-0.876371016	0.00109574547	0.77	0.64
	-0.873533755	0.00117204698	0.77	0.645
	-0.871876183	0.0011241418	0.77	0.65
	-0.867873007	0.00148548183	0.77	0.655
	-0.862929919	0.00138341107	0.77	0.66
	-0.858977819	0.00153586903	0.77	0.665
	-0.853546769	0.00141169127	0.77	0.67
	-0.845938349	0.00155004883	0.77	0.675
	-0.838675691	0.00178662186	0.77	0.68
	-0.83296238	0.00186505331	0.77	0.685
	-0.82572257	0.00188603585	0.77	0.69
	-0.819593486	0.00180776786	0.77	0.695
	-0.595210132	0.00301044832	0.775	0.5
	-0.624821759	0.00212292074	0.775	0.505
	-0.652064519	0.00219453225	0.775	0.51
	-0.67915465	0.00202318886	0.775	0.515
	-0.697977373	0.00204463125	0.775	0.52
	-0.723440824	0.00200909054	0.775	0.525
	-0.741245734	0.00195699728	0.775	0.53
	-0.757704192	0.00186366036	0.775	0.535
	-0.774295823	0.00167211944	0.775	0.54
	-0.79361573	0.00173139661	0.775	0.545
	-0.807721124	0.00174728025	0.775	0.55
	-0.818685932	0.0015210926	0.775	0.555
	-0.829494476	0.00144301758	0.775	0.56
	-0.840158455	0.0014165258	0.775	0.565
	-0.848096839	0.0013553995	0.775	0.57
	-0.856462596	0.00125405058	0.775	0.575
	-0.863965376	0.0011357542	0.775	0.58
	-0.868395012	0.00123427926	0.775	0.585
	-0.872887035	0.00104542922	0.775	0.59
	-0.876364725	0.000908722821	0.775	0.595
	-0.880547097	0.00106171264	0.775	0.6
	-0.881901414	0.00103311147	0.775	0.605
	-0.884002733	0.00099756039	0.775	0.61
	-0.883868491	0.001021606	0.775	0.615
	-0.883973309	0.00112205515	0.775	0.62
	-0.885119673	0.000999139911	0.775	0.625
	-0.883900781	0.00107630578	0.775	0.63
	-0.881836618	0.00110459235	0.775	0.635
	-0.879527246	0.00125606791	0.775	0.64
	-0.874630475	0.00128589724	0.775	0.645
	-0.871309051	0.00137962201	0.775	0.65
	-0.868496246	0.00133981408	0.775	0.655
	-0.865081928	0.00132138796	0.775	0.66
	-0.860634654	0.0014346359	0.775	0.665
	-0.85530233	0.001554525	0.775	0.67
	-0.848762514	0.00171651537	0.775	0.675
	-0.842537497	0.00157516297	0.775	0.68
	-0.836001469	0.00177759589	0.775	0.685
	-0.828182699	0.00198021169	0.775	0.69
	-0.820784981	0.00189974976	0.775	0.695
	-0.593004697	0.00229461591	0.78	0.5
	-0.624991167	0.00263204547	0.78	0.505
	-0.651334013	0.00236037227	0.78	0.51
	-0.679135706	0.00193714852	0.78	0.515
	-0.700198001	0.00192260816	0.78	0.52
	-0.722455542	0.00217030688	0.78	0.525
	-0.744375459	0.00197770838	0.78	0.53
	-0.760711882	0.00180831571	0.78	0.535
	-0.776083498	0.00163175599	0.78	0.54
	-0.789789966	0.00179621495	0.78	0.545
	-0.804946611	0.00145892457	0.78	0.55
	-0.817986527	0.00159322991	0.78	0.555
	-0.830635135	0.00145860443	0.78	0.56
	-0.839464395	0.0012308115	0.78	0.565
	-0.849022215	0.00124327615	0.78	0.57
	-0.857923298	0.00129307286	0.78	0.575
	-0.864780302	0.00119527632	0.78	0.58
	-0.869595815	0.00112764882	0.78	0.585
	-0.875980711	0.00112764883	0.78	0.59
	-0.878574264	0.00102674954	0.78	0.595
	-0.882112907	0.0010759885	0.78	0.6
	-0.884319622	0.00115593049	0.78	0.605
	-0.885046023	0.00103498063	0.78	0.61
	-0.886486789	0.000937371353	0.78	0.615
	-0.885328315	0.000994021683	0.78	0.62
	-0.885187123	0.00111501864	0.78	0.625
	-0.883082927	0.00112305236	0.78	0.63
	-0.883267305	0.00118525633	0.78	0.635
	-0.879887113	0.00114944001	0.78	0.64
	-0.876812635	0.00133596571	0.78	0.645
	-0.872855039	0.00119828081	0.78	0.65
	-0.86948181	0.00138351178	0.78	0.655
	-0.861811623	0.00152851207	0.78	0.66
	-0.858043742	0.00158347299	0.78	0.665
	-0.854152635	0.00146766843	0.78	0.67
	-0.849434621	0.00157881564	0.78	0.675
	-0.842118143	0.00173245832	0.78	0.68
	-0.837547095	0.00189692688	0.78	0.685
	-0.827082769	0.00183725724	0.78	0.69
	-0.822026902	0.00182757076	0.78	0.695
	-0.593445909	0.00222174531	0.785	0.5
	-0.628264569	0.00234054059	0.785	0.505
	-0.652336548	0.00210641513	0.785	0.51
	-0.675775198	0.00226185765	0.785	0.515
	-0.69779426	0.00214995811	0.785	0.52
	-0.724302969	0.00204292436	0.785	0.525
	-0.741526126	0.00187389418	0.785	0.53
	-0.759229731	0.00192328244	0.785	0.535
	-0.776891959	0.00180816998	0.785	0.54
	-0.791214369	0.00177207747	0.785	0.545
	-0.805417397	0.00179545035	0.785	0.55
	-0.818292435	0.00170780836	0.785	0.555
	-0.831559619	0.0014272764	0.785	0.56
	-0.840996273	0.00146630023	0.785	0.565
	-0.849481863	0.0013027582	0.785	0.57
	-0.858769267	0.00126315568	0.785	0.575
	-0.865960674	0.0012902041	0.785	0.58
	-0.871359579	0.0012447836	0.785	0.585
	-0.876495308	0.00091115488	0.785	0.59
	-0.880389445	0.00119624321	0.785	0.595
	-0.882733581	0.000967802593	0.785	0.6
	-0.884564835	0.00105892187	0.785	0.605
	-0.886516393	0.00100471902	0.785	0.61
	-0.886750959	0.00106854139	0.785	0.615
	-0.886665178	0.0012422985	0.785	0.62
	-0.887213967	0.00105096823	0.785	0.625
	-0.885942478	0.00110901948	0.785	0.63
	-0.882280228	0.00121218469	0.785	0.635
	-0.881038617	0.00130814594	0.785	0.64
	-0.87845867	0.00123639139	0.785	0.645
	-0.874029649	0.00126166088	0.785	0.65
	-0.869851264	0.00135572618	0.785	0.655
	-0.864987375	0.00146933257	0.785	0.66
	-0.859410864	0.00135695416	0.785	0.665
	-0.854918513	0.00154687321	0.785	0.67
	-0.848693291	0.00151570549	0.785	0.675
	-0.840375256	0.00177133856	0.785	0.68
	-0.838856363	0.00177959787	0.785	0.685
	-0.82900905	0.00197929856	0.785	0.69
	-0.820796872	0.0020857703	0.785	0.695
	-0.594561312	0.00236903964	0.79	0.5
	-0.623462993	0.00230166248	0.79	0.505
	-0.654478829	0.00212745033	0.79	0.51
	-0.675238361	0.00204592546	0.79	0.515
	-0.697080774	0.00196933054	0.79	0.52
	-0.722527308	0.00169546579	0.79	0.525
	-0.741289088	0.00151390055	0.79	0.53
	-0.759077387	0.00163919334	0.79	0.535
	-0.776694859	0.00182440689	0.79	0.54
	-0.791918663	0.00148253756	0.79	0.545
	-0.809049059	0.00170925211	0.79	0.55
	-0.818743819	0.00171780153	0.79	0.555
	-0.833763603	0.00153433086	0.79	0.56
	-0.841396506	0.0014462233	0.79	0.565
	-0.850637886	0.00145043829	0.79	0.57
	-0.859631493	0.0011503893	0.79	0.575
	-0.864647866	0.00116542579	0.79	0.58
	-0.872183175	0.0011592149	0.79	0.585
	-0.877607976	0.00117313673	0.79	0.59
	-0.880849816	0.00108354533	0.79	0.595
	-0.88434438	0.00100808046	0.79	0.6
	-0.886359459	0.00110194593	0.79	0.605
	-0.887680171	0.00107945464	0.79	0.61
	-0.889066887	0.00101160952	0.79	0.615
	-0.887433441	0.00106153784	0.79	0.62
	-0.886961029	0.00103106162	0.79	0.625
	-0.886903099	0.00116592689	0.79	0.63
	-0.883448018	0.00116763593	0.79	0.635
	-0.882094744	0.00105954691	0.79	0.64
	-0.879038712	0.00119962561	0.79	0.645
	-0.873907026	0.00131110659	0.79	0.65
	-0.870795096	0.00138412264	0.79	0.655
	-0.866370937	0.00153688846	0.79	0.66
	-0.859730081	0.00146048675	0.79	0.665
	-0.853753289	0.00151548649	0.79	0.67
	-0.846599266	0.00178517299	0.79	0.675
	-0.84037512	0.00198925647	0.79	0.68
	-0.833509253	0.0020108875	0.79	0.685
	-0.825813776	0.00206795907	0.79	0.69
	-0.819845889	0.0020124095	0.79	0.695
	-0.58708589	0.00224183162	0.795	0.5
	-0.62079587	0.00215336783	0.795	0.505
	-0.648421496	0.00214923465	0.795	0.51
	-0.676181366	0.00239367242	0.795	0.515
	-0.698014636	0.00200633175	0.795	0.52
	-0.717509663	0.00209216001	0.795	0.525
	-0.740983202	0.00174756067	0.795	0.53
	-0.760725295	0.00173445541	0.795	0.535
	-0.778520531	0.00176613677	0.795	0.54
	-0.790379028	0.00175955325	0.795	0.545
	-0.807530705	0.00139085809	0.795	0.55
	-0.822541863	0.00142404442	0.795	0.555
	-0.834153799	0.00142246631	0.795	0.56
	-0.841949985	0.00136308956	0.795	0.565
	-0.850849776	0.00127922738	0.795	0.57
	-0.859599071	0.00120046213	0.795	0.575
	-0.865993547	0.00118144535	0.795	0.58
	-0.872346646	0.00101119683	0.795	0.585
	-0.876927477	0.00114208874	0.795	0.59
	-0.882363622	0.00108751879	0.795	0.595
	-0.884694639	0.00116332263	0.795	0.6
	-0.885636471	0.00103898891	0.795	0.605
	-0.888216013	0.00113602123	0.795	0.61
	-0.888686647	0.00107493207	0.795	0.615
	-0.888175718	0.00114378689	0.795	0.62
	-0.887941173	0.00113026542	0.795	0.625
	-0.885054646	0.00121792947	0.795	0.63
	-0.884265903	0.00111059692	0.795	0.635
	-0.882687891	0.00119497358	0.795	0.64
	-0.87893681	0.00120340714	0.795	0.645
	-0.873518228	0.00139451219	0.795	0.65
	-0.869521585	0.00130635793	0.795	0.655
	-0.865641677	0.00136149228	0.795	0.66
	-0.859787962	0.00156227923	0.795	0.665
	-0.851423348	0.00173167393	0.795	0.67
	-0.846623154	0.0018057138	0.795	0.675
	-0.842369566	0.00170270049	0.795	0.68
	-0.831943119	0.00208857008	0.795	0.685
	-0.829356706	0.00215961282	0.795	0.69
	-0.82048717	0.00205886569	0.795	0.695
	-0.58573898	0.00237917459	0.8	0.5
	-0.615463657	0.00266307314	0.8	0.505
	-0.647226836	0.00242301167	0.8	0.51
	-0.673076374	0.00207508496	0.8	0.515
	-0.697122847	0.00203453545	0.8	0.52
	-0.719612131	0.00214233147	0.8	0.525
	-0.738410393	0.00178361751	0.8	0.53
	-0.755336229	0.00171962783	0.8	0.535
	-0.773391147	0.00161450834	0.8	0.54
	-0.788649867	0.00161950754	0.8	0.545
	-0.806945318	0.00154340554	0.8	0.55
	-0.819320849	0.00154611293	0.8	0.555
	-0.830008459	0.00142910337	0.8	0.56
	-0.841223885	0.0013596666	0.8	0.565
	-0.850431498	0.00129444094	0.8	0.57
	-0.860563241	0.00119913479	0.8	0.575
	-0.865556856	0.00131936602	0.8	0.58
	-0.871476904	0.00108652028	0.8	0.585
	-0.877750261	0.00121891433	0.8	0.59
	-0.881673593	0.00117825963	0.8	0.595
	-0.885374848	0.00108389022	0.8	0.6
	-0.886016878	0.00119413392	0.8	0.605
	-0.888495852	0.00113488025	0.8	0.61
	-0.888511838	0.00103196283	0.8	0.615
	-0.888726772	0.00113473977	0.8	0.62
	-0.888969199	0.00119292828	0.8	0.625
	-0.886437935	0.00107292276	0.8	0.63
	-0.883404387	0.00123052629	0.8	0.635
	-0.881931108	0.00114563985	0.8	0.64
	-0.878921578	0.0013349862	0.8	0.645
	-0.873932299	0.00138658002	0.8	0.65
	-0.869845442	0.00137551317	0.8	0.655
	-0.863763753	0.00158283447	0.8	0.66
	-0.85919877	0.00151200424	0.8	0.665
	-0.853702926	0.00167810262	0.8	0.67
	-0.844448803	0.00175642369	0.8	0.675
	-0.841313556	0.00218641286	0.8	0.68
	-0.832914398	0.0019942784	0.8	0.685
	-0.827925878	0.00207581595	0.8	0.69
	-0.817937612	0.0023286685	0.8	0.695
	-0.580866488	0.00217745405	0.805	0.5
	-0.614392413	0.00221423405	0.805	0.505
	-0.640248171	0.00196101357	0.805	0.51
	-0.670715902	0.00228092002	0.805	0.515
	-0.695289682	0.00220242552	0.805	0.52
	-0.718746896	0.00208692869	0.805	0.525
	-0.738815602	0.00182206091	0.805	0.53
	-0.759423524	0.00175448356	0.805	0.535
	-0.777583743	0.00154599886	0.805	0.54
	-0.789492056	0.00160328268	0.805	0.545
	-0.805071903	0.00160287331	0.805	0.55
	-0.816888786	0.00152656144	0.805	0.555
	-0.827457484	0.00137441265	0.805	0.56
	-0.840141708	0.00130662328	0.805	0.565
	-0.85013468	0.00135395221	0.805	0.57
	-0.859296058	0.00116604275	0.805	0.575
	-0.86656644	0.00130686613	0.805	0.58
	-0.871054011	0.00114968534	0.805	0.585
	-0.878250086	0.00122600831	0.805	0.59
	-0.882197238	0.0012989981	0.805	0.595
	-0.885702376	0.00120034022	0.805	0.6
	-0.886594053	0.00108564611	0.805	0.605
	-0.889512058	0.00110102098	0.805	0.61
	-0.888229983	0.00103751737	0.805	0.615
	-0.888955514	0.00124272819	0.805	0.62
	-0.887209761	0.00119002493	0.805	0.625
	-0.886226516	0.00121777873	0.805	0.63
	-0.883346173	0.00118719294	0.805	0.635
	-0.880495214	0.00111134875	0.805	0.64
	-0.877716623	0.00127008597	0.805	0.645
	-0.874049668	0.00130964106	0.805	0.65
	-0.87072337	0.00139717293	0.805	0.655
	-0.862445929	0.0015787041	0.805	0.66
	-0.856637468	0.00171784006	0.805	0.665
	-0.850977587	0.00178023871	0.805	0.67
	-0.845666251	0.00219365905	0.805	0.675
	-0.83707199	0.00181212884	0.805	0.68
	-0.833233382	0.00206759584	0.805	0.685
	-0.824971671	0.00230607976	0.805	0.69
	-0.816778679	0.0021388075	0.805	0.695
	-0.576723755	0.00227870649	0.81	0.5
	-0.610608003	0.00196055978	0.81	0.505
	-0.641704417	0.00231989643	0.81	0.51
	-0.667082884	0.00198828617	0.81	0.515
	-0.690566333	0.00186555744	0.81	0.52
	-0.714112195	0.0016962781	0.81	0.525
	-0.736942115	0.00176476378	0.81	0.53
	-0.756033085	0.00169716211	0.81	0.535
	-0.770956845	0.00182195196	0.81	0.54
	-0.786746791	0.00155870287	0.81	0.545
	-0.798942977	0.00144793886	0.81	0.55
	-0.815981156	0.00142049264	0.81	0.555
	-0.827450913	0.00128613199	0.81	0.56
	-0.838657409	0.00138318209	0.81	0.565
	-0.84859989	0.00123856851	0.81	0.57
	-0.857132593	0.0012305953	0.81	0.575
	-0.865545339	0.0010979957	0.81	0.58
	-0.873056485	0.00115743156	0.81	0.585
	-0.879119452	0.00113268912	0.81	0.59
	-0.881701701	0.00127720486	0.81	0.595
	-0.885364969	0.00115819246	0.81	0.6
	-0.886326573	0.00113936203	0.81	0.605
	-0.8888559	0.00114655485	0.81	0.61
	-0.889596574	0.00103972953	0.81	0.615
	-0.887481144	0.00125562576	0.81	0.62
	-0.886924617	0.00111325897	0.81	0.625
	-0.886374857	0.0013389183	0.81	0.63
	-0.883261854	0.00126426565	0.81	0.635
	-0.880399022	0.00136181778	0.81	0.64
	-0.876664071	0.00136110651	0.81	0.645
	-0.873686299	0.00133081924	0.81	0.65
	-0.867532567	0.00147919378	0.81	0.655
	-0.861789604	0.0015122946	0.81	0.66
	-0.858452178	0.00161055222	0.81	0.665
	-0.84935635	0.00170277419	0.81	0.67
	-0.84609419	0.00190266207	0.81	0.675
	-0.83794093	0.00218412891	0.81	0.68
	-0.830546759	0.00206921735	0.81	0.685
	-0.821103791	0.00230981507	0.81	0.69
	-0.814142927	0.00214009145	0.81	0.695
	-0.576587356	0.0022365487	0.815	0.5
	-0.604740708	0.00229263465	0.815	0.505
	-0.636908157	0.00231518364	0.815	0.51
	-0.663012251	0.00183497569	0.815	0.515
	-0.692638429	0.00202119118	0.815	0.52
	-0.710845934	0.00227470404	0.815	0.525
	-0.733499164	0.0016730214	0.815	0.53
	-0.75098001	0.00156156591	0.815	0.535
	-0.771058661	0.001521167	0.815	0.54
	-0.786545047	0.00148246338	0.815	0.545
	-0.801590154	0.00149071571	0.815	0.55
	-0.812775304	0.00153751976	0.815	0.555
	-0.827065601	0.00143758656	0.815	0.56
	-0.839125289	0.00127014837	0.815	0.565
	-0.85009253	0.00128201674	0.815	0.57
	-0.859540362	0.00127547457	0.815	0.575
	-0.86316186	0.00121203918	0.815	0.58
	-0.870416469	0.00129695715	0.815	0.585
	-0.874414389	0.001030084	0.815	0.59
	-0.881196361	0.00114953384	0.815	0.595
	-0.884364049	0.0011492648	0.815	0.6
	-0.884547788	0.00122587932	0.815	0.605
	-0.88815969	0.00125374584	0.815	0.61
	-0.88691551	0.00111135864	0.815	0.615
	-0.886864572	0.00109318158	0.815	0.62
	-0.887099714	0.00115259406	0.815	0.625
	-0.88461038	0.0012417221	0.815	0.63
	-0.881018923	0.00125607115	0.815	0.635
	-0.877080374	0.00141334958	0.815	0.64
	-0.874981932	0.00145963521	0.815	0.645
	-0.871141385	0.00139922529	0.815	0.65
	-0.866792333	0.00147517934	0.815	0.655
	-0.861395871	0.00156810544	0.815	0.66
	-0.856729731	0.00179237984	0.815	0.665
	-0.847525488	0.00164341925	0.815	0.67
	-0.838876477	0.00180782216	0.815	0.675
	-0.833091443	0.00189436249	0.815	0.68
	-0.825449282	0.00234447388	0.815	0.685
	-0.820086934	0.00233070397	0.815	0.69
	-0.809613895	0.00250857807	0.815	0.695
	-0.573448202	0.00244015217	0.82	0.5
	-0.601950739	0.0023165275	0.82	0.505
	-0.631703427	0.00199714329	0.82	0.51
	-0.661530285	0.00234070344	0.82	0.515
	-0.686367246	0.00208961334	0.82	0.52
	-0.710502677	0.00200926789	0.82	0.525
	-0.733099653	0.00183678836	0.82	0.53
	-0.752235599	0.00176118544	0.82	0.535
	-0.769198228	0.00150849672	0.82	0.54
	-0.783868772	0.00149981699	0.82	0.545
	-0.799063525	0.00148844484	0.82	0.55
	-0.813652923	0.00119178894	0.82	0.555
	-0.828047957	0.0013691635	0.82	0.56
	-0.836252878	0.00131081788	0.82	0.565
	-0.848984553	0.00135895287	0.82	0.57
	-0.85732008	0.0011530518	0.82	0.575
	-0.864600521	0.00117678871	0.82	0.58
	-0.870936077	0.00123926384	0.82	0.585
	-0.872372986	0.00118473948	0.82	0.59
	-0.878094981	0.0012790858	0.82	0.595
	-0.882724962	0.00121702919	0.82	0.6
	-0.884613	0.00118426885	0.82	0.605
	-0.885024099	0.00114889196	0.82	0.61
	-0.884380708	0.00118431802	0.82	0.615
	-0.885392617	0.00120228586	0.82	0.62
	-0.884942567	0.00119812886	0.82	0.625
	-0.882680402	0.001255327	0.82	0.63
	-0.881255332	0.00130746885	0.82	0.635
	-0.875566182	0.00145626067	0.82	0.64
	-0.871868663	0.00152374476	0.82	0.645
	-0.869250258	0.00143686757	0.82	0.65
	-0.865609535	0.00149772192	0.82	0.655
	-0.858550565	0.00172996663	0.82	0.66
	-0.852068568	0.00187412648	0.82	0.665
	-0.846160197	0.00184445274	0.82	0.67
	-0.837780316	0.00195417441	0.82	0.675
	-0.833632846	0.00186712374	0.82	0.68
	-0.820649012	0.00204694527	0.82	0.685
	-0.815691621	0.00244321561	0.82	0.69
	-0.802908665	0.00244458284	0.82	0.695
	-0.568171021	0.00235209037	0.825	0.5
	-0.600048264	0.00244220439	0.825	0.505
	-0.627761895	0.0022009768	0.825	0.51
	-0.656702433	0.00185814892	0.825	0.515
	-0.681142816	0.00193328461	0.825	0.52
	-0.710255403	0.00186862765	0.825	0.525
	-0.727045374	0.00197810147	0.825	0.53
	-0.74967156	0.00155448159	0.825	0.535
	-0.766710189	0.00161780575	0.825	0.54
	-0.783962497	0.00143490504	0.825	0.545
	-0.797973206	0.00157974764	0.825	0.55
	-0.813143468	0.00115077841	0.825	0.555
	-0.823929239	0.00142587139	0.825	0.56
	-0.834844765	0.0012723496	0.825	0.565
	-0.842556394	0.0011588729	0.825	0.57
	-0.853376576	0.00137036817	0.825	0.575
	-0.86367354	0.0011340829	0.825	0.58
	-0.866501652	0.00134214592	0.825	0.585
	-0.874915753	0.00115921378	0.825	0.59
	-0.877922971	0.00109109369	0.825	0.595
	-0.879190006	0.00110992288	0.825	0.6
	-0.882619809	0.00124048345	0.825	0.605
	-0.883319331	0.00116702636	0.825	0.61
	-0.884921686	0.00117595801	0.825	0.615
	-0.883882012	0.00127257537	0.825	0.62
	-0.881166018	0.00127996811	0.825	0.625
	-0.882515879	0.00133713697	0.825	0.63
	-0.879620172	0.00130126452	0.825	0.635
	-0.874470966	0.00142854693	0.825	0.64
	-0.871835257	0.00125492686	0.825	0.645
	-0.867821144	0.00136809932	0.825	0.65
	-0.861964766	0.00173687232	0.825	0.655
	-0.855480743	0.00164495542	0.825	0.66
	-0.849891585	0.00185922678	0.825	0.665
	-0.844384512	0.00161194645	0.825	0.67
	-0.838158043	0.00200084074	0.825	0.675
	-0.831007947	0.00222735809	0.825	0.68
	-0.818072887	0.00232551962	0.825	0.685
	-0.8131497	0.00248381594	0.825	0.69
	-0.800145032	0.00218134022	0.825	0.695
	-0.565687013	0.00224950771	0.83	0.5
	-0.597815418	0.00237388881	0.83	0.505
	-0.62760104	0.00229648853	0.83	0.51
	-0.652825874	0.00216039258	0.83	0.515
	-0.677611211	0.00175648486	0.83	0.52
	-0.704117407	0.00197220818	0.83	0.525
	-0.724844226	0.00184366764	0.83	0.53
	-0.745610318	0.00155422234	0.83	0.535
	-0.763724418	0.00175813862	0.83	0.54
	-0.781969922	0.00166094641	0.83	0.545
	-0.796288588	0.00146403277	0.83	0.55
	-0.810389325	0.00111016662	0.83	0.555
	-0.822948262	0.00124110666	0.83	0.56
	-0.833156388	0.00128503997	0.83	0.565
	-0.843003288	0.00135585586	0.83	0.57
	-0.850272734	0.00118780458	0.83	0.575
	-0.859298201	0.00116923823	0.83	0.58
	-0.868179174	0.00127807481	0.83	0.585
	-0.872294882	0.00108597964	0.83	0.59
	-0.876277622	0.00113528802	0.83	0.595
	-0.877419137	0.00126971746	0.83	0.6
	-0.88311858	0.00117457396	0.83	0.605
	-0.88102243	0.0012903357	0.83	0.61
	-0.881369905	0.00122230079	0.83	0.615
	-0.882145867	0.00122963522	0.83	0.62
	-0.880517386	0.00138018273	0.83	0.625
	-0.878497733	0.00123050271	0.83	0.63
	-0.876511835	0.00135367867	0.83	0.635
	-0.871258451	0.00154100764	0.83	0.64
	-0.868636273	0.00158729115	0.83	0.645
	-0.863919277	0.00152140821	0.83	0.65
	-0.859914152	0.00145962422	0.83	0.655
	-0.853703828	0.00168211575	0.83	0.66
	-0.847386559	0.00164037036	0.83	0.665
	-0.842191956	0.00205525007	0.83	0.67
	-0.834484799	0.00212835769	0.83	0.675
	-0.824854341	0.00188446487	0.83	0.68
	-0.816305429	0.00222355967	0.83	0.685
	-0.807737929	0.0022176042	0.83	0.69
	-0.795711282	0.00237703429	0.83	0.695
	-0.560678574	0.00242877945	0.835	0.5
	-0.593942242	0.0021500138	0.835	0.505
	-0.621733666	0.00216276551	0.835	0.51
	-0.648177568	0.00189133362	0.835	0.515
	-0.6746018	0.00177156794	0.835	0.52
	-0.700200909	0.00186113344	0.835	0.525
	-0.719630126	0.00156279477	0.835	0.53
	-0.74170562	0.00148776883	0.835	0.535
	-0.76200539	0.00155394646	0.835	0.54
	-0.778391071	0.00172149073	0.835	0.545
	-0.793044378	0.00160765732	0.835	0.55
	-0.808608908	0.00135186089	0.835	0.555
	-0.818014621	0.00139601959	0.835	0.56
	-0.832236013	0.00138402905	0.835	0.565
	-0.839787972	0.00138338255	0.835	0.57
	-0.847754446	0.00127509119	0.835	0.575
	-0.85877277	0.00118785354	0.835	0.58
	-0.862895608	0.00123709219	0.835	0.585
	-0.870710196	0.00123640421	0.835	0.59
	-0.871931566	0.00125630819	0.835	0.595
	-0.877462375	0.00124260301	0.835	0.6
	-0.879947979	0.00115777311	0.835	0.605
	-0.879664483	0.00118415111	0.835	0.61
	-0.879061829	0.00136973767	0.835	0.615
	-0.87885676	0.00140356734	0.835	0.62
	-0.878245079	0.00128764634	0.835	0.625
	-0.876081468	0.0012919452	0.835	0.63
	-0.873975383	0.00138458027	0.835	0.635
	-0.871320759	0.0014820077	0.835	0.64
	-0.867086243	0.00162413003	0.835	0.645
	-0.859951378	0.00154668513	0.835	0.65
	-0.855106698	0.00176109334	0.835	0.655
	-0.850610243	0.0020175432	0.835	0.66
	-0.843010987	0.00200878851	0.835	0.665
	-0.836975077	0.00205709763	0.835	0.67
	-0.831170482	0.00210128107	0.835	0.675
	-0.821794311	0.00197624455	0.835	0.68
	-0.816370908	0.00222781418	0.835	0.685
	-0.804848383	0.00249301594	0.835	0.69
	-0.793046739	0.00222194444	0.835	0.695
	-0.556167488	0.00221020693	0.84	0.5
	-0.585343129	0.0021161602	0.84	0.505
	-0.616811182	0.00205483622	0.84	0.51
	-0.646523538	0.00196443464	0.84	0.515
	-0.669368914	0.00180896048	0.84	0.52
	-0.697813171	0.00185731959	0.84	0.525
	-0.7157872	0.00172699008	0.84	0.53
	-0.73857749	0.00164998141	0.84	0.535
	-0.757243291	0.00136969462	0.84	0.54
	-0.774847298	0.00165928685	0.84	0.545
	-0.789940303	0.00141071462	0.84	0.55
	-0.802979242	0.00110297216	0.84	0.555
	-0.817100586	0.00144400662	0.84	0.56
	-0.828839974	0.00117237565	0.84	0.565
	-0.835080689	0.00138112296	0.84	0.57
	-0.84462912	0.00122679079	0.84	0.575
	-0.851980788	0.00111599343	0.84	0.58
	-0.859457345	0.00125757369	0.84	0.585
	-0.866902874	0.00118536659	0.84	0.59
	-0.871926307	0.00120471245	0.84	0.595
	-0.874753566	0.001176991	0.84	0.6
	-0.877424364	0.00123498252	0.84	0.605
	-0.876410543	0.00118319736	0.84	0.61
	-0.878789685	0.00136414563	0.84	0.615
	-0.876584281	0.00144832515	0.84	0.62
	-0.873797796	0.00138850575	0.84	0.625
	-0.873548072	0.00141135434	0.84	0.63
	-0.869677199	0.00151877579	0.84	0.635
	-0.867413552	0.00143150039	0.84	0.64
	-0.862959779	0.00149436687	0.84	0.645
	-0.857456265	0.00182972774	0.84	0.65
	-0.853186563	0.00171860484	0.84	0.655
	-0.847946702	0.00193993213	0.84	0.66
	-0.841327109	0.00216434312	0.84	0.665
	-0.8338443	0.00186000348	0.84	0.67
	-0.82592302	0.00233342474	0.84	0.675
	-0.816986826	0.00184780866	0.84	0.68
	-0.808636048	0.00203944562	0.84	0.685
	-0.796982249	0.00251546156	0.84	0.69
	-0.788747107	0.00240026313	0.84	0.695
	-0.551786663	0.00203264132	0.845	0.5
	-0.583644548	0.0020414449	0.845	0.505
	-0.612263275	0.00224964574	0.845	0.51
	-0.640507058	0.0019545699	0.845	0.515
	-0.666158634	0.00177902742	0.845	0.52
	-0.691353506	0.00179691657	0.845	0.525
	-0.714737886	0.00172884829	0.845	0.53
	-0.733510357	0.00176585138	0.845	0.535
	-0.752951472	0.0016881373	0.845	0.54
	-0.769595819	0.00141852393	0.845	0.545
	-0.788189376	0.00151795286	0.845	0.55
	-0.80264457	0.00134600277	0.845	0.555
	-0.810771436	0.00142840448	0.845	0.56
	-0.824183911	0.00130828794	0.845	0.565
	-0.833494368	0.001017545	0.845	0.57
	-0.840240386	0.00124965516	0.845	0.575
	-0.848799967	0.00135200858	0.845	0.58
	-0.860521358	0.00118011039	0.845	0.585
	-0.864740276	0.00102075463	0.845	0.59
	-0.869650622	0.00109098424	0.845	0.595
	-0.873615608	0.00103956145	0.845	0.6
	-0.875431991	0.00135606524	0.845	0.605
	-0.872468328	0.00122084891	0.845	0.61
	-0.873753975	0.00138932597	0.845	0.615
	-0.875069914	0.00131084322	0.845	0.62
	-0.872393648	0.00136383869	0.845	0.625
	-0.870383623	0.00153882374	0.845	0.63
	-0.865823616	0.00164573288	0.845	0.635
	-0.859363987	0.00166839433	0.845	0.64
	-0.858844024	0.00157581568	0.845	0.645
	-0.851207737	0.00168129155	0.845	0.65
	-0.849830916	0.00184761056	0.845	0.655
	-0.84286752	0.00173465903	0.845	0.66
	-0.835609051	0.00172843252	0.845	0.665
	-0.829590235	0.00218025252	0.845	0.67
	-0.81888934	0.00201514825	0.845	0.675
	-0.813639168	0.00232132281	0.845	0.68
	-0.799851642	0.00201370516	0.845	0.685
	-0.790666028	0.00226478747	0.845	0.69
	-0.786229955	0.0027072366	0.845	0.695
	-0.545741949	0.002226313	0.85	0.5
	-0.57719188	0.00215564026	0.85	0.505
	-0.607866368	0.00195253148	0.85	0.51
	-0.636776284	0.00188021774	0.85	0.515
	-0.660710728	0.00185999527	0.85	0.52
	-0.686250775	0.00188462406	0.85	0.525
	-0.70921821	0.00160290323	0.85	0.53
	-0.729506269	0.00161538326	0.85	0.535
	-0.749280801	0.00155022492	0.85	0.54
	-0.767017357	0.00157466332	0.85	0.545
	-0.784843199	0.0015119805	0.85	0.55
	-0.795092152	0.00133833004	0.85	0.555
	-0.808654059	0.00139001259	0.85	0.56
	-0.819915291	0.00139137135	0.85	0.565
	-0.830978281	0.00126446444	0.85	0.57
	-0.83656275	0.00121402742	0.85	0.575
	-0.847956227	0.00109449147	0.85	0.58
	-0.855262244	0.00125813075	0.85	0.585
	-0.860796646	0.00126507086	0.85	0.59
	-0.862329231	0.00113362183	0.85	0.595
	-0.86833139	0.00118858229	0.85	0.6
	-0.871084084	0.00125433395	0.85	0.605
	-0.868646386	0.00137238707	0.85	0.61
	-0.868613156	0.00141128693	0.85	0.615
	-0.870071374	0.00141015264	0.85	0.62
	-0.86806928	0.00159638599	0.85	0.625
	-0.866583925	0.00144928619	0.85	0.63
	-0.862841651	0.00161510265	0.85	0.635
	-0.858023586	0.00167345621	0.85	0.64
	-0.852433237	0.00159059512	0.85	0.645
	-0.848551563	0.00175087424	0.85	0.65
	-0.841714378	0.0018039277	0.85	0.655
	-0.836941386	0.00190946981	0.85	0.66
	-0.828171588	0.00187196291	0.85	0.665
	-0.821179487	0.00204956056	0.85	0.67
	-0.815405386	0.00206395502	0.85	0.675
	-0.808881416	0.00213985858	0.85	0.68
	-0.801129448	0.00245807828	0.85	0.685
	-0.791733852	0.00243301327	0.85	0.69
	-0.781255271	0.0025008728	0.85	0.695
	-0.541654372	0.00219724064	0.855	0.5
	-0.572866196	0.00221168128	0.855	0.505
	-0.602710649	0.00204762195	0.855	0.51
	-0.631729846	0.00172316326	0.855	0.515
	-0.657937146	0.00176268265	0.855	0.52
	-0.681144552	0.00173379881	0.855	0.525
	-0.704347197	0.00161589418	0.855	0.53
	-0.726853794	0.00201341834	0.855	0.535
	-0.744173837	0.00144344621	0.855	0.54
	-0.761473102	0.00160772772	0.855	0.545
	-0.779138007	0.00139040297	0.855	0.55
	-0.792651861	0.00147807227	0.855	0.555
	-0.805171291	0.00135363783	0.855	0.56
	-0.81737972	0.00135867797	0.855	0.565
	-0.828441337	0.00125592824	0.855	0.57
	-0.833738308	0.00139419761	0.855	0.575
	-0.844137226	0.001202968	0.855	0.58
	-0.849808295	0.00123686234	0.855	0.585
	-0.854863414	0.00125618101	0.855	0.59
	-0.857240191	0.00137409338	0.855	0.595
	-0.861113686	0.00131935298	0.855	0.6
	-0.867021816	0.00114126263	0.855	0.605
	-0.863744229	0.00136335127	0.855	0.61
	-0.866379736	0.00141015017	0.855	0.615
	-0.863196749	0.00137166376	0.855	0.62
	-0.864282477	0.00140007173	0.855	0.625
	-0.86115163	0.00159113246	0.855	0.63
	-0.857034447	0.00180341954	0.855	0.635
	-0.853972711	0.00194998437	0.855	0.64
	-0.851640822	0.00183039828	0.855	0.645
	-0.844477085	0.00180416731	0.855	0.65
	-0.841000998	0.00184094607	0.855	0.655
	-0.831816817	0.00200230413	0.855	0.66
	-0.824981187	0.00200214199	0.855	0.665
	-0.815968654	0.00192979265	0.855	0.67
	-0.810321301	0.00202870655	0.855	0.675
	-0.800542303	0.00189650846	0.855	0.68
	-0.793875653	0.00285663435	0.855	0.685
	-0.782986152	0.00274309834	0.855	0.69
	-0.77326881	0.00275808864	0.855	0.695
	-0.538362856	0.00230048355	0.86	0.5
	-0.567838403	0.00225501961	0.86	0.505
	-0.599375266	0.00211306248	0.86	0.51
	-0.627027103	0.00195691878	0.86	0.515
	-0.652598889	0.00185531864	0.86	0.52
	-0.675026052	0.00189760998	0.86	0.525
	-0.699186314	0.00169049714	0.86	0.53
	-0.721422017	0.00169642513	0.86	0.535
	-0.738963413	0.00167654684	0.86	0.54
	-0.755757013	0.00136439313	0.86	0.545
	-0.773797167	0.00152193649	0.86	0.55
	-0.788658076	0.00145783033	0.86	0.555
	-0.801292385	0.00132376298	0.86	0.56
	-0.813289324	0.00144319364	0.86	0.565
	-0.822818636	0.00141754455	0.86	0.57
	-0.83167225	0.00128512501	0.86	0.575
	-0.838446936	0.00115017167	0.86	0.58
	-0.844978548	0.00135523858	0.86	0.585
	-0.84950511	0.00131797083	0.86	0.59
	-0.854883673	0.00135746813	0.86	0.595
	-0.856708361	0.00128256222	0.86	0.6
	-0.862486862	0.00115645183	0.86	0.605
	-0.860523083	0.00137771054	0.86	0.61
	-0.861616596	0.00140701792	0.86	0.615
	-0.864102039	0.00131533918	0.86	0.62
	-0.860218181	0.00154881445	0.86	0.625
	-0.858086449	0.00161634355	0.86	0.63
	-0.85330929	0.00162193586	0.86	0.635
	-0.848741505	0.00205599063	0.86	0.64
	-0.846365459	0.00173960045	0.86	0.645
	-0.840697281	0.00197277006	0.86	0.65
	-0.834324004	0.00195896499	0.86	0.655
	-0.827550415	0.0020521432	0.86	0.66
	-0.81918877	0.0018557199	0.86	0.665
	-0.811480839	0.00202476064	0.86	0.67
	-0.804289138	0.00225923909	0.86	0.675
	-0.793007851	0.00200443618	0.86	0.68
	-0.785590621	0.00219022915	0.86	0.685
	-0.774363033	0.00233692182	0.86	0.69
	-0.769021714	0.00272314329	0.86	0.695
	-0.532208214	0.00245171874	0.865	0.5
	-0.566129098	0.00220697004	0.865	0.505
	-0.594049918	0.0022773861	0.865	0.51
	-0.620978369	0.00199620887	0.865	0.515
	-0.646692947	0.00195847389	0.865	0.52
	-0.668605757	0.00187323372	0.865	0.525
	-0.695168649	0.0017326193	0.865	0.53
	-0.713739189	0.00152714324	0.865	0.535
	-0.734046976	0.00154576768	0.865	0.54
	-0.751784982	0.00157328622	0.865	0.545
	-0.769147875	0.00140862988	0.865	0.55
	-0.782460294	0.00139659503	0.865	0.555
	-0.795100867	0.00132750294	0.865	0.56
	-0.806802935	0.00111285678	0.865	0.565
	-0.818472436	0.00134661978	0.865	0.57
	-0.826553941	0.0011415249	0.865	0.575
	-0.833697926	0.00110186069	0.865	0.58
	-0.839178323	0.00139486202	0.865	0.585
	-0.846677582	0.00127120333	0.865	0.59
	-0.853047029	0.0011130806	0.865	0.595
	-0.85443864	0.00134202583	0.865	0.6
	-0.857936214	0.00140103493	0.865	0.605
	-0.856513287	0.00145211696	0.865	0.61
	-0.855589018	0.00150788032	0.865	0.615
	-0.858017625	0.00150337979	0.865	0.62
	-0.855896459	0.0016328954	0.865	0.625
	-0.851408303	0.00174691536	0.865	0.63
	-0.847965811	0.00161595089	0.865	0.635
	-0.845077575	0.00166493545	0.865	0.64
	-0.840300638	0.00175849683	0.865	0.645
	-0.835016447	0.00191425814	0.865	0.65
	-0.825814251	0.00188597134	0.865	0.655
	-0.823286269	0.00202643124	0.865	0.66
	-0.812136386	0.00215577947	0.865	0.665
	-0.804233294	0.00212013106	0.865	0.67
	-0.800380634	0.00215973563	0.865	0.675
	-0.790404395	0.00237722871	0.865	0.68
	-0.778924379	0.00236144646	0.865	0.685
	-0.771967399	0.00225688395	0.865	0.69
	-0.758774207	0.0025371063	0.865	0.695
	-0.527757805	0.00221036658	0.87	0.5
	-0.559728753	0.00218350863	0.87	0.505
	-0.588582616	0.00225971335	0.87	0.51
	-0.616029323	0.00188274255	0.87	0.515
	-0.643031001	0.00195678074	0.87	0.52
	-0.66628674	0.00167279321	0.87	0.525
	-0.68774428	0.00175165559	0.87	0.53
	-0.709081226	0.00150730922	0.87	0.535
	-0.72947978	0.00134725338	0.87	0.54
	-0.746488804	0.0014275626	0.87	0.545
	-0.759952842	0.00138926529	0.87	0.55
	-0.776166923	0.00140672542	0.87	0.555
	-0.793375752	0.00125317576	0.87	0.56
	-0.802628862	0.00126565534	0.87	0.565
	-0.811811531	0.00126527814	0.87	0.57
	-0.820835619	0.00119901155	0.87	0.575
	-0.829397686	0.00103490189	0.87	0.58
	-0.837439109	0.00114229371	0.87	0.585
	-0.842111304	0.00118889473	0.87	0.59
	-0.846708204	0.00129834963	0.87	0.595
	-0.84525333	0.00131533345	0.87	0.6
	-0.850331398	0.0013636394	0.87	0.605
	-0.854272662	0.0012256892	0.87	0.61
	-0.852957841	0.00128387649	0.87	0.615
	-0.848721334	0.00163621802	0.87	0.62
	-0.851371826	0.00167851391	0.87	0.625
	-0.8474111	0.00191679113	0.87	0.63
	-0.843927384	0.00172515336	0.87	0.635
	-0.837392873	0.00182793239	0.87	0.64
	-0.834883085	0.00184446481	0.87	0.645
	-0.828926245	0.00203812166	0.87	0.65
	-0.82495133	0.00209285519	0.87	0.655
	-0.815579637	0.00200633196	0.87	0.66
	-0.80746403	0.00220943642	0.87	0.665
	-0.797999065	0.0024805758	0.87	0.67
	-0.79540634	0.00217026507	0.87	0.675
	-0.782052964	0.00231222902	0.87	0.68
	-0.770742989	0.00238826035	0.87	0.685
	-0.761523887	0.00226915391	0.87	0.69
	-0.754365057	0.00236155217	0.87	0.695
	-0.521400889	0.00218102001	0.875	0.5
	-0.552550215	0.00215722121	0.875	0.505
	-0.582891766	0.00219609517	0.875	0.51
	-0.609574911	0.00202637966	0.875	0.515
	-0.636053879	0.00196334528	0.875	0.52
	-0.660595871	0.00174697052	0.875	0.525
	-0.681904313	0.00173525098	0.875	0.53
	-0.704137484	0.00164100362	0.875	0.535
	-0.722152716	0.00153378183	0.875	0.54
	-0.73987173	0.00138147952	0.875	0.545
	-0.755603044	0.00148088526	0.875	0.55
	-0.772932893	0.00138436446	0.875	0.555
	-0.784932443	0.00125554224	0.875	0.56
	-0.797661232	0.00138710241	0.875	0.565
	-0.806538122	0.00121109692	0.875	0.57
	-0.818283543	0.0012736895	0.875	0.575
	-0.824291188	0.00130980791	0.875	0.58
	-0.830374618	0.00122817423	0.875	0.585
	-0.836238065	0.00121782565	0.875	0.59
	-0.840125749	0.00121131155	0.875	0.595
	-0.843690584	0.00129879935	0.875	0.6
	-0.848013065	0.00130138182	0.875	0.605
	-0.844860122	0.0012516874	0.875	0.61
	-0.843855407	0.00151612993	0.875	0.615
	-0.845143216	0.00155796817	0.875	0.62
	-0.846421101	0.00163462511	0.875	0.625
	-0.841180588	0.00172771611	0.875	0.63
	-0.834900007	0.00200733815	0.875	0.635
	-0.832888684	0.00195498386	0.875	0.64
	-0.827260831	0.00201571752	0.875	0.645
	-0.824300046	0.00226647241	0.875	0.65
	-0.817427718	0.00211402623	0.875	0.655
	-0.811651689	0.00210643584	0.875	0.66
	-0.800508463	0.00215942525	0.875	0.665
	-0.793691915	0.00235655615	0.875	0.67
	-0.785251134	0.00242733166	0.875	0.675
	-0.777458346	0.00232698837	0.875	0.68
	-0.764577267	0.00292496547	0.875	0.685
	-0.752900961	0.00260515534	0.875	0.69
	-0.74489836	0.00285726507	0.875	0.695
	-0.516255665	0.00222068831	0.88	0.5
	-0.547288147	0.00225651207	0.88	0.505
	-0.576196148	0.00212202207	0.88	0.51
	-0.604515627	0.00194670766	0.88	0.515
	-0.631689577	0.00182192385	0.88	0.52
	-0.654215651	0.0017872168	0.88	0.525
	-0.675888007	0.00175828015	0.88	0.53
	-0.698215599	0.00179973818	0.88	0.535
	-0.715740316	0.00158891449	0.88	0.54
	-0.733518508	0.00142913041	0.88	0.545
	-0.752233217	0.00138539311	0.88	0.55
	-0.766639901	0.00147310744	0.88	0.555
	-0.777913604	0.00130804963	0.88	0.56
	-0.790420927	0.00133395445	0.88	0.565
	-0.799073524	0.00121915912	0.88	0.57
	-0.809495058	0.00122344374	0.88	0.575
	-0.816838672	0.00113025148	0.88	0.58
	-0.826868266	0.0013038546	0.88	0.585
	-0.830815107	0.0014126965	0.88	0.59
	-0.83416339	0.00135776089	0.88	0.595
	-0.836957565	0.00134397267	0.88	0.6
	-0.840822031	0.00139016575	0.88	0.605
	-0.844111422	0.00146466734	0.88	0.61
	-0.839279917	0.00155194868	0.88	0.615
	-0.836472105	0.00152732584	0.88	0.62
	-0.836943793	0.00167343185	0.88	0.625
	-0.833802047	0.00185746434	0.88	0.63
	-0.829916658	0.00159703429	0.88	0.635
	-0.828539938	0.00192956944	0.88	0.64
	-0.821228364	0.00198296001	0.88	0.645
	-0.816042525	0.00221077736	0.88	0.65
	-0.809434002	0.0022084953	0.88	0.655
	-0.802643534	0.00208712347	0.88	0.66
	-0.796929466	0.00228801126	0.88	0.665
	-0.78722953	0.00223352582	0.88	0.67
	-0.77839396	0.00252812696	0.88	0.675
	-0.766345523	0.00270559154	0.88	0.68
	-0.760950471	0.00255319263	0.88	0.685
	-0.744189414	0.0027906164	0.88	0.69
	-0.740154324	0.00283714742	0.88	0.695
	-0.506894803	0.00231667986	0.885	0.5
	-0.538902195	0.0024663773	0.885	0.505
	-0.570667036	0.00234869145	0.885	0.51
	-0.597494463	0.00194290711	0.885	0.515
	-0.622910854	0.00170165928	0.885	0.52
	-0.648642333	0.00153262847	0.885	0.525
	-0.669750025	0.00152653943	0.885	0.53
	-0.691099548	0.00156275703	0.885	0.535
	-0.710757997	0.00156052958	0.885	0.54
	-0.72707362	0.0016539179	0.885	0.545
	-0.742708997	0.00125448135	0.885	0.55
	-0.758395583	0.00140717952	0.885	0.555
	-0.771064302	0.00135230246	0.885	0.56
	-0.782322365	0.00121620417	0.885	0.565
	-0.793830857	0.00107422214	0.885	0.57
	-0.803637294	0.00131327038	0.885	0.575
	-0.811441931	0.00124327936	0.885	0.58
	-0.816552361	0.0012599027	0.885	0.585
	-0.824957083	0.00136413767	0.885	0.59
	-0.82854562	0.00146106756	0.885	0.595
	-0.833070946	0.00132260816	0.885	0.6
	-0.831475826	0.00159192581	0.885	0.605
	-0.834383976	0.00149164884	0.885	0.61
	-0.835307716	0.00157559337	0.885	0.615
	-0.836063089	0.00171668489	0.885	0.62
	-0.830148322	0.00155606381	0.885	0.625
	-0.826968697	0.00164702652	0.885	0.63
	-0.82347026	0.00200379628	0.885	0.635
	-0.819969718	0.00201977718	0.885	0.64
	-0.815041137	0.00203849201	0.885	0.645
	-0.807389418	0.0021333695	0.885	0.65
	-0.801544788	0.00232923151	0.885	0.655
	-0.794751739	0.00232488622	0.885	0.66
	-0.787497775	0.00238998285	0.885	0.665
	-0.779684349	0.00246427844	0.885	0.67
	-0.771892337	0.00250158302	0.885	0.675
	-0.760540871	0.0024008511	0.885	0.68
	-0.751790192	0.0025864531	0.885	0.685
	-0.738841547	0.0027235284	0.885	0.69
	-0.724865651	0.00331080063	0.885	0.695
	-0.501669861	0.00229206618	0.89	0.5
	-0.533069957	0.0024046012	0.89	0.505
	-0.564181058	0.0020095749	0.89	0.51
	-0.588738647	0.0018729378	0.89	0.515
	-0.615766436	0.00188034776	0.89	0.52
	-0.643805069	0.00175004243	0.89	0.525
	-0.663667267	0.00168040043	0.89	0.53
	-0.683692108	0.00163602288	0.89	0.535
	-0.702887704	0.00133182612	0.89	0.54
	-0.720521788	0.00154964782	0.89	0.545
	-0.734755408	0.00133202911	0.89	0.55
	-0.75251757	0.00160364568	0.89	0.555
	-0.763871769	0.00134352118	0.89	0.56
	-0.776270617	0.00109080362	0.89	0.565
	-0.786270532	0.00147166477	0.89	0.57
	-0.796669945	0.00114534263	0.89	0.575
	-0.805975591	0.00141312967	0.89	0.58
	-0.811862461	0.00126518876	0.89	0.585
	-0.816309056	0.00134565982	0.89	0.59
	-0.820434399	0.00134679797	0.89	0.595
	-0.824446643	0.00133305037	0.89	0.6
	-0.827688275	0.00144371525	0.89	0.605
	-0.828650622	0.00136274008	0.89	0.61
	-0.829278139	0.00158730459	0.89	0.615
	-0.826884717	0.00162656608	0.89	0.62
	-0.823278895	0.00141547542	0.89	0.625
	-0.823299522	0.00173745443	0.89	0.63
	-0.817184254	0.0018380885	0.89	0.635
	-0.811801065	0.00199474138	0.89	0.64
	-0.806438199	0.00216508027	0.89	0.645
	-0.798742517	0.00205533388	0.89	0.65
	-0.794513187	0.00236117848	0.89	0.655
	-0.785257065	0.00250768946	0.89	0.66
	-0.77758633	0.00232806373	0.89	0.665
	-0.769007448	0.00240531556	0.89	0.67
	-0.759440859	0.00236825665	0.89	0.675
	-0.753968483	0.00233508035	0.89	0.68
	-0.742803576	0.00280896192	0.89	0.685
	-0.729909206	0.0027796465	0.89	0.69
	-0.716510436	0.00263961202	0.89	0.695
	-0.493283311	0.00221494121	0.895	0.5
	-0.526477666	0.00225601624	0.895	0.505
	-0.554033517	0.00204170013	0.895	0.51
	-0.583713104	0.00225816594	0.895	0.515
	-0.608898164	0.00177130829	0.895	0.52
	-0.633040448	0.00177432129	0.895	0.525
	-0.656076384	0.00156812349	0.895	0.53
	-0.678418466	0.00152585183	0.895	0.535
	-0.695584884	0.0015546834	0.895	0.54
	-0.711254779	0.00148770163	0.895	0.545
	-0.729297406	0.00140524161	0.895	0.55
	-0.745213089	0.00122415139	0.895	0.555
	-0.758333836	0.00149965889	0.895	0.56
	-0.770353985	0.00135565488	0.895	0.565
	-0.781235056	0.00131717241	0.895	0.57
	-0.789035952	0.00127165873	0.895	0.575
	-0.799205507	0.00130059648	0.895	0.58
	-0.803157899	0.0014349983	0.895	0.585
	-0.808377459	0.00147793917	0.895	0.59
	-0.812538612	0.00158026642	0.895	0.595
	-0.81630605	0.00150439395	0.895	0.6
	-0.819755839	0.00147094789	0.895	0.605
	-0.820073677	0.00144974079	0.895	0.61
	-0.820651809	0.0015919934	0.895	0.615
	-0.819969808	0.00171895792	0.895	0.62
	-0.819148561	0.00178008925	0.895	0.625
	-0.816509741	0.00180335897	0.895	0.63
	-0.809101187	0.00183571483	0.895	0.635
	-0.804497299	0.00185175873	0.895	0.64
	-0.798474183	0.00215631193	0.895	0.645
	-0.795074715	0.00220003785	0.895	0.65
	-0.787583255	0.00251022637	0.895	0.655
	-0.781226571	0.00250073891	0.895	0.66
	-0.76920845	0.00278485003	0.895	0.665
	-0.764432798	0.00261257627	0.895	0.67
	-0.750146996	0.00247069378	0.895	0.675
	-0.743490594	0.00258370603	0.895	0.68
	-0.730675039	0.00275552803	0.895	0.685
	-0.725044332	0.00294183037	0.895	0.69
	-0.710976282	0.00315923462	0.895	0.695
	-0.486163373	0.0027334403	0.9	0.5
	-0.516962855	0.00238050311	0.9	0.505
	-0.545946498	0.00213679517	0.9	0.51
	-0.574462419	0.0019983959	0.9	0.515
	-0.603243116	0.00183584462	0.9	0.52
	-0.626364937	0.00177906694	0.9	0.525
	-0.648650067	0.00153352416	0.9	0.53
	-0.670463865	0.00157882465	0.9	0.535
	-0.690794821	0.00154875099	0.9	0.54
	-0.705213951	0.00138657047	0.9	0.545
	-0.722677535	0.00137586407	0.9	0.55
	-0.737427505	0.00138972173	0.9	0.555
	-0.751247516	0.00143487544	0.9	0.56
	-0.764380367	0.00157045947	0.9	0.565
	-0.772542356	0.00147194077	0.9	0.57
	-0.781027794	0.00136881535	0.9	0.575
	-0.787626567	0.00122296361	0.9	0.58
	-0.796971833	0.00133993028	0.9	0.585
	-0.798405167	0.00143814823	0.9	0.59
	-0.804627608	0.00158956941	0.9	0.595
	-0.810451936	0.00146606474	0.9	0.6
	-0.810048744	0.00169305341	0.9	0.605
	-0.813427674	0.0015085648	0.9	0.61
	-0.810690869	0.00158695992	0.9	0.615
	-0.813062584	0.00169532775	0.9	0.62
	-0.811403131	0.00179648215	0.9	0.625
	-0.805908529	0.00200385718	0.9	0.63
	-0.803705546	0.00195486289	0.9	0.635
	-0.797946862	0.00202352582	0.9	0.64
	-0.789942297	0.00224487914	0.9	0.645
	-0.788949027	0.00231267144	0.9	0.65
	-0.777064072	0.00227710554	0.9	0.655
	-0.768438145	0.00241311057	0.9	0.66
	-0.762580367	0.00238195218	0.9	0.665
	-0.752086104	0.00272611994	0.9	0.67
	-0.742366731	0.00282265056	0.9	0.675
	-0.737456907	0.00310078569	0.9	0.68
	-0.718481109	0.00288403497	0.9	0.685
	-0.711124374	0.00298752134	0.9	0.69
	-0.701113764	0.00323119136	0.9	0.695
