              1        0.73788        0.73788              0
              2        0.89532         0.8166      0.0556634
              3        0.99756        0.87692      0.0616664
              4        0.68176        0.82813       0.062645
              5        0.99216       0.860936      0.0580741
              6        0.86436       0.861507      0.0483979
              7        0.96596       0.876429      0.0437238
              8        0.99852        0.89169       0.040835
              9         0.7152        0.87208      0.0407351
             10        0.87448        0.87232      0.0366623
             11        0.95612       0.879938      0.0341117
             12        0.99224       0.889297      0.0325275
             13        0.94444       0.893538      0.0303007
             14        0.82344       0.888531       0.028547
             15        0.99744       0.895792      0.0275518
             16        0.68676       0.882727      0.0287609
             17        0.99548        0.88936      0.0278233
             18         0.6358       0.875273      0.0296298
             19        0.93332       0.878328      0.0282274
             20        0.90548       0.879686      0.0268486
             21        0.99192        0.88503      0.0260966
             22        0.90928       0.886133      0.0249337
             23          0.826       0.883518      0.0239863
             24        0.99076       0.887987      0.0233994
             25        0.93256        0.88977      0.0225312
             26        0.98036       0.893254      0.0219324
             27        0.95336        0.89548      0.0212328
             28        0.98676        0.89874      0.0207232
             29        0.77892       0.894608      0.0204163
             30        0.96488       0.896951      0.0198697
             31        0.97912       0.899601      0.0194047
             32         0.9938       0.902545      0.0190203
             33        0.87628       0.901749      0.0184606
             34        0.93144       0.902622      0.0179383
             35        0.99836       0.905358      0.0176331
             36        0.80316       0.902519      0.0173703
             37        0.88536       0.902055       0.016907
             38        0.79776       0.899311      0.0166834
             39        0.98628       0.901541      0.0164039
             40         0.9938       0.903847      0.0161552
             41        0.99368       0.906038       0.015909
             42        0.99876       0.908246      0.0156827
             43        0.99812       0.910336      0.0154566
             44         0.8972       0.910037      0.0151082
             45        0.97244       0.911424       0.014836
             46        0.88556       0.910862      0.0145241
             47        0.96868       0.912092      0.0142671
             48        0.97816       0.913468      0.0140361
             49        0.76168       0.910371      0.0140873
             50        0.99756       0.912114      0.0139131
             51        0.97504       0.913348      0.0136949
             52        0.99592       0.914936      0.0135233
             53         0.9456       0.915515      0.0132805
             54        0.91364        0.91548      0.0130346
             55        0.99212       0.916873      0.0128719
             56        0.99756       0.918314      0.0127224
             57        0.98872       0.919549       0.012559
             58        0.88388       0.918934      0.0123575
             59        0.87628       0.918212      0.0121692
             60        0.96132        0.91893      0.0119876
             61        0.96084       0.919617      0.0118107
             62        0.97404       0.920495      0.0116528
             63         0.9784       0.921414       0.011504
             64        0.95448       0.921931      0.0113359
             65         0.9508       0.922375      0.0111702
             66        0.93264        0.92253       0.011002
             67         0.9742       0.923301      0.0108648
             68        0.81228       0.921669       0.010827
             69        0.52236       0.915882      0.0121184
             70        0.99584       0.917024       0.011999
             71         0.9744       0.917832      0.0118572
             72         0.9976        0.91894      0.0117441
             73        0.95604       0.919448      0.0115943
             74        0.97656        0.92022      0.0114632
             75        0.94012       0.920485      0.0113135
             76        0.98996       0.921399      0.0112015
             77         0.9976       0.922389      0.0110996
             78        0.99316       0.923296      0.0109943
             79        0.93048       0.923387      0.0108556
             80         0.9886       0.924203      0.0107504
             81        0.96488       0.924705      0.0106294
             82         0.9728       0.925291       0.010516
             83        0.95524       0.925652      0.0103955
             84         0.9614       0.926078      0.0102804
             85        0.95216       0.926384       0.010164
             86        0.93508       0.926486      0.0100464
             87        0.96648       0.926945     0.00994139
             88        0.80876       0.925602     0.00991872
             89        0.38124       0.919486      0.0115401
             90        0.99616       0.920338      0.0114432
             91        0.96452       0.920823      0.0113278
             92        0.96684       0.921323      0.0112157
             93        0.81524       0.920183       0.011153
             94        0.80604       0.918969      0.0111002
             95        0.93784       0.919167      0.0109851
             96        0.91128       0.919085       0.010871
             97        0.98908       0.919807      0.0107829
             98         0.7728       0.918307      0.0107767
             99        0.97796       0.918909      0.0106847
            100         0.8482       0.918202      0.0106012
              1        0.48472        0.48472              0
              2        0.57772        0.53122      0.0328805
              3        0.63132       0.564587      0.0349675
              4        0.26944         0.4908      0.0690734
              5       -0.02924       0.386792       0.108202
              6        0.06652       0.333413       0.102493
              7        0.28292         0.3262      0.0881042
              8        0.44852        0.34149      0.0784067
              9        0.27872       0.334516      0.0700044
             10        0.52676        0.35374      0.0655905
             11        0.68276       0.383651      0.0660969
             12        0.73516       0.412943      0.0667649
             13        0.28156       0.402837      0.0623893
             14        0.61088       0.417697      0.0596765
             15        0.66956       0.434488      0.0580121
             16        0.63652       0.447115      0.0557436
             17        0.65716       0.459471      0.0538165
             18          0.346       0.453167      0.0511946
             19        0.36112       0.448322      0.0487288
             20        0.46352       0.449082      0.0462983
             21        0.54528       0.453663      0.0443196
             22        0.10312       0.437729      0.0450785
             23        0.40552       0.436329      0.0431403
             24        0.57696       0.442188      0.0417388
             25          0.711       0.452941      0.0414311
             26        0.56636       0.457303      0.0400666
             27        0.25228        0.44971      0.0392956
             28        0.06588       0.436001      0.0402122
             29        0.52992        0.43924      0.0389558
             30        0.71952       0.448583      0.0387614
             31        0.80336       0.460027      0.0391641
             32        0.62592       0.465211      0.0382818
             33        0.18244       0.456642      0.0380687
             34        0.31368       0.452438      0.0371805
             35          0.784       0.461911      0.0373055
             36         0.4512       0.461613      0.0362704
             37        0.41852       0.460449      0.0353088
             38        0.14728       0.452207      0.0353284
             39        0.63728       0.456953      0.0347398
             40        0.54684         0.4592      0.0339439
             41        0.70092       0.465096      0.0336241
             42        0.68528       0.470338      0.0332297
             43         0.8178       0.478419      0.0334249
             44         0.4968       0.478836      0.0326679
             45         0.6462       0.482556      0.0321529
             46        0.60408       0.485197      0.0315623
             47        0.47208       0.484918       0.030892
             48        0.69692       0.489335      0.0305625
             49         0.2534        0.48452      0.0303157
             50        0.74236       0.489677      0.0301448
             51        0.44988       0.488896      0.0295638
             52        0.66396       0.492263      0.0291864
             53        0.61196       0.494522      0.0287229
             54        0.26972       0.490359      0.0284911
             55        0.92192       0.498205      0.0290335
             56        0.43116       0.497008      0.0285397
             57        0.44304       0.496061      0.0280547
             58       -0.14732       0.484968      0.0296831
             59       -0.42976       0.469464      0.0329813
             60        0.63236       0.472179      0.0325432
             61        0.36536       0.470428      0.0320568
             62        0.70312       0.474181      0.0317587
             63        0.78748       0.479154      0.0316415
             64        0.63696        0.48162      0.0312431
             65        0.81696       0.486779      0.0311854
             66        0.25376       0.483248      0.0309121
             67         0.5226       0.483836      0.0304563
             68       -0.12708       0.474852      0.0313055
             69        0.19632       0.470815       0.031111
             70        0.66028       0.473522       0.030784
             71        0.38652       0.472296      0.0303748
             72        0.45044       0.471993      0.0299545
             73        0.53556       0.472864      0.0295568
             74        0.60636       0.474668      0.0292124
             75          0.356       0.473085      0.0288657
             76        0.22772       0.469857      0.0286659
             77        0.40652       0.469034      0.0283054
             78        0.36824       0.467742       0.027972
             79        0.50696       0.468238      0.0276223
             80         0.4546       0.468068      0.0272775
             81        0.73112       0.471316      0.0271334
             82          0.274       0.468909       0.026909
             83        0.52632       0.469601      0.0265937
             84        0.63088       0.471521      0.0263463
             85        0.54524       0.472388      0.0260506
             86        0.66212       0.474594       0.025841
             87       -0.05164       0.468546      0.0262423
             88         -0.064       0.462494      0.0266327
             89        0.21976       0.459767      0.0264728
             90        0.70444       0.462485      0.0263179
             91        0.55212        0.46347      0.0260471
             92        0.63232       0.465306      0.0258285
             93         0.5496       0.466212      0.0255667
             94        0.24348       0.463843      0.0254043
             95        0.48848       0.464102      0.0251382
             96        0.48492       0.464319      0.0248773
             97        0.52036       0.464896      0.0246275
             98        0.39336       0.464167       0.024387
             99        0.85964       0.468161      0.0244657
            100         0.3362       0.466842      0.0242566
              1        0.36152        0.36152              0
              2        0.33996        0.35074     0.00762261
              3        0.29632         0.3326      0.0156588
              4        0.27508        0.31822      0.0171176
              5        0.20416       0.295408      0.0245731
              6       -0.03968        0.23956      0.0549409
              7        0.29716       0.247789      0.0477044
              8        0.11124        0.23072      0.0446907
              9        0.18688       0.225849      0.0399896
             10        0.07256        0.21052      0.0388176
             11        0.15632       0.205593      0.0356001
             12        0.31956        0.21509      0.0338766
             13        0.00768       0.199135      0.0348256
             14        0.14676       0.195394      0.0325384
             15         0.3346       0.204675       0.031665
             16        0.13016       0.200018      0.0300264
             17          0.374       0.210252      0.0299536
             18        0.08796       0.203458      0.0290498
             19        0.08264       0.197099      0.0282082
             20        0.23904       0.199196      0.0268756
             21         0.0058       0.189987      0.0271278
             22        0.36848         0.1981      0.0270809
             23         0.3424       0.204374      0.0266203
             24        0.18508        0.20357      0.0255232
             25        0.30292       0.207544      0.0248097
             26        0.19564       0.207086      0.0238597
             27        0.19772       0.206739      0.0229786
             28         0.1498       0.204706      0.0222477
             29        0.12328       0.201898       0.021657
             30        0.27592       0.204365      0.0210752
             31        0.25744       0.206077      0.0204648
             32        0.27344       0.208183      0.0199332
             33        0.03472       0.202926      0.0200102
             34         0.1796        0.20224      0.0194335
             35        0.28388       0.204573      0.0190177
             36        0.10648       0.201848      0.0186836
             37          0.329       0.205284       0.018492
             38        0.06636       0.201628      0.0183632
             39        0.30204       0.204203      0.0180719
             40         0.3488       0.207818       0.017978
             41        0.36504       0.211653      0.0179439
             42        0.42628       0.216763      0.0182298
             43        0.28824       0.218425      0.0178814
             44        0.30912       0.220486      0.0175935
             45        0.20784       0.220205      0.0172047
             46        0.28612       0.221638      0.0168903
             47         0.3668       0.224727      0.0168109
             48        0.10776        0.22229      0.0166364
             49        0.18068       0.221441      0.0163185
             50        0.41496       0.225311      0.0164447
             51           0.12       0.223246      0.0162514
             52         0.2358       0.223488      0.0159407
             53         0.1302       0.221728      0.0157368
             54        0.22372       0.221764      0.0154454
             55         0.4368       0.225674      0.0156516
             56        0.14992       0.224321      0.0154305
             57        0.10828       0.222286      0.0152934
             58       -0.00652       0.218341      0.0155302
             59        0.20108       0.218048      0.0152698
             60        0.31076       0.219593      0.0150932
             61        0.13196       0.218157       0.014914
             62         0.1398       0.216893      0.0147269
             63        0.10772        0.21516      0.0145948
             64        0.07876       0.213029      0.0145215
             65        0.29852       0.214344      0.0143575
             66        0.11516       0.212841      0.0142184
             67        0.11928       0.211445      0.0140746
             68        0.19012       0.211131      0.0138711
             69        0.23336       0.211453      0.0136738
             70         0.3588       0.213558      0.0136396
             71        0.18292       0.213127      0.0134543
             72        0.16172       0.212413      0.0132863
             73          0.232       0.212681       0.013107
             74        0.15256       0.211869      0.0129551
             75        0.14476       0.210974      0.0128132
             76        0.11172       0.209668       0.012711
             77        0.23436       0.209989        0.01255
             78       -0.01324       0.207127      0.0127112
             79          0.064       0.205315      0.0126787
             80         0.2818       0.206271      0.0125563
             81        0.15732       0.205667      0.0124158
             82        0.33472        0.20724      0.0123637
             83         0.1666       0.206751      0.0122244
             84        0.35464       0.208511       0.012205
             85        0.16424       0.207991      0.0120726
             86        0.25148       0.208496      0.0119428
             87       -0.16628       0.204189      0.0125584
             88        0.05072       0.202445      0.0125362
             89        0.30188       0.203562       0.012445
             90        0.38544       0.205583      0.0124697
             91        0.09264       0.204342      0.0123943
             92        0.03416       0.202492      0.0123969
             93        0.24652       0.202965      0.0122726
             94          0.125       0.202136        0.01217
             95        0.12388       0.201312      0.0120698
             96        0.26856       0.202012      0.0119644
             97        0.15404       0.201518      0.0118512
             98         0.1056       0.200539      0.0117707
             99        0.06316       0.199152      0.0117333
            100       -0.10016       0.196158      0.0119916
              1        0.07072        0.07072              0
              2        0.12152        0.09612      0.0179605
              3        0.15644       0.116227      0.0203196
              4        0.18768        0.13409      0.0217157
              5         0.1836       0.143992      0.0194999
              6        0.03796        0.12632      0.0228978
              7        0.16192       0.131406      0.0201836
              8        0.10612       0.128245      0.0179064
              9        0.12688       0.128093      0.0159174
             10        0.15324       0.130608       0.014523
             11        0.11744       0.129411      0.0132519
             12          0.081       0.125377      0.0127469
             13        0.03664       0.118551      0.0134706
             14        0.09464       0.116843      0.0126162
             15        0.13868       0.118299      0.0118588
             16           0.14       0.119655      0.0111949
             17        0.10408       0.118739      0.0105738
             18        0.08248       0.116724      0.0101765
             19        0.05636       0.113547      0.0101247
             20         0.2292        0.11933      0.0111481
             21        0.02808       0.114985      0.0114328
             22           0.09       0.113849      0.0109694
             23        0.21144       0.118092      0.0112833
             24        0.08016       0.116512      0.0109233
             25          0.121       0.116691      0.0104878
             26         0.0768       0.115157       0.010196
             27        0.04992       0.112741      0.0101006
             28         0.1914        0.11555       0.010123
             29          0.129       0.116014     0.00978459
             30        0.13192       0.116544     0.00947279
             31        0.15348       0.117735     0.00924184
             32        0.15664       0.118951     0.00903265
             33        0.03072       0.116278     0.00914608
             34         0.0812       0.115246     0.00893508
             35         0.1774       0.117022      0.0088545
             36        0.08316       0.116081     0.00865836
             37        0.22024       0.118896     0.00887019
             38         0.0352       0.116694     0.00890602
             39        0.18812       0.118525     0.00886397
             40        0.18288       0.120134     0.00878717
             41        0.18548       0.121728     0.00871619
             42        0.20836        0.12379     0.00874932
             43        0.14848       0.124365     0.00856467
             44        0.19704       0.126016      0.0085278
             45        0.11292       0.125725     0.00834326
             46        0.13668       0.125963     0.00816528
             47        0.10476       0.125512       0.008004
             48        0.12124       0.125423     0.00783775
             49        0.13272       0.125572     0.00767921
             50        0.22708       0.127602     0.00778936
             51        0.13292       0.127707     0.00763733
             52        0.09792       0.127134      0.0075119
             53         0.1024       0.126667     0.00738465
             54        0.20496       0.128117     0.00738886
             55        0.24936       0.130321     0.00757622
             56        0.10404       0.129852     0.00745545
             57         0.0092       0.127735     0.00761921
             58        0.04656       0.126336     0.00761531
             59        0.02128       0.124555     0.00769159
             60        0.18588       0.125577       0.007631
             61        -0.0386       0.122886     0.00796641
             62        0.09744       0.122475     0.00784848
             63        0.07344       0.121697      0.0077624
             64        0.04072       0.120432     0.00774354
             65        0.07156        0.11968     0.00766083
             66        0.04588       0.118562     0.00762592
             67        0.09212       0.118167     0.00752231
             68        0.13144       0.118362     0.00741422
             69        0.05444       0.117436     0.00736442
             70        0.09988       0.117185     0.00726348
             71         0.0926       0.116839     0.00716943
             72        0.08912       0.116454     0.00708018
             73        0.15392       0.116967     0.00700177
             74        0.07216       0.116362     0.00693328
             75        0.15944       0.116936     0.00686459
             76         0.0532       0.116097      0.0068253
             77        0.08064       0.115637     0.00675218
             78        0.03252       0.114571     0.00674917
             79        0.09376       0.114308     0.00666888
             80         0.1162       0.114332     0.00658556
             81        0.05736       0.113628     0.00654171
             82        0.05484       0.112911      0.0065011
             83        0.03228        0.11194     0.00649495
             84        0.19508        0.11293      0.0064926
             85         0.1188       0.112999     0.00641659
             86        0.26108        0.11472     0.00656895
             87        0.01408       0.113564     0.00659451
             88        0.02972       0.112611     0.00658804
             89        0.12696       0.112772     0.00651599
             90         0.2238       0.114006     0.00655933
             91        0.08832       0.113724     0.00649332
             92        0.09388       0.113508     0.00642632
             93        0.08448       0.113196      0.0063648
             94          0.053       0.112555     0.00632922
             95        0.11948       0.112628     0.00626301
             96         0.1558       0.113078      0.0062139
             97        0.10884       0.113034     0.00614999
             98        0.03804       0.112269     0.00613466
             99       -0.02312       0.110901     0.00622326
            100        0.04472        0.11024     0.00619612
              1         0.0324         0.0324              0
              2        0.09728        0.06484      0.0229385
              3        0.08928      0.0729867      0.0166764
              4            0.1        0.07974      0.0138072
              5         0.0992       0.083632      0.0115813
              6        0.07844      0.0827667     0.00968335
              7        0.16136      0.0939943      0.0133019
              8        0.11492        0.09661      0.0118936
              9        0.09164      0.0960578      0.0105849
             10         0.0646       0.092912     0.00998291
             11        0.09272      0.0928945     0.00907539
             12        0.06976      0.0909667     0.00852142
             13        0.04516      0.0874431     0.00856349
             14        0.01232      0.0820771     0.00948514
             15         0.1298      0.0852587      0.0093712
             16        0.09288       0.085735      0.0087976
             17        0.10556      0.0869012     0.00835703
             18        0.07848      0.0864333     0.00790583
             19        0.04608      0.0843095     0.00776978
             20        0.07756       0.083972     0.00738862
             21        0.00396      0.0801619     0.00795876
             22        0.04652      0.0786327     0.00774251
             23        0.12208      0.0805217     0.00763284
             24        0.07036      0.0800983     0.00732654
             25        0.08848      0.0804336     0.00704114
             26        0.02848      0.0784354     0.00704817
             27         0.0442      0.0771674     0.00690024
             28        0.13748      0.0793214     0.00698192
             29        0.10304      0.0801393      0.0067889
             30        0.08468      0.0802907     0.00656429
             31        0.08728      0.0805161     0.00635641
             32        0.09916      0.0810987     0.00618441
             33        0.02244      0.0793212     0.00624724
             34        0.09276      0.0797165     0.00607599
             35        0.13244      0.0812229     0.00608626
             36         0.0894        0.08145     0.00592143
             37        0.14012      0.0830357     0.00596993
             38        0.02464      0.0814989     0.00600736
             39        0.10052      0.0819867     0.00587309
             40         0.1176       0.082877     0.00579335
             41        0.11384      0.0836322     0.00570106
             42        0.15212      0.0852629     0.00579384
             43        0.11532      0.0859619     0.00570111
             44        0.12672      0.0868882     0.00564629
             45         0.0402      0.0858507     0.00561533
             46         0.0854      0.0858409     0.00549327
             47        0.10572      0.0862638     0.00539265
             48         0.0642      0.0858042     0.00529985
             49         0.0956      0.0860041     0.00519546
             50        0.17064      0.0876968     0.00536021
             51        0.02744      0.0865153     0.00538375
             52        0.04048        0.08563     0.00535251
             53         0.0728      0.0853879     0.00525699
             54        0.06424      0.0849963     0.00517421
             55        0.11328      0.0855105     0.00510562
             56        0.04248      0.0847421     0.00507194
             57        0.00448       0.083334     0.00517474
             58        0.04216      0.0826241     0.00513398
             59       -0.00432      0.0811505      0.0052542
             60        0.06688      0.0809127     0.00517201
             61       -0.00264       0.079543     0.00526547
             62        0.08248      0.0795903     0.00518076
             63        0.06696      0.0793898      0.0051024
             64         0.0554       0.079015     0.00503643
             65        0.05508      0.0786468     0.00497239
             66        0.07568      0.0786018     0.00489725
             67        0.01212      0.0776096     0.00492366
             68        0.09212      0.0778229     0.00485587
             69       -0.00556      0.0766145     0.00493357
             70         0.0828      0.0767029     0.00486389
             71        0.09356      0.0769403     0.00480117
             72        0.07488      0.0769117     0.00473457
             73        0.10576      0.0773068     0.00468618
             74        0.09784      0.0775843     0.00463106
             75        0.14144      0.0784357     0.00464692
             76         0.1068      0.0788089     0.00460074
             77        0.10656      0.0791694     0.00455508
             78        0.03808      0.0786426     0.00452704
             79        0.08132      0.0786765     0.00446987
             80         0.0754      0.0786355     0.00441418
             81        0.00432       0.077718     0.00445401
             82        0.03544      0.0772024     0.00442943
             83        0.13932      0.0779508     0.00443884
             84        0.10868      0.0783167     0.00440105
             85        0.03416      0.0777972     0.00437982
             86         0.1002      0.0780577     0.00433664
             87        0.01708      0.0773568     0.00434306
             88          4e-05      0.0764782     0.00438168
             89        0.13932      0.0771843     0.00438897
             90        0.13848      0.0778653     0.00439272
             91        0.06424      0.0777156       0.004347
             92        0.08348      0.0777783     0.00430021
             93        0.04224      0.0773961     0.00427091
             94         0.0592      0.0772026     0.00422986
             95        0.09836      0.0774253      0.0041912
             96        0.08264      0.0774796     0.00414789
             97        0.10696      0.0777835     0.00411625
             98        0.08376      0.0778445      0.0040747
             99         0.0508      0.0775713     0.00404268
            100        0.08512      0.0776468     0.00400296
              1        0.02232        0.02232              0
              2        0.10168          0.062       0.028058
              3        0.05968      0.0612267       0.018716
              4        0.08024        0.06598      0.0146281
              5        0.05872       0.064528      0.0117744
              6        0.02868      0.0585533      0.0112259
              7        0.08756      0.0626971      0.0103588
              8        0.08964       0.066065     0.00959586
              9        0.05712      0.0650711     0.00858097
             10        0.00316        0.05888     0.00970256
             11        0.04316      0.0574509     0.00892513
             12        0.03576      0.0556433     0.00836241
             13        0.03172      0.0538031     0.00791905
             14       -0.00744      0.0494286     0.00847596
             15        0.11752       0.053968     0.00904516
             16        0.07432        0.05524     0.00856881
             17        0.05316      0.0551176     0.00806564
             18        0.02588      0.0534933     0.00777938
             19        0.02076      0.0517705      0.0075583
             20        0.05256        0.05181     0.00718049
             21       -0.00728      0.0489962     0.00736929
             22        0.01664      0.0475255     0.00717958
             23         0.0626      0.0481809     0.00689728
             24         0.0534      0.0483983     0.00661332
             25        0.06076      0.0488928     0.00636724
             26         0.0162      0.0476354     0.00624527
             27        0.06732      0.0483644     0.00605637
             28        0.07132      0.0491843      0.0058953
             29        0.05444      0.0493655      0.0056948
             30        0.05736       0.049632     0.00551121
             31        0.11432      0.0517187     0.00571483
             32        0.07352         0.0524     0.00557671
             33        0.02972      0.0517127      0.0054499
             34        0.05304      0.0517518     0.00528975
             35        0.10776       0.053352     0.00537522
             36        0.04784      0.0531989     0.00522808
             37        0.12256      0.0550735     0.00541245
             38       -0.01488      0.0532326     0.00557429
             39        0.09528      0.0543108     0.00553464
             40        0.08148        0.05499      0.0054378
             41        0.11624      0.0564839     0.00550655
             42        0.11664      0.0579162      0.0055586
             43        0.06612       0.058107      0.0054326
             44         0.0568      0.0580773     0.00530921
             45        0.03312      0.0575227     0.00522012
             46        0.10764      0.0586122      0.0052191
             47        0.04992      0.0584272     0.00511133
             48        0.03068      0.0578492     0.00503742
             49        0.06052      0.0579037     0.00493491
             50        0.11572        0.05906     0.00496984
             51        0.01796      0.0582541      0.0049373
             52       -0.00136      0.0571077     0.00497367
             53        0.04384      0.0568574     0.00488612
             54        0.05608       0.056843     0.00479566
             55        0.09124      0.0574684     0.00474907
             56          0.056      0.0574421     0.00466434
             57       -0.00764      0.0563004     0.00472019
             58        0.04432      0.0560938     0.00464332
             59        0.02396      0.0555492     0.00459646
             60         0.0708      0.0558033     0.00452687
             61       -0.00316      0.0548367     0.00455469
             62        0.02772      0.0543994     0.00450218
             63        0.05252      0.0543695     0.00443081
             64        0.06888      0.0545963     0.00436738
             65        0.02212      0.0540966     0.00432867
             66        0.03668      0.0538327     0.00427112
             67       -0.00464        0.05296     0.00429561
             68        0.06344      0.0531141     0.00423521
             69         0.0136      0.0525414     0.00421236
             70        0.08152      0.0529554     0.00417248
             71       -0.00412      0.0521515     0.00419044
             72        0.06728      0.0523617      0.0041375
             73        0.06516       0.052537     0.00408454
             74        0.03136      0.0522508     0.00403935
             75        0.06908      0.0524752     0.00399172
             76          0.063      0.0526137      0.0039416
             77        0.09532      0.0531683     0.00392924
             78        0.02192      0.0527677     0.00389923
             79          0.062      0.0528846     0.00385163
             80        0.08192      0.0532475     0.00382054
             81        0.03228      0.0529886     0.00378214
             82        0.05836      0.0530541     0.00373658
             83        0.10008      0.0536207     0.00373427
             84         0.0428      0.0534919     0.00369203
             85        0.00796      0.0529562     0.00368725
             86         0.0674      0.0531242      0.0036482
             87        0.02636      0.0528166     0.00361921
             88        0.01572       0.052395     0.00360255
             89          0.088      0.0527951     0.00358422
             90        0.09744      0.0532911     0.00357856
             91         0.0256      0.0529868     0.00355215
             92        0.01208      0.0525422     0.00354126
             93        0.03484      0.0523518     0.00350829
             94        0.01844      0.0519911     0.00348947
             95        0.09236       0.052416     0.00347851
             96        0.08224      0.0527267     0.00345612
             97        0.03104      0.0525031     0.00342772
             98         0.0904      0.0528898     0.00341448
             99       -0.00056      0.0523499     0.00342241
            100          0.012      0.0519464     0.00341189
              1        0.02672        0.02672              0
              2        0.07156        0.04914      0.0158533
              3        0.04868      0.0489867      0.0105696
              4        0.08008        0.05676         0.0104
              5         0.0776       0.060928     0.00911701
              6        0.03136          0.056     0.00882948
              7         0.0704      0.0580571     0.00780409
              8        0.07176        0.05977     0.00701403
              9        0.04824      0.0584889     0.00635061
             10        0.00592       0.053232     0.00758544
             11         0.0384      0.0518836     0.00701467
             12        0.04776        0.05154     0.00643853
             13        0.00832      0.0482154     0.00674723
             14        0.01472      0.0458229     0.00667601
             15         0.0828       0.048288     0.00667057
             16        0.04008       0.047775     0.00627335
             17        0.07112      0.0491482     0.00605277
             18        0.01236      0.0471044     0.00605173
             19        0.01828      0.0455874     0.00592032
             20         0.0374       0.045178     0.00563844
             21       -0.03116      0.0415429     0.00643594
             22       -0.00588      0.0393873     0.00649435
             23        0.05432      0.0400365     0.00624436
             24        0.03128      0.0396717     0.00599483
             25        0.04496      0.0398832     0.00575876
             26        0.02216      0.0392015     0.00557747
             27        0.04176      0.0392963      0.0053717
             28        0.07352      0.0405186      0.0053171
             29        0.03088      0.0401862     0.00514413
             30        0.04616      0.0403853     0.00497651
             31        0.07952      0.0416477     0.00497352
             32         0.0572      0.0421337     0.00484178
             33        0.03408      0.0418897     0.00470121
             34        0.03936      0.0418153     0.00456353
             35         0.0944      0.0433177     0.00467392
             36        0.02876      0.0429133     0.00456155
             37         0.0982      0.0444076      0.0046766
             38       -0.01492      0.0428463     0.00480708
             39        0.07072       0.043561     0.00473665
             40        0.03388       0.043319     0.00462441
             41        0.07148      0.0440059     0.00456235
             42        0.09088      0.0451219     0.00458819
             43        0.05144      0.0452688     0.00448384
             44        0.04856      0.0453436     0.00438256
             45        0.02944      0.0449902      0.0042994
             46        0.06612      0.0454496      0.0042304
             47        0.04996      0.0455455     0.00414148
             48        0.04004      0.0454308     0.00405679
             49        0.04044       0.045329     0.00397527
             50        0.07364      0.0458952     0.00393589
             51        0.03664      0.0457137     0.00386289
             52        0.02108        0.04524     0.00381754
             53        0.04508       0.045237     0.00374552
             54        0.01772      0.0447274     0.00371066
             55        0.07192      0.0452218     0.00367598
             56        0.06864        0.04564     0.00363405
             57       -0.01516      0.0445733     0.00372355
             58        0.02052      0.0441586     0.00368237
             59        0.01404      0.0436481     0.00365517
             60        0.04192      0.0436193     0.00359436
             61        0.00624      0.0430066     0.00358729
             62        0.03244      0.0428361     0.00353348
             63        0.01868      0.0424527     0.00349813
             64        0.03764      0.0423775     0.00344428
             65        0.02264      0.0420738     0.00340465
             66        0.03424      0.0419552     0.00335514
             67       -0.00348       0.041277      0.0033729
             68         0.0464      0.0413524     0.00332414
             69       -0.00276       0.040713     0.00333687
             70        0.04796      0.0408166     0.00329081
             71        0.03188      0.0406907     0.00324686
             72        0.05476      0.0408861     0.00320764
             73         0.0614      0.0411671     0.00317599
             74         0.0334      0.0410622      0.0031348
             75        0.07348      0.0414944     0.00312266
             76        0.06664      0.0418253     0.00309905
             77        0.04216      0.0418296     0.00305881
             78        0.00228      0.0413226     0.00306133
             79        0.07592      0.0417605     0.00305374
             80        0.07068       0.042122     0.00303689
             81        0.04068      0.0421042     0.00299945
             82        0.01188      0.0417356     0.00298544
             83        0.04688      0.0417976     0.00295011
             84        0.06472      0.0420705     0.00292758
             85        0.00744      0.0416631     0.00292135
             86          0.044      0.0416902     0.00288751
             87        0.02388      0.0414855     0.00286157
             88       -0.00048      0.0410086     0.00286851
             89        0.07808      0.0414252     0.00286636
             90         0.0416      0.0414271     0.00283452
             91        0.03228      0.0413266     0.00280515
             92        0.01876      0.0410813     0.00278536
             93        0.03308      0.0409953     0.00275674
             94        0.02784      0.0408553     0.00273096
             95        0.09364      0.0414109     0.00275816
             96        0.05816      0.0415854     0.00273494
             97        0.05116      0.0416841     0.00270853
             98        0.08256      0.0421012     0.00271281
             99       -0.00388      0.0416368     0.00272488
            100        0.02876       0.041508     0.00270067
              1        0.01824        0.01824              0
              2        0.06252        0.04038      0.0156553
              3        0.04924      0.0433333      0.0107118
              4        0.03736        0.04184     0.00813731
              5        0.06476       0.046424     0.00769341
              6        0.04848      0.0467667      0.0064188
              7         0.0402      0.0458286     0.00556996
              8         0.0396        0.04505     0.00492783
              9        0.04508      0.0450533     0.00438029
             10         0.0142       0.041968     0.00491007
             11        0.01916      0.0398945     0.00488191
             12        0.05188      0.0408933     0.00457611
             13        0.00948      0.0384769     0.00482005
             14        0.00312      0.0359514     0.00509461
             15        0.04408      0.0364933      0.0047837
             16         0.0268      0.0358875     0.00452292
             17         0.0514         0.0368     0.00434794
             18        0.01816      0.0357644     0.00422791
             19        0.01964      0.0349158     0.00408967
             20           0.03        0.03467     0.00389257
             21       -0.02052      0.0320419     0.00450792
             22       -0.00824      0.0302109     0.00466006
             23        0.03684      0.0304991     0.00446635
             24        0.02128       0.030115     0.00429674
             25        0.03268      0.0302176     0.00412609
             26        0.02056      0.0298462     0.00398408
             27        0.01408      0.0292622     0.00387908
             28        0.07936      0.0310514     0.00413262
             29        0.02416      0.0308138     0.00399695
             30        0.04708       0.031356     0.00390032
             31        0.07452      0.0327484     0.00401535
             32        0.03176      0.0327175     0.00388999
             33        0.02264      0.0324121     0.00378408
             34        0.01936      0.0320282     0.00369221
             35        0.04904      0.0325143     0.00361856
             36          0.032         0.0325     0.00351808
             37         0.0954         0.0342     0.00381166
             38       -0.01792      0.0328284     0.00395043
             39        0.03904      0.0329877     0.00385235
             40        0.03028        0.03292     0.00375663
             41        0.07196      0.0338722     0.00378376
             42        0.09404      0.0353048     0.00395558
             43          0.041      0.0354372      0.0038658
             44        0.03704      0.0354736     0.00377812
             45        0.03572      0.0354791     0.00369416
             46        0.05412      0.0358843     0.00363601
             47        0.03788      0.0359268      0.0035589
             48        0.00388      0.0352592     0.00354683
             49        0.03368      0.0352269     0.00347459
             50        0.04452      0.0354128     0.00341006
             51          0.038      0.0354635     0.00334358
             52        0.02832      0.0353262      0.0032821
             53        0.02184      0.0350717     0.00323002
             54        0.02824      0.0349452     0.00317268
             55        0.06796      0.0355455     0.00317127
             56        0.04608      0.0357336     0.00312022
             57       -0.02048      0.0347474     0.00321756
             58        0.00632      0.0342572      0.0031992
             59       -0.00156      0.0336502     0.00320205
             60         0.0248      0.0335027     0.00315208
             61        0.01508      0.0332007     0.00311484
             62        0.01748      0.0329471     0.00307491
             63        0.00748      0.0325429     0.00305255
             64        0.04236      0.0326962     0.00300871
             65        0.00668       0.032296     0.00298893
             66        0.02056      0.0321182     0.00294892
             67        -0.0044      0.0315731     0.00295485
             68         0.0194      0.0313941     0.00291681
             69          0.003      0.0309826     0.00290342
             70        0.05528      0.0313297     0.00288262
             71        0.00836      0.0310062     0.00286012
             72        0.04276      0.0311694     0.00282505
             73        0.03816      0.0312652     0.00278797
             74         0.0078      0.0309481     0.00276827
             75        0.06556      0.0314096     0.00276956
             76        0.05212      0.0316821     0.00274649
             77        0.03792      0.0317631     0.00271202
             78        0.00676      0.0314426     0.00269613
             79        0.06576       0.031877     0.00269677
             80        0.06072      0.0322375     0.00268705
             81        0.02244      0.0321165      0.0026566
             82        0.00976      0.0318439     0.00263815
             83          0.028      0.0317976     0.00260677
             84        0.05428      0.0320652     0.00258944
             85         0.0164      0.0318809     0.00256553
             86        0.02532      0.0318047     0.00253683
             87        0.01772      0.0316428     0.00251283
             88       -0.01448      0.0311186     0.00253835
             89        0.05428      0.0313789     0.00252314
             90        0.03772      0.0314493     0.00249608
             91         0.0264      0.0313938     0.00246927
             92        0.00036      0.0310565     0.00246536
             93        0.02696      0.0310125     0.00243925
             94        0.01992      0.0308945     0.00241615
             95        0.08272        0.03144     0.00245153
             96         0.0356      0.0314833     0.00242638
             97        0.02132      0.0313786     0.00240362
             98        0.04124      0.0314792      0.0023812
             99       -0.00648      0.0310958     0.00238782
            100        0.03468      0.0311316     0.00236421
              1        0.01676        0.01676              0
              2        0.05044         0.0336      0.0119077
              3        0.04132      0.0361733      0.0082118
              4        0.02652        0.03376     0.00650381
              5        0.06208       0.039424     0.00726199
              6        0.03216      0.0382133     0.00615175
              7        0.04668      0.0394229     0.00539052
              8         0.0228       0.037345     0.00510148
              9        0.04784      0.0385111     0.00466602
             10        0.01344       0.036004      0.0048262
             11        0.01384      0.0339891     0.00478963
             12         0.0412        0.03459     0.00442802
             13        0.01512      0.0330923     0.00433329
             14        0.01644      0.0319029     0.00418384
             15         0.0428      0.0326293     0.00396748
             16        0.02428      0.0321075     0.00375368
             17        0.05036      0.0331812     0.00368323
             18        0.01688      0.0322756     0.00358821
             19        0.01056      0.0311326     0.00357675
             20         0.0252       0.030836     0.00341019
             21        -0.0122      0.0287867     0.00381419
             22        0.00276      0.0276036     0.00381988
             23         0.0296      0.0276904     0.00365478
             24         0.0146       0.027145     0.00354297
             25         0.0282      0.0271872      0.0034015
             26        0.01768      0.0268215     0.00329027
             27        0.01304      0.0263111     0.00320775
             28        0.06672      0.0277543     0.00340238
             29        0.02432      0.0276359     0.00328712
             30        0.02884       0.027676     0.00317779
             31         0.0728      0.0291316     0.00339232
             32        0.03196        0.02922     0.00328746
             33         0.0316      0.0292921     0.00318863
             34        0.01964      0.0290082     0.00310746
             35         0.0338      0.0291451     0.00302169
             36        0.03628      0.0293433     0.00294425
             37        0.08268      0.0307849     0.00319815
             38       -0.01236      0.0296495      0.0033094
             39         0.0416      0.0299559      0.0032387
             40        0.03744       0.030143     0.00316313
             41         0.0732      0.0311932     0.00325565
             42        0.08392      0.0324486      0.0034116
             43         0.0368      0.0325498     0.00333376
             44           0.03      0.0324918      0.0032585
             45        0.02732      0.0323769     0.00318812
             46        0.04076      0.0325591     0.00312401
             47        0.03732      0.0326604     0.00305919
             48         0.0014      0.0320092     0.00306399
             49        0.02864      0.0319404     0.00300223
             50        0.03796      0.0320608      0.0029446
             51        0.02888      0.0319984     0.00288752
             52        0.02196      0.0318054     0.00283844
             53         0.0098      0.0313902     0.00281509
             54        0.03236      0.0314081     0.00276301
             55         0.0658      0.0320335     0.00278264
             56        0.03596      0.0321036     0.00273383
             57       -0.01392      0.0312961     0.00280257
             58        0.00036      0.0307628     0.00280454
             59       -0.00732      0.0301173     0.00283031
             60        0.02032       0.029954     0.00278785
             61        0.02056         0.0298      0.0027464
             62       -0.00068      0.0293084     0.00274575
             63        0.01488      0.0290794      0.0027117
             64        0.04636      0.0293494     0.00268274
             65        0.00788      0.0290191     0.00266172
             66        0.02724      0.0289921     0.00262153
             67       -0.01024      0.0284066     0.00264699
             68        0.02248      0.0283194      0.0026095
             69        0.01936      0.0281896     0.00257491
             70        0.03856      0.0283377     0.00254238
             71        0.01092      0.0280924     0.00251838
             72        0.03356      0.0281683     0.00248455
             73        0.02748      0.0281589     0.00245053
             74        0.01584      0.0279924     0.00242306
             75        0.06472      0.0284821     0.00243974
             76        0.03868      0.0286163     0.00241132
             77        0.04228      0.0287938     0.00238653
             78        0.00048      0.0284308     0.00238338
             79        0.06388      0.0288795     0.00239508
             80        0.04148       0.029037     0.00237031
             81        0.02756      0.0290188     0.00234112
             82        0.00548      0.0287317      0.0023301
             83          0.015      0.0285663     0.00230789
             84         0.0628      0.0289738     0.00231612
             85        0.01172      0.0287708     0.00229775
             86        0.02704      0.0287507     0.00227112
             87        0.00184      0.0284414     0.00226598
             88       -0.00784      0.0280291     0.00227743
             89        0.05732      0.0283582      0.0022755
             90        0.03736      0.0284582     0.00225241
             91         0.0192      0.0283565     0.00222996
             92       -0.01616      0.0278726     0.00225761
             93         0.0294       0.027889     0.00223339
             94        0.01456      0.0277472     0.00221413
             95        0.06104      0.0280977     0.00221838
             96        0.02788      0.0280954     0.00219527
             97        0.02208      0.0280334     0.00217352
             98        0.04004      0.0281559     0.00215479
             99       -0.00588      0.0278121     0.00216028
            100        0.02428      0.0277768     0.00213896
