              1      -0.972678      -0.972678              0
              2      -0.988386      -0.980532      0.0055539
              3       -1.01755      -0.992872      0.0107341
              4      -0.985795      -0.991103      0.0081951
              5       -1.01552      -0.995987     0.00787819
              6      -0.997607      -0.996257     0.00656979
              7        -1.0078      -0.997906      0.0058345
              8       -1.01829       -1.00045     0.00563419
              9      -0.974704      -0.997593     0.00568842
             10       -0.99749      -0.997582     0.00511958
             11       -1.00744      -0.998479     0.00473199
             12       -1.01568      -0.999913      0.0045497
             13       -1.00529       -1.00033     0.00421848
             14      -0.983669      -0.999136      0.0040815
             15       -1.01771       -1.00037     0.00399279
             16      -0.967575      -0.998325     0.00423693
             17       -1.01703      -0.999425     0.00412809
             18      -0.964396      -0.997479     0.00433324
             19       -1.00355      -0.997798     0.00411693
             20       -0.99979      -0.997898     0.00391229
             21        -1.0144      -0.998683     0.00380407
             22      -0.999786      -0.998734     0.00363149
             23       -0.98348       -0.99807     0.00353364
             24       -1.01374      -0.998723     0.00344616
             25      -0.998011      -0.998695     0.00330843
             26       -1.01161      -0.999191     0.00321824
             27       -1.00523      -0.999415      0.0031068
             28       -1.01318      -0.999906     0.00303447
             29      -0.976458      -0.999098     0.00303564
             30       -1.00938       -0.99944     0.00295373
             31       -1.01326      -0.999886      0.0028919
             32       -1.01468       -1.00035     0.00283822
             33      -0.991606       -1.00008     0.00276455
             34      -0.999749       -1.00007     0.00268326
             35       -1.01813       -1.00059     0.00265571
             36      -0.985823       -1.00018     0.00261343
             37      -0.992347      -0.999968     0.00255135
             38      -0.984275      -0.999555     0.00251741
             39       -1.01285      -0.999895     0.00247582
             40         -1.017       -1.00032     0.00245056
             41       -1.01643       -1.00072     0.00242209
             42       -1.01862       -1.00114     0.00240162
             43       -1.01788       -1.00153     0.00237711
             44      -0.997624       -1.00144     0.00232474
             45       -1.00865        -1.0016     0.00227859
             46      -0.995871       -1.00148     0.00223246
             47       -1.00769       -1.00161     0.00218888
             48       -1.00964       -1.00178     0.00214966
             49      -0.988114        -1.0015      0.0021238
             50       -1.01691       -1.00181     0.00210358
             51       -1.00758       -1.00192     0.00206537
             52       -1.01656        -1.0022     0.00204475
             53       -1.00651       -1.00228     0.00200779
             54       -1.00475       -1.00233     0.00197112
             55       -1.01544       -1.00257     0.00194965
             56       -1.01731       -1.00283     0.00193253
             57       -1.01409       -1.00303     0.00190871
             58      -0.994318       -1.00288      0.0018817
             59      -0.994566       -1.00274     0.00185507
             60       -1.00843       -1.00283     0.00182657
             61       -1.00722        -1.0029     0.00179804
             62         -1.009         -1.003     0.00177173
             63       -1.01285       -1.00316     0.00175049
             64       -1.00517       -1.00319     0.00172342
             65       -1.00278       -1.00318     0.00169692
             66      -0.998813       -1.00312      0.0016725
             67        -1.0134       -1.00327     0.00165457
             68      -0.999446       -1.00321     0.00163119
             69      -0.951487       -1.00246     0.00177146
             70       -1.01712       -1.00267     0.00175848
             71       -1.00829       -1.00275     0.00173549
             72       -1.01707       -1.00295     0.00172274
             73       -1.00288       -1.00295     0.00169914
             74       -1.00993       -1.00305      0.0016788
             75         -1.004       -1.00306     0.00165646
             76       -1.01212       -1.00318     0.00163895
             77       -1.01803       -1.00337     0.00162898
             78        -1.0161       -1.00353     0.00161625
             79       -1.00125        -1.0035     0.00159605
             80       -1.01225       -1.00361     0.00157984
             81       -1.00834       -1.00367     0.00156141
             82       -1.00954       -1.00374     0.00154401
             83        -1.0059       -1.00377     0.00152563
             84       -1.00539       -1.00379     0.00150759
             85       -1.00376       -1.00379     0.00148985
             86       -1.00342       -1.00378     0.00147253
             87       -1.00541        -1.0038     0.00145572
             88      -0.980655       -1.00354     0.00146276
             89      -0.950025       -1.00294     0.00156504
             90       -1.01696       -1.00309     0.00155538
             91       -1.00457       -1.00311     0.00153838
             92       -1.01158        -1.0032     0.00152441
             93      -0.974785        -1.0029     0.00153834
             94      -0.985081       -1.00271      0.0015336
             95        -1.0046       -1.00273     0.00151759
             96      -0.996546       -1.00266     0.00150315
             97       -1.01442       -1.00278     0.00149253
             98      -0.984496        -1.0026     0.00148892
             99       -1.01244        -1.0027      0.0014772
            100      -0.990964       -1.00258     0.00146708
              1      -0.908974      -0.908974              0
              2      -0.910674      -0.909824    0.000601041
              3      -0.941746      -0.920465      0.0086973
              4      -0.900669      -0.915516     0.00780507
              5      -0.881335       -0.90868     0.00873926
              6       -0.87869      -0.903682     0.00859399
              7      -0.891018      -0.901873     0.00755428
              8       -0.91649        -0.9037      0.0068274
              9      -0.908134      -0.904193     0.00608656
             10      -0.927175      -0.906491     0.00589587
             11      -0.943255      -0.909833     0.00623564
             12      -0.939343      -0.912292     0.00618193
             13      -0.900031      -0.911349      0.0057779
             14      -0.916538       -0.91172     0.00537707
             15      -0.937311      -0.913426     0.00528233
             16       -0.93241      -0.914612      0.0050837
             17      -0.938023      -0.915989     0.00496768
             18       -0.88844      -0.914459     0.00492183
             19      -0.895062      -0.913438     0.00476748
             20       -0.92687       -0.91411     0.00457617
             21      -0.909866      -0.913908     0.00436272
             22      -0.902142      -0.913373     0.00419706
             23       -0.90291      -0.912918     0.00403916
             24      -0.923859      -0.913374      0.0038965
             25       -0.93998      -0.914438     0.00388326
             26      -0.921647      -0.914715     0.00374379
             27      -0.885126      -0.913619     0.00376212
             28      -0.886118      -0.912637     0.00375378
             29      -0.913718      -0.912674     0.00362453
             30       -0.93263       -0.91334     0.00356423
             31      -0.955107      -0.914687     0.00369515
             32      -0.921078      -0.914887     0.00358507
             33      -0.909089      -0.914711     0.00348073
             34      -0.899234      -0.914256     0.00340799
             35       -0.94416       -0.91511     0.00341605
             36      -0.908304      -0.914921     0.00332638
             37       -0.89277      -0.914322     0.00328991
             38      -0.893026      -0.913762     0.00325072
             39      -0.920746      -0.913941      0.0031723
             40      -0.924697       -0.91421     0.00310437
             41      -0.937138      -0.914769     0.00307861
             42      -0.931866      -0.915176      0.0030321
             43      -0.956116      -0.916128     0.00310747
             44      -0.913616      -0.916071     0.00303737
             45      -0.919964      -0.916158     0.00297111
             46      -0.909362       -0.91601     0.00291019
             47      -0.912642      -0.915938     0.00284915
             48      -0.921618      -0.916057     0.00279225
             49      -0.904188      -0.915814     0.00274575
             50      -0.928767      -0.916074     0.00270303
             51      -0.907558      -0.915907     0.00265518
             52      -0.924559      -0.916073     0.00260933
             53      -0.930799      -0.916351     0.00257485
             54      -0.892194      -0.915903     0.00256573
             55      -0.971318      -0.916911      0.0027097
             56      -0.902943      -0.916662     0.00267276
             57      -0.893101      -0.916248     0.00265764
             58      -0.880734      -0.915636     0.00268143
             59      -0.881165      -0.915052     0.00269889
             60      -0.922967      -0.915184     0.00265713
             61      -0.900347       -0.91494     0.00262468
             62      -0.926622      -0.915129      0.0025891
             63       -0.94831      -0.915655     0.00260102
             64      -0.909139      -0.915554     0.00256237
             65      -0.942499      -0.915968     0.00255626
             66      -0.866995      -0.915226     0.00262301
             67      -0.906532      -0.915096     0.00258707
             68      -0.872738      -0.914474     0.00262295
             69      -0.896166      -0.914208     0.00259832
             70      -0.937446       -0.91454     0.00258232
             71       -0.91413      -0.914534     0.00254595
             72      -0.917009      -0.914569     0.00251083
             73      -0.917191      -0.914605     0.00247669
             74      -0.923407      -0.914724     0.00244607
             75       -0.90328      -0.914571     0.00241821
             76      -0.921354       -0.91466     0.00238804
             77       -0.92173      -0.914752     0.00235879
             78      -0.895525      -0.914506      0.0023414
             79      -0.934299      -0.914756     0.00232513
             80      -0.897972      -0.914546     0.00230551
             81      -0.933182      -0.914776      0.0022885
             82       -0.91012       -0.91472     0.00226129
             83      -0.916446       -0.91474     0.00223414
             84      -0.924698      -0.914859     0.00221069
             85      -0.912745      -0.914834     0.00218482
             86      -0.910602      -0.914785     0.00215997
             87      -0.872567        -0.9143     0.00218897
             88       -0.86216      -0.913707     0.00224285
             89      -0.895915      -0.913507     0.00222654
             90      -0.926729      -0.913654     0.00220664
             91      -0.917122      -0.913692     0.00218272
             92      -0.939286       -0.91397     0.00217666
             93      -0.904672       -0.91387     0.00215555
             94       -0.87983      -0.913508     0.00216282
             95       -0.91801      -0.913556     0.00214057
             96      -0.892898      -0.913341     0.00212906
             97      -0.903447      -0.913239     0.00210956
             98      -0.901707      -0.913121     0.00209131
             99      -0.957593       -0.91357     0.00211788
            100      -0.880644      -0.913241     0.00212214
              1       -0.82795       -0.82795              0
              2      -0.807679      -0.817815     0.00716695
              3      -0.821686      -0.819105     0.00489278
              4      -0.819982      -0.819324     0.00367449
              5      -0.818563      -0.819172     0.00294274
              6      -0.816166      -0.818671     0.00249456
              7      -0.802103      -0.816304     0.00306163
              8      -0.791345      -0.813184     0.00396156
              9      -0.805498       -0.81233     0.00361228
             10      -0.808091      -0.811906     0.00327583
             11      -0.827846      -0.813355     0.00328293
             12      -0.826951      -0.814488     0.00319888
             13      -0.806634      -0.813884     0.00300934
             14      -0.821015      -0.814394     0.00283717
             15      -0.841412      -0.816195     0.00316862
             16      -0.814443      -0.816085     0.00297247
             17       -0.84644      -0.817871      0.0032905
             18      -0.787839      -0.816202     0.00350525
             19      -0.807093      -0.815723     0.00335339
             20      -0.820701      -0.815972     0.00319494
             21      -0.808356      -0.815609     0.00306332
             22       -0.82713      -0.816133      0.0029685
             23      -0.815648      -0.816112     0.00283951
             24      -0.788982      -0.814981      0.0029376
             25      -0.814938       -0.81498      0.0028201
             26      -0.805993      -0.814634     0.00273273
             27      -0.818354      -0.814772     0.00263499
             28      -0.821076      -0.814997     0.00255049
             29      -0.803106      -0.814587     0.00249528
             30      -0.827598      -0.815021     0.00244951
             31      -0.836429      -0.815711     0.00246592
             32      -0.826509      -0.816049     0.00241184
             33      -0.803494      -0.815668     0.00236856
             34      -0.806472      -0.815398     0.00231429
             35      -0.811918      -0.815298     0.00225031
             36       -0.81373      -0.815255     0.00218822
             37       -0.80522      -0.814984     0.00214582
             38      -0.793887      -0.814428     0.00215997
             39      -0.810361      -0.814324     0.00210711
             40      -0.836016      -0.814866     0.00212307
             41      -0.812181      -0.814801     0.00207229
             42      -0.825726      -0.815061     0.00203921
             43      -0.821525      -0.815211     0.00199732
             44      -0.815782      -0.815224     0.00195197
             45      -0.813357      -0.815183     0.00190903
             46      -0.811562      -0.815104     0.00186916
             47      -0.826136      -0.815339     0.00184407
             48      -0.782555      -0.814656     0.00192798
             49      -0.810814      -0.814577     0.00189023
             50      -0.827419      -0.814834     0.00186979
             51       -0.81136      -0.814766     0.00183437
             52      -0.810316      -0.814681     0.00180109
             53      -0.799644      -0.814397     0.00178931
             54      -0.814634      -0.814401     0.00175618
             55      -0.825856      -0.814609     0.00173656
             56      -0.806438      -0.814464     0.00171167
             57      -0.806246      -0.814319      0.0016877
             58       -0.79163      -0.813928     0.00170334
             59      -0.815302      -0.813951     0.00167463
             60      -0.821335      -0.814075     0.00165123
             61      -0.809999      -0.814008     0.00162551
             62      -0.813036      -0.813992     0.00159937
             63      -0.818794      -0.814068      0.0015758
             64      -0.801495      -0.813872     0.00156338
             65       -0.81869      -0.813946     0.00154108
             66      -0.822463      -0.814075     0.00152312
             67      -0.808946      -0.813998     0.00150231
             68      -0.807322        -0.8139     0.00148342
             69      -0.828027      -0.814105     0.00147599
             70      -0.816536       -0.81414     0.00145531
             71      -0.800618      -0.813949     0.00144722
             72      -0.825474      -0.814109     0.00143594
             73       -0.80696      -0.814011     0.00141961
             74      -0.802811       -0.81386     0.00140847
             75      -0.809375        -0.8138     0.00139096
             76      -0.809754      -0.813747     0.00137368
             77      -0.826207      -0.813909     0.00136533
             78      -0.783255      -0.813516     0.00140325
             79       -0.80424      -0.813398     0.00139039
             80      -0.823316      -0.813522     0.00137853
             81      -0.815946      -0.813552     0.00136183
             82      -0.810294      -0.813513     0.00134581
             83      -0.823092      -0.813628     0.00133453
             84      -0.828293      -0.813803     0.00133001
             85      -0.820645      -0.813883      0.0013168
             86       -0.80959      -0.813833     0.00130243
             87      -0.804274      -0.813723     0.00129209
             88      -0.804534      -0.813619     0.00128162
             89      -0.805398      -0.813527     0.00127054
             90      -0.829389      -0.813703     0.00126859
             91      -0.815293       -0.81372     0.00125477
             92      -0.818443      -0.813772     0.00124218
             93       -0.79941      -0.813617     0.00123839
             94        -0.8089      -0.813567     0.00122623
             95      -0.818878      -0.813623     0.00121459
             96      -0.818651      -0.813675     0.00120307
             97      -0.803641      -0.813572     0.00119511
             98      -0.799232      -0.813425     0.00119184
             99      -0.809263      -0.813383     0.00118054
            100      -0.807597      -0.813326     0.00117015
              1      -0.729334      -0.729334              0
              2       -0.72059      -0.724962     0.00309147
              3      -0.725289      -0.725071     0.00206289
              4      -0.729914      -0.726282     0.00186893
              5      -0.734952      -0.728016     0.00215429
              6      -0.726759      -0.727806      0.0018054
              7      -0.723878      -0.727245     0.00163236
              8      -0.726362      -0.727135     0.00143204
              9      -0.728138      -0.727246     0.00127725
             10      -0.731785        -0.7277     0.00122751
             11      -0.751389      -0.729854     0.00233694
             12       -0.72658      -0.729581     0.00215806
             13      -0.712573      -0.728273     0.00235548
             14      -0.725013       -0.72804     0.00219871
             15      -0.739734      -0.728819     0.00218598
             16       -0.72744      -0.728733     0.00205105
             17      -0.731522      -0.728897     0.00193695
             18       -0.72533      -0.728699     0.00183945
             19      -0.734887      -0.729025     0.00177124
             20      -0.739864      -0.729567     0.00176365
             21      -0.720562      -0.729138     0.00173101
             22       -0.72092      -0.728764     0.00169215
             23      -0.722069      -0.728473     0.00164343
             24      -0.717843       -0.72803     0.00163354
             25       -0.72098      -0.727748     0.00159236
             26      -0.739776      -0.728211      0.0015969
             27      -0.718038      -0.727834     0.00158157
             28      -0.743668        -0.7284     0.00162304
             29        -0.7217      -0.728169     0.00158343
             30      -0.736878      -0.728459     0.00155704
             31       -0.72099      -0.728218     0.00152534
             32      -0.753373      -0.729004     0.00166798
             33      -0.716294      -0.728619      0.0016613
             34      -0.716424       -0.72826      0.0016507
             35      -0.709948      -0.727737     0.00168442
             36      -0.734863      -0.727935     0.00164922
             37      -0.717205      -0.727645     0.00162994
             38      -0.709264      -0.727161     0.00165727
             39      -0.734322      -0.727345     0.00162492
             40      -0.738698      -0.727629     0.00160889
             41       -0.72763      -0.727629     0.00156965
             42      -0.729767       -0.72768      0.0015331
             43       -0.72457      -0.727607     0.00149915
             44      -0.746981      -0.728048     0.00152838
             45      -0.725618      -0.727994     0.00149536
             46      -0.725294      -0.727935     0.00146401
             47      -0.718495      -0.727734     0.00144657
             48      -0.708745      -0.727338     0.00146953
             49      -0.720094      -0.727191     0.00144696
             50      -0.736862      -0.727384     0.00143089
             51      -0.726338      -0.727364     0.00140298
             52      -0.730038      -0.727415     0.00137694
             53      -0.730368      -0.727471     0.00135209
             54      -0.730659       -0.72753     0.00132834
             55      -0.735227       -0.72767     0.00131154
             56      -0.726161      -0.727643      0.0012884
             57      -0.718584      -0.727484     0.00127556
             58      -0.737651      -0.727659     0.00126555
             59      -0.729546      -0.727691     0.00124451
             60      -0.735078      -0.727814     0.00122984
             61      -0.718428       -0.72766     0.00121927
             62      -0.727789      -0.727662      0.0011996
             63      -0.716909      -0.727492     0.00119264
             64      -0.721054      -0.727391     0.00117824
             65      -0.723111      -0.727325     0.00116195
             66      -0.731478      -0.727388     0.00114605
             67      -0.732962      -0.727471     0.00113196
             68      -0.726549      -0.727458      0.0011154
             69      -0.724129       -0.72741     0.00110027
             70      -0.728318      -0.727423     0.00108463
             71      -0.721532       -0.72734     0.00107252
             72      -0.724342      -0.727298     0.00105843
             73      -0.728038      -0.727308     0.00104398
             74      -0.724803      -0.727274     0.00103042
             75      -0.726149      -0.727259      0.0010168
             76      -0.728984      -0.727282     0.00100367
             77      -0.731293      -0.727334    0.000991986
             78       -0.73129      -0.727385    0.000980564
             79      -0.714595      -0.727223    0.000981425
             80      -0.724804      -0.727193    0.000969623
             81      -0.730427      -0.727233    0.000958474
             82      -0.731257      -0.727282    0.000948041
             83      -0.737286      -0.727402    0.000944249
             84      -0.721502      -0.727332    0.000935618
             85      -0.728136      -0.727341    0.000924658
             86      -0.735862       -0.72744    0.000919199
             87      -0.717642      -0.727328    0.000915507
             88      -0.717074      -0.727211    0.000912488
             89      -0.728379      -0.727224     0.00090233
             90      -0.735116      -0.727312    0.000896554
             91      -0.730326      -0.727345    0.000887314
             92      -0.723958      -0.727308    0.000878433
             93       -0.71385      -0.727164    0.000880827
             94        -0.7313      -0.727208    0.000872555
             95       -0.72799      -0.727216    0.000863409
             96      -0.723116      -0.727173    0.000855471
             97      -0.726017      -0.727161    0.000846735
             98      -0.715001      -0.727037    0.000847138
             99      -0.714338      -0.726909    0.000848238
            100      -0.719054       -0.72683    0.000843384
              1      -0.650088      -0.650088              0
              2      -0.650906      -0.650497    0.000289065
              3      -0.649866      -0.650286    0.000258165
              4       -0.64864      -0.649875    0.000405649
              5      -0.644944      -0.648889    0.000939852
              6      -0.649569      -0.649002    0.000790017
              7      -0.661147      -0.650737     0.00174322
              8      -0.641098      -0.649532     0.00189651
              9      -0.649993      -0.649583     0.00168648
             10      -0.651292      -0.649754     0.00152646
             11      -0.672654      -0.651836     0.00242192
             12      -0.647955      -0.651513     0.00224159
             13      -0.648023      -0.651244     0.00208516
             14      -0.657286      -0.651676     0.00198038
             15      -0.649476      -0.651529     0.00185378
             16      -0.655938      -0.651805     0.00175828
             17      -0.645471      -0.651432     0.00169386
             18       -0.64933      -0.651315     0.00160378
             19      -0.658602      -0.651699     0.00156455
             20      -0.645311      -0.651379     0.00151857
             21      -0.639519      -0.650815     0.00154772
             22       -0.63853      -0.650256     0.00157487
             23      -0.636442      -0.649656     0.00161689
             24      -0.640767      -0.649285     0.00159137
             25       -0.65633      -0.649567     0.00155246
             26       -0.66329      -0.650095     0.00157992
             27      -0.642404       -0.64981     0.00154687
             28       -0.65667      -0.650055      0.0015109
             29      -0.644781      -0.649873      0.0014697
             30      -0.654654      -0.650032     0.00142933
             31      -0.643026      -0.649806     0.00140098
             32      -0.662783      -0.650212     0.00141467
             33      -0.643169      -0.649999     0.00138781
             34      -0.652895      -0.650084      0.0013496
             35      -0.643449      -0.649894     0.00132429
             36      -0.654108      -0.650011     0.00129267
             37      -0.641602      -0.649784     0.00127755
             38      -0.637613      -0.649464     0.00128345
             39       -0.65457      -0.649595     0.00125721
             40      -0.661632      -0.649896     0.00126128
             41      -0.642117      -0.649706      0.0012447
             42      -0.652162      -0.649764     0.00121644
             43      -0.642866      -0.649604     0.00119868
             44      -0.656774      -0.649767     0.00118247
             45      -0.653684      -0.649854     0.00115939
             46      -0.654188      -0.649948     0.00113801
             47      -0.648594      -0.649919     0.00111416
             48      -0.642164      -0.649758      0.0011026
             49      -0.643512       -0.64963     0.00108744
             50      -0.655973      -0.649757     0.00107306
             51      -0.647429      -0.649711     0.00105299
             52       -0.65241      -0.649763     0.00103402
             53      -0.656496       -0.64989     0.00102229
             54      -0.654325      -0.649973     0.00100665
             55      -0.654986      -0.650064    0.000992462
             56       -0.64973      -0.650058    0.000974757
             57       -0.64321      -0.649938    0.000965032
             58      -0.649643      -0.649932    0.000948407
             59      -0.654234      -0.650005     0.00093513
             60      -0.649578      -0.649998    0.000919571
             61      -0.645147      -0.649919    0.000907929
             62       -0.65541      -0.650007    0.000897594
             63      -0.639819      -0.649846    0.000897796
             64      -0.651668      -0.649874    0.000884219
             65      -0.646382       -0.64982    0.000872247
             66      -0.660314      -0.649979      0.0008734
             67      -0.647442      -0.649941    0.000861185
             68      -0.647202      -0.649901    0.000849462
             69      -0.640689      -0.649768    0.000847578
             70      -0.659896      -0.649912     0.00084773
             71      -0.649231      -0.649903    0.000835845
             72      -0.640298      -0.649769    0.000834814
             73      -0.651155      -0.649788    0.000823594
             74      -0.662437      -0.649959    0.000830011
             75      -0.650989      -0.649973    0.000819058
             76      -0.660456      -0.650111    0.000819813
             77      -0.650531      -0.650116    0.000809184
             78      -0.646442      -0.650069    0.000800181
             79      -0.639786      -0.649939    0.000800568
             80      -0.654068      -0.649991    0.000792223
             81      -0.652566      -0.650023     0.00078308
             82      -0.642789      -0.649934    0.000778484
             83      -0.667506      -0.650146    0.000797373
             84      -0.644174      -0.650075    0.000791044
             85      -0.649563      -0.650069     0.00078176
             86      -0.659844      -0.650183     0.00078089
             87      -0.647862      -0.650156    0.000772369
             88      -0.646961       -0.65012    0.000764445
             89      -0.648066      -0.650096    0.000756204
             90       -0.65925      -0.650198     0.00075461
             91      -0.660725      -0.650314    0.000755132
             92       -0.64287      -0.650233    0.000751246
             93      -0.637485      -0.650096    0.000755571
             94      -0.659264      -0.650193    0.000753802
             95      -0.642127      -0.650109    0.000750634
             96      -0.651813      -0.650126    0.000743024
             97      -0.656299       -0.65019    0.000738085
             98      -0.651435      -0.650203    0.000730663
             99      -0.649176      -0.650192    0.000723356
            100      -0.651382      -0.650204     0.00071622
              1      -0.582126      -0.582126              0
              2      -0.590914       -0.58652     0.00310674
              3      -0.583274      -0.585438     0.00225175
              4      -0.580245       -0.58414     0.00202885
              5      -0.589574      -0.585227     0.00189197
              6      -0.584254      -0.585064     0.00158358
              7      -0.591831      -0.586031     0.00162585
              8      -0.585633      -0.585981     0.00142338
              9      -0.577622      -0.585053     0.00153869
             10      -0.587423       -0.58529     0.00140296
             11      -0.603023      -0.586902     0.00199736
             12      -0.577515       -0.58612     0.00197816
             13      -0.581754      -0.585784     0.00185427
             14      -0.585931      -0.585794     0.00172185
             15       -0.58931      -0.586029     0.00162294
             16      -0.586446      -0.586055     0.00152172
             17      -0.584503      -0.585964     0.00143494
             18      -0.585398      -0.585932     0.00135556
             19      -0.588815      -0.586084     0.00129268
             20      -0.581371      -0.585848     0.00124934
             21      -0.576894      -0.585422     0.00126051
             22      -0.581693      -0.585252     0.00121455
             23      -0.578372      -0.584953     0.00119802
             24      -0.581948      -0.584828     0.00115463
             25      -0.580815      -0.584667     0.00111954
             26      -0.588004      -0.584796     0.00108381
             27      -0.581426      -0.584671     0.00105083
             28      -0.580946      -0.584538     0.00102169
             29      -0.583249      -0.584494    0.000987423
             30      -0.587467      -0.584593    0.000959471
             31      -0.585246      -0.584614    0.000928752
             32       -0.58147      -0.584516    0.000904909
             33      -0.575554      -0.584244    0.000917326
             34      -0.586181      -0.584301    0.000892113
             35      -0.582715      -0.584256    0.000867774
             36      -0.582077      -0.584195    0.000845777
             37      -0.573171      -0.583897    0.000873822
             38      -0.579942      -0.583793    0.000857002
             39      -0.588066      -0.583903    0.000842001
             40       -0.59363      -0.584146    0.000855345
             41      -0.579205      -0.584025     0.00084293
             42      -0.582573      -0.583991    0.000823569
             43      -0.582042      -0.583945    0.000805662
             44      -0.579776      -0.583851    0.000792904
             45      -0.594742      -0.584093    0.000811386
             46      -0.583833      -0.584087    0.000793767
             47      -0.585718      -0.584122    0.000777637
             48      -0.578534      -0.584005    0.000770101
             49       -0.57657      -0.583854    0.000769187
             50      -0.597434      -0.584125    0.000800325
             51      -0.577399      -0.583993    0.000795424
             52      -0.583893      -0.583991     0.00078013
             53      -0.593757      -0.584176    0.000786868
             54      -0.594642      -0.584369    0.000795808
             55      -0.584945       -0.58438    0.000781408
             56       -0.58912      -0.584465    0.000772025
             57      -0.580807        -0.5844    0.000761142
             58      -0.580406      -0.584332    0.000751128
             59      -0.589839      -0.584425    0.000744175
             60      -0.586776      -0.584464    0.000732803
             61      -0.574657      -0.584303    0.000738216
             62      -0.589834      -0.584393     0.00073168
             63       -0.57745      -0.584282    0.000728316
             64      -0.592658      -0.584413    0.000728598
             65      -0.584522      -0.584415    0.000717391
             66      -0.586574      -0.584448    0.000707267
             67      -0.589747      -0.584527    0.000701119
             68      -0.586949      -0.584562    0.000691713
             69      -0.579712      -0.584492    0.000685251
             70       -0.58419      -0.584488    0.000675475
             71      -0.575278      -0.584358    0.000678303
             72      -0.578946      -0.584283    0.000673034
             73      -0.583063      -0.584266    0.000664022
             74      -0.592627      -0.584379    0.000664592
             75      -0.582902      -0.584359    0.000656023
             76       -0.59358      -0.584481    0.000658514
             77      -0.583106      -0.584463    0.000650204
             78      -0.580918      -0.584417    0.000643454
             79       -0.58132      -0.584378    0.000636502
             80      -0.591798      -0.584471    0.000635268
             81      -0.581766      -0.584438    0.000628303
             82      -0.576367      -0.584339    0.000628301
             83      -0.599122      -0.584517    0.000645481
             84      -0.581016      -0.584476    0.000639141
             85      -0.582079      -0.584447    0.000632243
             86      -0.595748      -0.584579    0.000638401
             87      -0.577647      -0.584499    0.000636015
             88      -0.583354      -0.584486     0.00062892
             89       -0.57992      -0.584435    0.000623943
             90      -0.591309      -0.584511    0.000621668
             91      -0.596512      -0.584643    0.000628668
             92      -0.584322       -0.58464    0.000621845
             93      -0.588457      -0.584681    0.000616511
             94      -0.594769      -0.584788    0.000619223
             95      -0.586407      -0.584805     0.00061294
             96      -0.587485      -0.584833     0.00060719
             97      -0.586701      -0.584852    0.000601236
             98      -0.583008      -0.584833    0.000595395
             99      -0.577909      -0.584763    0.000593475
            100       -0.57024      -0.584618     0.00060505
              1      -0.522374      -0.522374              0
              2      -0.529511      -0.525943     0.00252324
              3      -0.531454       -0.52778     0.00225371
              4      -0.530162      -0.528375      0.0017672
              5      -0.531872      -0.529075     0.00154596
              6      -0.530387      -0.529293     0.00130369
              7      -0.535568       -0.53019     0.00139191
              8      -0.532875      -0.530525     0.00125775
              9      -0.529925      -0.530459     0.00111976
             10      -0.524598      -0.529873     0.00115097
             11      -0.540768      -0.530863      0.0014095
             12      -0.525835      -0.530444     0.00135288
             13      -0.525686      -0.530078     0.00129737
             14      -0.527414      -0.529888     0.00121858
             15      -0.532856      -0.530086     0.00115329
             16      -0.525602      -0.529806     0.00111474
             17      -0.522382      -0.529369     0.00113146
             18      -0.531367       -0.52948     0.00107404
             19      -0.535406      -0.529792     0.00106183
             20      -0.539948        -0.5303     0.00112362
             21      -0.524257      -0.530012     0.00110635
             22      -0.526682       -0.52986     0.00106636
             23      -0.529246      -0.529834     0.00102033
             24      -0.525106      -0.529637    0.000996655
             25      -0.528019      -0.529572    0.000958886
             26      -0.542043      -0.530052     0.00103505
             27      -0.528035      -0.529977    0.000999401
             28       -0.53339      -0.530099    0.000971115
             29      -0.523178       -0.52986    0.000966512
             30      -0.528203      -0.529805    0.000935872
             31       -0.52495      -0.529648    0.000918691
             32      -0.522584      -0.529428    0.000916123
             33      -0.520202      -0.529148    0.000930044
             34      -0.528547       -0.52913    0.000902858
             35      -0.528208      -0.529104    0.000877446
             36      -0.531535      -0.529172    0.000855667
             37      -0.527244       -0.52912    0.000834126
             38      -0.528502      -0.529103    0.000812334
             39      -0.532214      -0.529183    0.000795412
             40      -0.528518      -0.529166      0.0007757
             41       -0.52135      -0.528976    0.000779859
             42      -0.530458      -0.529011    0.000762088
             43      -0.531189      -0.529062    0.000746046
             44      -0.529611      -0.529074    0.000729195
             45      -0.535149      -0.529209    0.000725379
             46      -0.523002      -0.529074     0.00072205
             47      -0.535479       -0.52921    0.000719432
             48      -0.529121      -0.529209    0.000704446
             49      -0.525449      -0.529132    0.000694236
             50      -0.539793      -0.529345    0.000712342
             51      -0.528093      -0.529321    0.000698797
             52      -0.539462      -0.529516    0.000712052
             53      -0.531302      -0.529549    0.000699414
             54      -0.535394      -0.529658    0.000694788
             55      -0.526718      -0.529604    0.000684207
             56      -0.532093      -0.529649    0.000673431
             57      -0.522257      -0.529519    0.000673987
             58       -0.52841        -0.5295    0.000662637
             59      -0.527321      -0.529463    0.000652434
             60      -0.530118      -0.529474    0.000641652
             61      -0.528125      -0.529452    0.000631514
             62      -0.537129      -0.529575    0.000633352
             63      -0.520694      -0.529434    0.000638797
             64      -0.541953       -0.52963    0.000658081
             65      -0.523973      -0.529543    0.000653686
             66      -0.536285      -0.529645    0.000651714
             67       -0.53305      -0.529696    0.000643966
             68      -0.531088      -0.529716    0.000634821
             69      -0.527865       -0.52969    0.000626188
             70      -0.535919      -0.529779    0.000623534
             71      -0.523038      -0.529684    0.000621938
             72      -0.527815      -0.529658    0.000613841
             73      -0.525868      -0.529606    0.000607624
             74      -0.535708      -0.529688    0.000604982
             75       -0.52539      -0.529631    0.000599625
             76      -0.530693      -0.529645    0.000591898
             77      -0.518683      -0.529503    0.000601087
             78      -0.525326      -0.529449    0.000595761
             79      -0.533038      -0.529494     0.00058995
             80      -0.535894      -0.529574    0.000587973
             81      -0.522814      -0.529491    0.000586609
             82      -0.519278      -0.529366    0.000592531
             83      -0.540378      -0.529499     0.00060006
             84      -0.530894      -0.529516    0.000593146
             85      -0.531349      -0.529537     0.00058656
             86       -0.53576       -0.52961    0.000584185
             87      -0.529358      -0.529607    0.000577477
             88       -0.53087      -0.529621    0.000571094
             89      -0.532042      -0.529648    0.000565324
             90      -0.538432      -0.529746    0.000567405
             91      -0.535526      -0.529809    0.000564713
             92      -0.530375      -0.529816    0.000558608
             93      -0.534982      -0.529871    0.000555357
             94      -0.537917      -0.529957    0.000556006
             95      -0.529233      -0.529949    0.000550205
             96      -0.539163      -0.530045    0.000552782
             97      -0.537023      -0.530117    0.000551745
             98      -0.530371       -0.53012    0.000546121
             99      -0.529042      -0.530109    0.000540713
            100      -0.525215       -0.53006    0.000537515
              1      -0.473565      -0.473565              0
              2       -0.48581      -0.479688     0.00432947
              3      -0.482905       -0.48076     0.00301621
              4      -0.487307      -0.482397     0.00266959
              5      -0.486175      -0.483152     0.00224007
              6       -0.48737      -0.483855     0.00197391
              7      -0.489444      -0.484654     0.00184634
              8      -0.489752      -0.485291     0.00172202
              9      -0.480102      -0.484714     0.00162435
             10      -0.483004      -0.484543      0.0014709
             11      -0.487263      -0.484791      0.0013578
             12      -0.477998      -0.484225     0.00135754
             13       -0.47987       -0.48389     0.00129378
             14      -0.481182      -0.483696     0.00121573
             15      -0.483682      -0.483695     0.00113469
             16      -0.480936      -0.483523     0.00107679
             17      -0.475748      -0.483065     0.00110632
             18      -0.482123      -0.483013     0.00104609
             19      -0.491753      -0.483473     0.00108748
             20       -0.49636      -0.484117     0.00120902
             21       -0.47663      -0.483761     0.00120288
             22      -0.485675      -0.483848     0.00115134
             23      -0.477617      -0.483577     0.00113271
             24      -0.477386      -0.483319      0.0011145
             25      -0.478174      -0.483113     0.00108876
             26      -0.491531      -0.483437     0.00109397
             27      -0.483082      -0.483424     0.00105353
             28      -0.488547      -0.483607     0.00103167
             29      -0.483363      -0.483598     0.00099613
             30      -0.473182      -0.483251     0.00102165
             31       -0.48629      -0.483349    0.000993388
             32      -0.474475      -0.483072      0.0010003
             33      -0.476533      -0.482874    0.000989422
             34      -0.473427      -0.482596     0.00099857
             35      -0.474741      -0.482371     0.00099494
             36       -0.48928      -0.482563    0.000985636
             37      -0.472068       -0.48228    0.000998981
             38      -0.484042      -0.482326    0.000973768
             39      -0.485101      -0.482397    0.000951395
             40      -0.486286      -0.482494    0.000932563
             41      -0.478959      -0.482408    0.000913795
             42      -0.488121      -0.482544    0.000902104
             43       -0.48026      -0.482491    0.000882687
             44      -0.484661       -0.48254    0.000864003
             45      -0.491994       -0.48275     0.00086997
             46      -0.481562      -0.482725    0.000851441
             47      -0.489558       -0.48287    0.000845646
             48      -0.485678      -0.482929    0.000830049
             49      -0.473794      -0.482742    0.000833782
             50       -0.48385      -0.482764    0.000817401
             51       -0.48164      -0.482742     0.00080167
             52      -0.490886      -0.482899    0.000801407
             53      -0.489077      -0.483015    0.000794718
             54      -0.492165      -0.483185    0.000797858
             55      -0.487359      -0.483261    0.000786953
             56      -0.485962      -0.483309    0.000774377
             57       -0.46927      -0.483063    0.000798998
             58      -0.485246        -0.4831    0.000786109
             59      -0.490209      -0.483221    0.000781964
             60      -0.481376       -0.48319    0.000769535
             61      -0.477822      -0.483102    0.000761936
             62       -0.48723      -0.483169    0.000752549
             63       -0.48007      -0.483119     0.00074221
             64      -0.493567      -0.483283     0.00074835
             65      -0.477974      -0.483201    0.000741281
             66      -0.486971      -0.483258    0.000732247
             67      -0.488872      -0.483342    0.000726096
             68      -0.482388      -0.483328    0.000715554
             69       -0.48222      -0.483312    0.000705364
             70      -0.485826      -0.483348    0.000696201
             71      -0.473527      -0.483209         0.0007
             72      -0.479095      -0.483152    0.000692606
             73      -0.479803      -0.483106    0.000684636
             74      -0.485436      -0.483138    0.000676108
             75      -0.481311      -0.483114    0.000667532
             76      -0.483682      -0.483121     0.00065879
             77      -0.476438      -0.483034    0.000655926
             78      -0.487015      -0.483085      0.0006495
             79      -0.488595      -0.483155    0.000645012
             80      -0.489214      -0.483231    0.000641381
             81      -0.479649      -0.483187    0.000634985
             82      -0.470915      -0.483037    0.000644635
             83        -0.4888      -0.483106    0.000640597
             84      -0.486766       -0.48315     0.00063445
             85      -0.477688      -0.483086    0.000630232
             86      -0.488026      -0.483143    0.000625517
             87      -0.486274      -0.483179    0.000619361
             88       -0.47835      -0.483124    0.000614749
             89      -0.483486      -0.483128    0.000607855
             90      -0.494194      -0.483251    0.000613411
             91      -0.489328      -0.483318    0.000610294
             92      -0.484167      -0.483327     0.00060373
             93      -0.491419      -0.483414    0.000603476
             94      -0.485198      -0.483433    0.000597355
             95      -0.483334      -0.483432    0.000591068
             96      -0.489672      -0.483497    0.000588474
             97      -0.482346      -0.483485    0.000582526
             98      -0.488185      -0.483533    0.000578553
             99       -0.48499      -0.483548    0.000572896
            100      -0.478854      -0.483501    0.000569087
              1      -0.454735      -0.454735              0
              2      -0.461729      -0.458232     0.00247261
              3      -0.462346      -0.459603     0.00199279
              4       -0.46277      -0.460395     0.00164436
              5      -0.465242      -0.461364     0.00157547
              6      -0.464403      -0.461871     0.00139192
              7      -0.473014      -0.463463     0.00189613
              8      -0.466456      -0.463837     0.00169563
              9      -0.457677      -0.463152     0.00163956
             10      -0.464429       -0.46328     0.00148056
             11      -0.467397      -0.463654     0.00139246
             12      -0.456824      -0.463085     0.00138789
             13      -0.458782      -0.462754        0.00132
             14      -0.463209      -0.462787     0.00122612
             15      -0.463096      -0.462807     0.00114455
             16      -0.459606      -0.462607     0.00109037
             17      -0.456927      -0.462273      0.0010762
             18      -0.462338      -0.462277     0.00101642
             19      -0.468531      -0.462606     0.00101483
             20      -0.471944      -0.463073      0.0010661
             21      -0.459836      -0.462919     0.00102642
             22      -0.463815      -0.462959     0.00098057
             23      -0.456832      -0.462693    0.000973453
             24      -0.458452      -0.462516    0.000948795
             25      -0.462804      -0.462528    0.000910913
             26      -0.470594      -0.462838    0.000927201
             27      -0.456581      -0.462606    0.000921366
             28      -0.467014      -0.462764    0.000901811
             29      -0.460166      -0.462674     0.00087515
             30      -0.448497      -0.462202    0.000965175
             31      -0.464416      -0.462273     0.00093668
             32      -0.455599      -0.462064    0.000930337
             33      -0.453352        -0.4618    0.000938859
             34      -0.452713      -0.461533    0.000948529
             35      -0.453076      -0.461291    0.000951707
             36      -0.469366      -0.461516    0.000951331
             37      -0.454534      -0.461327     0.00094415
             38      -0.465193      -0.461429    0.000924769
             39      -0.459152       -0.46137    0.000902897
             40      -0.462429      -0.461397    0.000880713
             41      -0.457864      -0.461311    0.000863437
             42      -0.466798      -0.461441    0.000852707
             43      -0.460496      -0.461419     0.00083316
             44        -0.4638      -0.461473     0.00081598
             45      -0.466866      -0.461593      0.0008066
             46      -0.456655      -0.461486    0.000796176
             47      -0.464426      -0.461549    0.000781691
             48      -0.466668      -0.461655    0.000772647
             49      -0.455293      -0.461525    0.000767712
             50      -0.458519      -0.461465    0.000754708
             51      -0.462018      -0.461476    0.000739988
             52      -0.473239      -0.461702    0.000759547
             53      -0.464356      -0.461752    0.000746865
             54      -0.472887      -0.461959    0.000760967
             55      -0.466836      -0.462047    0.000752281
             56      -0.463599      -0.462075    0.000739357
             57      -0.449402      -0.461853    0.000759081
             58      -0.462407      -0.461862    0.000746054
             59      -0.473934      -0.462067    0.000760947
             60      -0.464166      -0.462102    0.000749069
             61      -0.456171      -0.462005    0.000743072
             62      -0.467186      -0.462088    0.000735772
             63      -0.459018      -0.462039    0.000725705
             64      -0.468687      -0.462143    0.000721762
             65      -0.460078      -0.462111    0.000711357
             66      -0.465985       -0.46217    0.000702995
             67      -0.465635      -0.462222    0.000694403
             68       -0.46149      -0.462211    0.000684274
             69      -0.463427      -0.462229    0.000674584
             70      -0.466291      -0.462287    0.000667439
             71      -0.455578      -0.462192    0.000664693
             72      -0.460991      -0.462176     0.00065567
             73       -0.46071      -0.462156    0.000646996
             74      -0.468237      -0.462238    0.000643451
             75      -0.463774      -0.462258    0.000635197
             76      -0.466054      -0.462308      0.0006288
             77      -0.457326      -0.462243    0.000623954
             78       -0.46545      -0.462285    0.000617307
             79      -0.468158      -0.462359    0.000613953
             80       -0.46515      -0.462394    0.000607269
             81      -0.461031      -0.462377    0.000600005
             82       -0.45043      -0.462231    0.000610121
             83       -0.47118      -0.462339    0.000612223
             84      -0.460776       -0.46232    0.000605217
             85      -0.461194      -0.462307    0.000598242
             86      -0.470461      -0.462402    0.000598751
             87      -0.466117      -0.462445    0.000593389
             88      -0.456243      -0.462374    0.000590816
             89      -0.469146       -0.46245    0.000589057
             90      -0.472587      -0.462563    0.000593183
             91      -0.466864       -0.46261    0.000588544
             92      -0.464717      -0.462633    0.000582592
             93      -0.470028      -0.462713    0.000581729
             94      -0.466371      -0.462752    0.000576841
             95      -0.462661      -0.462751    0.000570769
             96      -0.467518        -0.4628     0.00056698
             97      -0.462042      -0.462792    0.000561189
             98      -0.465601      -0.462821    0.000556193
             99      -0.465082      -0.462844    0.000551044
            100      -0.458966      -0.462805    0.000546897
