              1       0.317561       0.317561              0
              2       0.229691       0.273626      0.0310667
              3      0.0187902       0.188681      0.0723839
              4       0.213444       0.194872       0.054552
              5      0.0337874       0.162655      0.0522966
              6       0.151834       0.160851      0.0436116
              7      0.0894759       0.150655      0.0385549
              8      0.0131554       0.133467      0.0373707
              9       0.305831       0.152619      0.0378086
             10       0.154261       0.152783      0.0340281
             11       0.090947       0.147162      0.0313955
             12      0.0325339       0.137609      0.0301974
             13       0.105576       0.135145      0.0279749
             14       0.254352        0.14366      0.0272417
             15      0.0175348       0.135252      0.0266917
             16       0.356905       0.149105      0.0283918
             17      0.0225323        0.14166      0.0276808
             18       0.374323       0.154585      0.0290042
             19       0.117735       0.152646      0.0275425
             20       0.141641       0.152096      0.0261709
             21      0.0425657        0.14688       0.025439
             22        0.14225       0.146669      0.0242836
             23       0.256415       0.151441      0.0236919
             24      0.0475713       0.147113      0.0230967
             25       0.159311       0.147601       0.022178
             26      0.0620768       0.144312      0.0215675
             27       0.107513       0.142949      0.0208117
             28      0.0512937       0.139675      0.0203243
             29       0.303246       0.145316      0.0203911
             30      0.0773441        0.14305      0.0198368
             31      0.0492779       0.140025      0.0194262
             32      0.0407031       0.136921      0.0190655
             33       0.200796       0.138857      0.0185857
             34       0.147122         0.1391      0.0180407
             35      0.0144082       0.135537      0.0178735
             36        0.23416       0.138277      0.0175858
             37       0.197088       0.139866      0.0171821
             38       0.244873        0.14263      0.0169507
             39      0.0536913       0.140349      0.0166688
             40      0.0225148       0.137403      0.0165103
             41      0.0268494       0.134707      0.0163263
             42      0.0106492       0.131753      0.0162026
             43      0.0162872       0.129068      0.0160468
             44       0.157989       0.129725      0.0156955
             45      0.0843873       0.128718       0.015379
             46       0.169517       0.129605      0.0150703
             47      0.0911889       0.128787      0.0147718
             48       0.077495       0.127719      0.0145026
             49       0.208949       0.129376      0.0143011
             50      0.0238074       0.127265      0.0141701
             51      0.0931413       0.126596       0.013908
             52      0.0262996       0.124667      0.0137736
             53       0.095967       0.124126      0.0135244
             54       0.102205        0.12372        0.01328
             55      0.0344145       0.122096      0.0131375
             56      0.0206717       0.120285      0.0130271
             57      0.0444145       0.118954      0.0128664
             58        0.18045       0.120014      0.0126882
             59       0.178509       0.121005      0.0125118
             60      0.0840378       0.120389      0.0123184
             61      0.0930666       0.119941      0.0121246
             62      0.0818946       0.119328      0.0119446
             63      0.0524588       0.118266      0.0118021
             64       0.108659       0.118116      0.0116186
             65       0.125926       0.118236      0.0114405
             66       0.153189       0.118766      0.0112794
             67      0.0473368         0.1177      0.0111613
             68       0.129218       0.117869      0.0109985
             69       0.454047       0.122741      0.0118692
             70      0.0216941       0.121298      0.0117871
             71      0.0848383       0.120784      0.0116323
             72      0.0225535        0.11942      0.0115505
             73       0.126652       0.119519      0.0113927
             74      0.0746387       0.118913      0.0112549
             75       0.114387       0.118852      0.0111049
             76      0.0601065       0.118079      0.0109857
             77      0.0150277       0.116741      0.0109242
             78      0.0292991        0.11562      0.0108416
             79       0.135037       0.115866      0.0107071
             80      0.0580182       0.115143      0.0105977
             81      0.0853948       0.114775      0.0104732
             82      0.0774336        0.11432      0.0103554
             83       0.102112       0.114173      0.0102316
             84       0.107997       0.114099      0.0101101
             85          0.117       0.114133     0.00999122
             86       0.119113       0.114191     0.00987521
             87       0.108568       0.114127     0.00976191
             88       0.276279       0.115969     0.00982335
             89       0.443359       0.119648      0.0103789
             90      0.0231664       0.118576      0.0103188
             91       0.114986       0.118536      0.0102055
             92      0.0603744       0.117904      0.0101141
             93       0.318246       0.120058      0.0102322
             94       0.240819       0.121343      0.0102037
             95       0.109965       0.121223       0.010097
             96       0.168868        0.12172       0.010004
             97      0.0414679       0.120892     0.00993499
             98       0.239701       0.122105     0.00990731
             99      0.0555343       0.121432     0.00983003
            100       0.197193        0.12219     0.00976088
              1       0.383885       0.383885              0
              2        0.38745       0.385667     0.00126057
              3       0.275242       0.348859      0.0300656
              4       0.400297       0.361719      0.0251494
              5       0.446269       0.378629      0.0251705
              6       0.462431       0.392596      0.0245465
              7       0.434259       0.398548      0.0217495
              8       0.355339       0.393147      0.0196901
              9       0.367847       0.390335      0.0177018
             10       0.319832       0.383285      0.0172787
             11       0.274451       0.373391      0.0183229
             12       0.291528       0.366569      0.0180213
             13       0.398203       0.369003      0.0167985
             14       0.365874       0.368779      0.0156001
             15       0.291936       0.363656      0.0153783
             16       0.309625       0.360279      0.0147833
             17       0.290108       0.356152      0.0144785
             18       0.445434       0.361112      0.0144989
             19       0.424819       0.364465      0.0141182
             20        0.31726       0.362104      0.0136081
             21        0.38632       0.363258      0.0130089
             22       0.381326       0.364079      0.0124434
             23       0.399393       0.365614      0.0119968
             24       0.335838       0.364374      0.0115609
             25       0.287282        0.36129      0.0115024
             26       0.345109       0.360668      0.0110768
             27       0.455654       0.364186      0.0112113
             28       0.439438       0.366873      0.0111284
             29       0.372317       0.367061      0.0107462
             30       0.316597       0.365379      0.0105188
             31       0.237516       0.361254      0.0109584
             32        0.35362       0.361016      0.0106185
             33       0.361492        0.36103      0.0102968
             34       0.407455       0.362396      0.0100841
             35       0.275738        0.35992      0.0100953
             36       0.385869        0.36064     0.00984059
             37       0.438049       0.362733      0.0097945
             38       0.417149       0.364165     0.00964087
             39       0.355424        0.36394     0.00939627
             40       0.328102       0.363044     0.00920398
             41       0.293787       0.361355     0.00913319
             42       0.315029       0.360252     0.00898209
             43       0.233685       0.357309     0.00924291
             44       0.369547       0.357587     0.00903703
             45       0.353804       0.357503      0.0088366
             46       0.391947       0.358252     0.00867616
             47        0.37263       0.358558     0.00849695
             48       0.354952       0.358482     0.00832027
             49       0.383695       0.358997     0.00816636
             50       0.331001       0.358437     0.00802221
             51       0.388717       0.359031     0.00788685
             52        0.33653       0.358598     0.00774704
             53       0.312641       0.357731     0.00764924
             54       0.430299       0.359075     0.00762472
             55       0.184627       0.355903     0.00811904
             56       0.406313       0.356803     0.00802381
             57       0.441583       0.358291     0.00801971
             58       0.439848       0.359697     0.00800377
             59       0.413663       0.360611      0.0079202
             60       0.344074       0.360336     0.00779299
             61       0.410508       0.361158     0.00770852
             62        0.33577       0.360749     0.00759506
             63       0.260438       0.359157     0.00763958
             64       0.393793       0.359698     0.00753935
             65       0.284278       0.358537     0.00751212
             66       0.521154       0.361001     0.00779189
             67       0.396758       0.361535     0.00769385
             68       0.467404       0.363092     0.00773662
             69       0.412062       0.363802     0.00765698
             70       0.291373       0.362767     0.00761719
             71       0.354078       0.362645     0.00751089
             72       0.348564       0.362449     0.00740911
             73       0.355517       0.362354     0.00730823
             74       0.340828       0.362063     0.00721525
             75       0.395102       0.362504     0.00713249
             76        0.31888        0.36193      0.0070617
             77       0.330392        0.36152     0.00698185
             78       0.424496       0.362327     0.00693887
             79       0.290347       0.361416      0.0069106
             80       0.422728       0.362183     0.00686658
             81       0.313276       0.361579      0.0068083
             82       0.360461       0.361565     0.00672529
             83       0.361746       0.361568     0.00664426
             84       0.337494       0.361281     0.00657134
             85       0.377474       0.361471     0.00649679
             86       0.390616        0.36181     0.00643008
             87       0.474292       0.363103     0.00648485
             88       0.513642       0.364814     0.00663295
             89       0.413972       0.365366     0.00658138
             90       0.335696       0.365037     0.00651651
             91       0.363336       0.365018     0.00644492
             92       0.282573       0.364122     0.00643687
             93        0.40555       0.364567     0.00638305
             94       0.473805       0.365729     0.00642006
             95        0.35299       0.365595     0.00635388
             96       0.440411       0.366375     0.00633531
             97       0.410065       0.366825     0.00628599
             98       0.401835       0.367182     0.00623199
             99       0.231643       0.365813     0.00631764
            100       0.475944       0.366914     0.00634973
              1        0.39649        0.39649              0
              2       0.436851       0.416671        0.01427
              3        0.40647        0.41327     0.00991016
              4       0.409237       0.412262     0.00748374
              5       0.408926       0.411595     0.00601666
              6       0.402705       0.410113      0.0051931
              7       0.445062       0.415106     0.00641711
              8       0.458577        0.42054     0.00757392
              9       0.435035        0.42215     0.00690149
             10       0.423502       0.422286     0.00621266
             11       0.388638       0.419227     0.00635645
             12       0.398822       0.417526     0.00604991
             13       0.421887       0.417862     0.00559382
             14       0.402224       0.416745     0.00530461
             15          0.369       0.413562     0.00582822
             16         0.4139       0.413583       0.005464
             17       0.359722       0.410415     0.00599114
             18        0.46435       0.413411     0.00636365
             19        0.42702       0.414127      0.0060689
             20       0.406461       0.413744     0.00577754
             21       0.419563       0.414021     0.00550906
             22       0.401284       0.413442     0.00528899
             23       0.421415       0.413789     0.00507038
             24       0.466728       0.415995     0.00531732
             25       0.420904       0.416191     0.00510825
             26       0.432909       0.416834     0.00495208
             27       0.410256        0.41659     0.00477466
             28        0.40172       0.416059     0.00463358
             29       0.436344       0.416759     0.00452629
             30       0.392128       0.415938     0.00444925
             31       0.376094       0.414652     0.00448753
             32        0.39631       0.414079     0.00438375
             33       0.432244        0.41463     0.00428533
             34       0.432805       0.415164      0.0041925
             35       0.425775       0.415467     0.00408366
             36       0.413563       0.415414     0.00397057
             37       0.440916       0.416104     0.00392262
             38       0.451599       0.417038     0.00392904
             39       0.430065       0.417372     0.00384247
             40       0.378099        0.41639     0.00386981
             41       0.427979       0.416673     0.00378573
             42       0.406365       0.416427     0.00370354
             43       0.406936       0.416207     0.00362398
             44       0.419993       0.416293     0.00354264
             45       0.420959       0.416396     0.00346544
             46       0.425609       0.416597     0.00339588
             47       0.402049       0.416287     0.00333771
             48       0.474365       0.417497     0.00348058
             49       0.421295       0.417574     0.00341041
             50       0.399674       0.417216     0.00336094
             51       0.419061       0.417253     0.00329523
             52       0.426826       0.417437       0.003237
             53       0.443128       0.417921     0.00321202
             54       0.418006       0.417923     0.00315253
             55       0.403234       0.417656     0.00310651
             56       0.430423       0.417884     0.00305939
             57       0.427858       0.418059     0.00301071
             58       0.451645       0.418638     0.00301398
             59       0.416813       0.418607     0.00296306
             60       0.407518       0.418422     0.00291943
             61       0.423492       0.418505     0.00287275
             62       0.415222       0.418452     0.00282691
             63       0.402951       0.418206     0.00279272
             64       0.433233       0.418441     0.00275894
             65       0.412282       0.418346     0.00271812
             66       0.397269       0.418027     0.00269563
             67        0.42262       0.418096     0.00265627
             68        0.43005       0.418271     0.00262302
             69       0.390506       0.417869     0.00261569
             70       0.419119       0.417887     0.00257838
             71       0.444681       0.418264     0.00256954
             72       0.391756       0.417896     0.00256009
             73       0.432104       0.418091      0.0025324
             74       0.437906       0.418358      0.0025123
             75        0.42408       0.418435     0.00247996
             76       0.420836       0.418466     0.00244753
             77       0.392724       0.418132     0.00243847
             78       0.469062       0.418785      0.0024931
             79       0.431901       0.418951     0.00246706
             80       0.403319       0.418756     0.00244395
             81       0.411934       0.418671     0.00241523
             82       0.431795       0.418831     0.00239107
             83       0.399621         0.4186     0.00237344
             84       0.397806       0.418352     0.00235805
             85       0.401281       0.418152     0.00233885
             86        0.42898       0.418278     0.00231504
             87       0.419221       0.418288     0.00228846
             88       0.429813       0.418419      0.0022662
             89       0.438684       0.418647     0.00225214
             90       0.395904       0.418394     0.00224125
             91       0.410512       0.418308     0.00221829
             92       0.401424       0.418124     0.00220176
             93       0.449332        0.41846     0.00220351
             94       0.425716       0.418537     0.00218142
             95       0.405562         0.4184     0.00216273
             96       0.410484       0.418318     0.00214177
             97       0.437524       0.418516     0.00212882
             98       0.442946       0.418765     0.00212165
             99       0.421162       0.418789     0.00210035
            100       0.416233       0.418764     0.00207951
              1       0.380672       0.380672              0
              2       0.393832       0.387252     0.00465275
              3       0.388757       0.387754     0.00312873
              4       0.383676       0.386734     0.00250712
              5       0.377785       0.384944     0.00256628
              6       0.382994       0.384619     0.00215905
              7       0.390489       0.385458     0.00200686
              8       0.385418       0.385453     0.00175601
              9        0.38538       0.385445     0.00156091
             10       0.380862       0.384987     0.00147055
             11       0.355855       0.382338     0.00285716
             12       0.385503       0.382602     0.00263121
             13       0.399696       0.383917     0.00273771
             14       0.388064       0.384213     0.00255813
             15        0.37131       0.383353     0.00252808
             16       0.385765       0.383504     0.00237456
             17       0.380016       0.383299     0.00224373
             18       0.386708       0.383488     0.00212706
             19       0.373684       0.382972     0.00207675
             20       0.372604       0.382453     0.00203659
             21       0.390842       0.382853      0.0019784
             22       0.390628       0.383206     0.00191977
             23       0.394498       0.383697     0.00189804
             24       0.395692       0.384197     0.00188361
             25       0.393861       0.384584      0.0018475
             26       0.369687       0.384011     0.00186317
             27       0.394799        0.38441     0.00183651
             28       0.367712       0.383814     0.00186524
             29       0.391682       0.384085     0.00182054
             30       0.373977       0.383748     0.00179077
             31       0.394311       0.384089     0.00176512
             32       0.354567       0.383166     0.00193609
             33       0.396182       0.383561     0.00191717
             34       0.397421       0.383968     0.00190363
             35       0.408322       0.384664     0.00197231
             36       0.373873       0.384365     0.00194017
             37       0.400178       0.384792     0.00193423
             38       0.403557       0.385286     0.00194535
             39       0.379489       0.385137     0.00190114
             40       0.372849        0.38483     0.00187826
             41       0.387635       0.384898      0.0018337
             42       0.385772       0.384919     0.00179016
             43       0.388786       0.385009     0.00175078
             44       0.363385       0.384518     0.00177863
             45        0.38765       0.384587     0.00174047
             46       0.388541       0.384673     0.00170476
             47       0.394425       0.384881     0.00168106
             48       0.407587       0.385354      0.0017113
             49       0.394401       0.385538     0.00168631
             50        0.37784       0.385384      0.0016596
             51       0.386013       0.385397      0.0016271
             52       0.382521       0.385341     0.00159675
             53       0.381025        0.38526      0.0015687
             54        0.38449       0.385246     0.00153972
             55       0.378991       0.385132     0.00151591
             56       0.387704       0.385178     0.00148954
             57       0.392412       0.385305     0.00146881
             58       0.369926        0.38504     0.00146722
             59       0.380506       0.384963     0.00144436
             60        0.37804       0.384847     0.00142489
             61       0.391618       0.384958     0.00140585
             62       0.382916       0.384925     0.00138356
             63       0.396011       0.385101     0.00137274
             64       0.390923       0.385192      0.0013543
             65       0.388689       0.385246     0.00133453
             66       0.377418       0.385128     0.00131957
             67       0.377684       0.385016     0.00130455
             68       0.386632        0.38504     0.00128558
             69       0.387734       0.385079     0.00126754
             70       0.383378       0.385055     0.00124966
             71       0.392239       0.385156     0.00123615
             72       0.388129       0.385197     0.00121967
             73       0.386349       0.385213     0.00120307
             74       0.386552       0.385231     0.00118695
             75       0.388959       0.385281     0.00117216
             76       0.380555       0.385219     0.00115839
             77       0.379318       0.385142     0.00114587
             78       0.378361       0.385055     0.00113448
             79       0.398993       0.385232     0.00113375
             80       0.388545       0.385273     0.00112034
             81       0.378817       0.385193     0.00110934
             82       0.377572         0.3851     0.00109969
             83       0.371481       0.384936     0.00109862
             84        0.39481       0.385054     0.00109181
             85       0.384716        0.38505     0.00107897
             86       0.380106       0.384992     0.00106796
             87       0.394642       0.385103     0.00106143
             88       0.394094       0.385206     0.00105427
             89       0.383924       0.385191     0.00104252
             90       0.378967       0.385122     0.00103323
             91       0.380914       0.385076     0.00102291
             92       0.389422       0.385123     0.00101288
             93       0.400481       0.385288     0.00101536
             94       0.378197       0.385213     0.00100736
             95       0.384951        0.38521    0.000996761
             96       0.392153       0.385282    0.000988998
             97       0.385523       0.385285    0.000978805
             98       0.397107       0.385405    0.000976223
             99       0.395949       0.385512    0.000972155
            100       0.392879       0.385586    0.000965221
              1       0.336179       0.336179              0
              2       0.336545       0.336362    0.000129486
              3       0.337434        0.33672    0.000304287
              4       0.338757       0.337229    0.000496609
              5       0.341296       0.338042    0.000828955
              6       0.337148       0.337893    0.000704064
              7       0.330329       0.336813     0.00116838
              8       0.344746       0.337804     0.00138045
              9        0.33767       0.337789     0.00122715
             10       0.335361       0.337547     0.00112822
             11       0.319482       0.335904     0.00187183
             12       0.337367       0.336026     0.00171981
             13       0.336881       0.336092     0.00158877
             14       0.329865       0.335647     0.00153628
             15       0.337926       0.335799     0.00144135
             16       0.332511       0.335594     0.00136584
             17       0.340845       0.335903     0.00131997
             18        0.33714       0.335971     0.00124843
             19       0.329583       0.335635     0.00122716
             20       0.340754       0.335891     0.00119219
             21       0.342388         0.3362     0.00117487
             22       0.344511       0.336578     0.00118063
             23       0.348347        0.33709     0.00123521
             24       0.343787       0.337369     0.00121486
             25       0.332917       0.337191     0.00117924
             26       0.326259        0.33677     0.00120651
             27       0.342326       0.336976     0.00117924
             28       0.332278       0.336808       0.001149
             29       0.340735       0.336944     0.00111733
             30       0.333477       0.336828     0.00108605
             31       0.342754       0.337019      0.0010677
             32       0.326866       0.336702     0.00108046
             33       0.340453       0.336816     0.00105368
             34       0.334539       0.336749     0.00102482
             35       0.343864       0.336952      0.0010155
             36       0.332979       0.336842    0.000993267
             37       0.344604       0.337051     0.00098833
             38       0.344371       0.337244    0.000980911
             39       0.333816       0.337156     0.00095969
             40       0.328619       0.336943    0.000959136
             41       0.344029       0.337116    0.000951187
             42       0.337041       0.337114    0.000928541
             43        0.34331       0.337258    0.000918059
             44       0.332793       0.337156    0.000902786
             45       0.333808       0.337082    0.000885785
             46       0.333763        0.33701    0.000869463
             47       0.338097       0.337033    0.000851271
             48       0.342871       0.337155    0.000842181
             49       0.342221       0.337258    0.000831316
             50       0.334148       0.337196    0.000817012
             51       0.336796       0.337188     0.00080103
             52       0.334113       0.337129    0.000787805
             53       0.331533       0.337023    0.000779985
             54       0.333254       0.336953    0.000768657
             55       0.334756       0.336914    0.000755719
             56       0.336748       0.336911     0.00074223
             57        0.34058       0.336975    0.000731995
             58        0.33598       0.336958    0.000719576
             59       0.331783        0.33687    0.000712704
             60       0.337303       0.336877    0.000700862
             61       0.339225       0.336916    0.000690428
             62       0.332759       0.336849     0.00068254
             63       0.344466        0.33697    0.000682333
             64       0.335224       0.336942    0.000672216
             65        0.33917       0.336977    0.000662748
             66       0.328119       0.336842    0.000666157
             67       0.337379        0.33685    0.000656262
             68       0.339992       0.336897    0.000648236
             69       0.341477       0.336963    0.000642231
             70       0.329472       0.336856     0.00064191
             71       0.337892       0.336871    0.000633035
             72       0.344138       0.336972    0.000632238
             73       0.337056       0.336973    0.000623578
             74       0.327796       0.336849    0.000627362
             75       0.337288       0.336855    0.000619024
             76       0.329401       0.336756      0.0006186
             77       0.336856       0.336758    0.000610568
             78       0.337831       0.336772    0.000602895
             79        0.34486       0.336874    0.000603894
             80       0.334232       0.336841    0.000597248
             81       0.332622       0.336789    0.000592142
             82       0.341144       0.336842    0.000587297
             83       0.324744       0.336696    0.000598034
             84       0.341958       0.336759    0.000594186
             85       0.336466       0.336755    0.000587205
             86       0.330112       0.336678    0.000585437
             87       0.337594       0.336689    0.000578802
             88        0.33725       0.336695     0.00057226
             89       0.338559       0.336716    0.000566213
             90       0.331598       0.336659     0.00056277
             91       0.328045       0.336564     0.00056449
             92        0.34229       0.336627    0.000561774
             93       0.345196       0.336719     0.00056324
             94       0.329623       0.336643    0.000562285
             95       0.343866       0.336719    0.000561483
             96       0.335596       0.336708    0.000555756
             97       0.332127        0.33666    0.000552029
             98       0.334987       0.336643     0.00054666
             99       0.336254       0.336639    0.000541153
            100       0.335619       0.336629    0.000535838
              1       0.288407       0.288407              0
              2        0.28459       0.286499     0.00134941
              3       0.288553       0.287183      0.0010592
              4       0.290841       0.288098     0.00112162
              5       0.285354       0.287549      0.0010228
              6       0.287072       0.287469    0.000855408
              7       0.284986       0.287115    0.000803399
              8       0.287575       0.287172    0.000705031
              9       0.291571       0.287661    0.000777846
             10       0.284996       0.287394    0.000744305
             11        0.27767        0.28651     0.00108091
             12       0.290539       0.286846     0.00104166
             13       0.288605       0.286981    0.000970275
             14       0.286176       0.286924    0.000902674
             15       0.286352       0.286886    0.000843301
             16       0.287867       0.286947    0.000792824
             17       0.287636       0.286988    0.000747222
             18       0.287092       0.286993    0.000705732
             19       0.284843        0.28688    0.000677604
             20       0.289687       0.287021    0.000658098
             21       0.289834       0.287155    0.000640255
             22       0.288693       0.287224    0.000614962
             23       0.291047       0.287391    0.000610269
             24       0.289248       0.287468    0.000589726
             25       0.289925       0.287566    0.000574266
             26       0.285545       0.287489    0.000557414
             27       0.290371       0.287595    0.000546896
             28       0.289576       0.287666    0.000531919
             29         0.2886       0.287698    0.000514551
             30       0.285774       0.287634     0.00050138
             31       0.288909       0.287675    0.000486889
             32       0.289371       0.287728    0.000474547
             33       0.292044       0.287859    0.000477847
             34        0.28697       0.287833    0.000464507
             35       0.290308       0.287904    0.000456589
             36       0.288568       0.287922    0.000444279
             37       0.294444       0.288098    0.000465932
             38       0.289077       0.288124    0.000454382
             39       0.286402        0.28808    0.000444871
             40       0.283611       0.287968    0.000447555
             41       0.291345       0.288051    0.000444152
             42       0.290048       0.288098    0.000436115
             43       0.289602       0.288133    0.000427374
             44       0.289845       0.288172    0.000419429
             45       0.281893       0.288032    0.000432695
             46       0.288443       0.288041    0.000423381
             47       0.286621       0.288011    0.000415451
             48       0.290564       0.288064    0.000410184
             49       0.292005       0.288145     0.00040962
             50       0.281385        0.28801     0.00042315
             51       0.290736       0.288063    0.000418217
             52       0.287015       0.288043    0.000410659
             53       0.282477       0.287938    0.000416124
             54       0.282707       0.287841    0.000419542
             55       0.288197       0.287847    0.000411963
             56       0.285918       0.287813    0.000406045
             57       0.288415       0.287824    0.000399058
             58       0.289398       0.287851    0.000393101
             59       0.285269       0.287807    0.000388866
             60       0.286751       0.287789    0.000382782
             61          0.292       0.287858    0.000382679
             62       0.285013       0.287813     0.00037925
             63       0.291467       0.287871     0.00037764
             64       0.283861       0.287808      0.0003769
             65       0.287446       0.287802    0.000371143
             66       0.286883       0.287788    0.000365781
             67       0.284109       0.287733    0.000364421
             68       0.286882       0.287721    0.000359276
             69       0.289485       0.287746    0.000354978
             70       0.288837       0.287762    0.000350248
             71       0.291574       0.287816    0.000349405
             72        0.29123       0.287863    0.000347756
             73       0.288885       0.287877    0.000343274
             74       0.283335       0.287816    0.000344079
             75       0.289063       0.287832    0.000339893
             76       0.283273       0.287772    0.000340673
             77       0.288773       0.287785    0.000336497
             78       0.288545       0.287795    0.000332324
             79       0.289731        0.28782    0.000329019
             80       0.284511       0.287778    0.000327495
             81       0.288399       0.287786    0.000323542
             82       0.292028       0.287838    0.000323707
             83       0.281118       0.287757    0.000329774
             84       0.289579       0.287778    0.000326561
             85       0.288644       0.287789    0.000322878
             86       0.282167       0.287723    0.000325673
             87       0.291087       0.287762    0.000324216
             88       0.287928       0.287764    0.000320537
             89       0.289847       0.287787     0.00031779
             90        0.28528       0.287759    0.000315477
             91       0.280506        0.28768    0.000321923
             92       0.287414       0.287677    0.000318437
             93       0.285624       0.287655    0.000315777
             94       0.282257       0.287597    0.000317596
             95       0.287522       0.287596    0.000314254
             96       0.286712       0.287587    0.000311116
             97       0.286093       0.287572     0.00030829
             98       0.288844       0.287585    0.000305417
             99       0.290244       0.287612     0.00030351
            100       0.294477        0.28768    0.000308142
              1       0.247259       0.247259              0
              2       0.244826       0.246043    0.000860091
              3       0.243996        0.24536    0.000799354
              4       0.245087       0.245292    0.000602438
              5        0.24412       0.245058    0.000525605
              6       0.243738       0.244838    0.000481812
              7       0.242704       0.244533    0.000500192
              8       0.243916       0.244456    0.000443565
              9       0.244677        0.24448    0.000394963
             10       0.245659       0.244598    0.000372647
             11       0.240514       0.244227    0.000490023
             12        0.24569       0.244349    0.000464116
             13       0.245207       0.244415    0.000433088
             14       0.245164       0.244468    0.000405441
             15       0.244088       0.244443    0.000379205
             16       0.246464       0.244569    0.000375961
             17       0.247111       0.244719    0.000382425
             18       0.243597       0.244657    0.000366221
             19       0.242102       0.244522    0.000370816
             20       0.240845       0.244338    0.000395241
             21       0.244876       0.244364    0.000377247
             22       0.245266       0.244405    0.000362323
             23       0.244873       0.244425    0.000347142
             24       0.246528       0.244513     0.00034356
             25       0.245462       0.244551    0.000331909
             26       0.239693       0.244364    0.000367997
             27       0.245379       0.244402    0.000356282
             28       0.243244        0.24436    0.000345947
             29       0.246895       0.244448    0.000344884
             30       0.245058       0.244468    0.000333987
             31       0.246872       0.244546    0.000332094
             32       0.247323       0.244632    0.000332864
             33       0.247879       0.244731    0.000337002
             34       0.245185       0.244744    0.000327355
             35       0.246038       0.244781    0.000320082
             36       0.243429       0.244743    0.000313386
             37       0.245984       0.244777    0.000306705
             38       0.244848       0.244779    0.000298639
             39       0.243764       0.244753    0.000292113
             40       0.244818       0.244754    0.000284814
             41       0.247869        0.24483     0.00028782
             42       0.244834       0.244831    0.000280967
             43       0.244567       0.244824      0.0002745
             44        0.24475       0.244823    0.000268266
             45       0.242391       0.244769    0.000267692
             46       0.247024       0.244818    0.000266326
             47       0.242364       0.244766    0.000265726
             48       0.244647       0.244763    0.000260202
             49       0.246325       0.244795    0.000256836
             50       0.240811       0.244715    0.000263768
             51        0.24495        0.24472    0.000258637
             52       0.240809       0.244645    0.000264371
             53       0.243652       0.244626    0.000260045
             54       0.241849       0.244574    0.000260266
             55       0.246392       0.244608    0.000257623
             56       0.244347       0.244603    0.000253065
             57       0.246339       0.244633    0.000250452
             58       0.244946       0.244639    0.000246192
             59       0.245716       0.244657    0.000242696
             60        0.24469       0.244658    0.000238652
             61       0.244908       0.244662    0.000234775
             62       0.241821       0.244616    0.000235416
             63       0.247938       0.244669    0.000237512
             64       0.239835       0.244593    0.000245516
             65       0.246466       0.244622    0.000243424
             66        0.24243       0.244589    0.000241991
             67       0.242654        0.24456    0.000240095
             68       0.244309       0.244556    0.000236592
             69       0.244966       0.244562    0.000233238
             70       0.242583       0.244534    0.000231612
             71        0.24714        0.24457    0.000231241
             72       0.245296       0.244581    0.000228249
             73       0.245996         0.2446    0.000225945
             74       0.242128       0.244567    0.000225348
             75       0.246993       0.244599    0.000224654
             76       0.244865       0.244602    0.000221725
             77       0.248454       0.244652    0.000224416
             78       0.245493       0.244663    0.000221797
             79       0.244052       0.244655    0.000219125
             80       0.242802       0.244632    0.000217607
             81       0.246664       0.244657    0.000216361
             82        0.24769       0.244694     0.00021686
             83       0.240703       0.244646    0.000219515
             84       0.244735       0.244647    0.000216904
             85       0.244191       0.244642    0.000214419
             86       0.242545       0.244618    0.000213307
             87       0.244842        0.24462    0.000210871
             88       0.243532       0.244608    0.000208837
             89       0.243775       0.244598      0.0002067
             90       0.241808       0.244567    0.000206716
             91       0.242463       0.244544    0.000205734
             92       0.244239       0.244541    0.000203525
             93        0.24232       0.244517    0.000202733
             94       0.241291       0.244483    0.000203461
             95       0.245505       0.244494    0.000201603
             96       0.241588       0.244463    0.000201762
             97       0.242049       0.244438    0.000201211
             98       0.244631        0.24444    0.000199167
             99       0.244376        0.24444    0.000197157
            100       0.246091       0.244456    0.000195875
              1       0.210908       0.210908              0
              2       0.207493       0.209201     0.00120743
              3       0.208758       0.209053    0.000813927
              4       0.207333       0.208623    0.000715031
              5       0.208058        0.20851    0.000580874
              6       0.207341       0.208315    0.000515718
              7       0.206449       0.208049    0.000506265
              8        0.20679       0.207891      0.0004668
              9       0.209177       0.208034    0.000436246
             10       0.208363       0.208067    0.000393859
             11       0.207188       0.207987    0.000366064
             12       0.209759       0.208135     0.00036412
             13       0.208922       0.208195    0.000341107
             14       0.208603       0.208224    0.000317986
             15       0.208252       0.208226    0.000296792
             16       0.209338       0.208296    0.000286253
             17       0.210477       0.208424    0.000296792
             18       0.208809       0.208445    0.000281071
             19       0.205659       0.208299    0.000302116
             20       0.204666       0.208117    0.000337225
             21       0.209219        0.20817    0.000325223
             22       0.207415       0.208135    0.000312243
             23       0.209922       0.208213    0.000308174
             24       0.210164       0.208294    0.000305865
             25       0.210179        0.20837    0.000302783
             26       0.206291        0.20829    0.000301506
             27       0.208025        0.20828    0.000290498
             28        0.20735       0.208247    0.000282017
             29       0.208369       0.208251    0.000272324
             30       0.211138       0.208347    0.000279736
             31       0.208155       0.208341    0.000270781
             32        0.21048       0.208408    0.000270447
             33       0.210202       0.208462    0.000267658
             34       0.210865       0.208533     0.00026895
             35       0.211022       0.208604    0.000270508
             36       0.206351       0.208541    0.000270135
             37       0.212231       0.208641    0.000280637
             38         0.2082       0.208629    0.000273492
             39       0.207909       0.208611    0.000267103
             40        0.20744       0.208582    0.000262024
             41       0.210099       0.208619    0.000258234
             42       0.207723       0.208597    0.000252966
             43       0.209689       0.208623    0.000248353
             44       0.207903       0.208606    0.000243247
             45       0.206165       0.208552    0.000243818
             46       0.209113       0.208564    0.000238822
             47       0.206828       0.208527    0.000236583
             48        0.20766       0.208509    0.000232343
             49       0.211035       0.208561    0.000233249
             50       0.207958       0.208549    0.000228896
             51       0.208981       0.208557    0.000224564
             52        0.20656       0.208519    0.000223506
             53       0.206365       0.208478    0.000222954
             54       0.205659       0.208426    0.000224854
             55       0.208018       0.208419    0.000220888
             56       0.208139       0.208414       0.000217
             57       0.211685       0.208471    0.000220651
             58       0.207769       0.208459    0.000217178
             59        0.20674        0.20843    0.000215442
             60       0.209248       0.208443    0.000212282
             61       0.209721       0.208464    0.000209833
             62       0.207274       0.208445    0.000207325
             63       0.209339       0.208459    0.000204519
             64        0.20576       0.208417    0.000205626
             65       0.209552       0.208435    0.000203202
             66       0.207477        0.20842     0.00020064
             67       0.206565       0.208392    0.000199547
             68       0.208541       0.208395    0.000196625
             69        0.20881       0.208401    0.000193867
             70       0.208203       0.208398    0.000191118
             71       0.211266       0.208438    0.000192648
             72       0.209913       0.208459    0.000191059
             73       0.209472       0.208473    0.000188946
             74       0.207399       0.208458    0.000186948
             75        0.20969       0.208475    0.000185176
             76       0.208836       0.208479    0.000182801
             77       0.210107         0.2085    0.000181645
             78       0.207094       0.208482    0.000180209
             79       0.207579       0.208471     0.00017829
             80        0.20691       0.208451    0.000177126
             81       0.209164        0.20846    0.000175158
             82       0.211498       0.208497    0.000176895
             83       0.206971       0.208479    0.000175717
             84       0.207989       0.208473    0.000173722
             85       0.209878        0.20849    0.000172463
             86       0.207244       0.208475    0.000171065
             87       0.207763       0.208467    0.000169294
             88       0.209391       0.208477    0.000167696
             89       0.208692        0.20848    0.000165829
             90       0.205824        0.20845     0.00016659
             91       0.206806       0.208432    0.000165737
             92       0.207946       0.208427    0.000164019
             93       0.206094       0.208402    0.000164164
             94        0.20771       0.208395    0.000162582
             95       0.208941         0.2084    0.000160972
             96       0.206878       0.208384    0.000160074
             97       0.208779       0.208389    0.000158476
             98       0.207222       0.208377    0.000157305
             99       0.207951       0.208372    0.000155775
            100       0.209933       0.208388    0.000154996
              1       0.194695       0.194695              0
              2       0.192982       0.193839    0.000605698
              3       0.193227       0.193635    0.000436844
              4       0.192785       0.193422    0.000375742
              5       0.192399       0.193218    0.000351904
              6       0.192225       0.193052    0.000329837
              7       0.190248       0.192652    0.000466371
              8       0.191833       0.192549    0.000419149
              9       0.194118       0.192724    0.000407217
             10        0.19218       0.192669    0.000370107
             11       0.191671       0.192579    0.000347403
             12         0.1942       0.192714    0.000343715
             13       0.193519       0.192776    0.000322811
             14       0.192586       0.192762    0.000300037
             15       0.192929       0.192773     0.00028024
             16       0.193699       0.192831    0.000268627
             17       0.194265       0.192915    0.000265738
             18       0.193014       0.192921    0.000251032
             19       0.191152       0.192828    0.000254492
             20       0.190492       0.192711    0.000267222
             21       0.192893        0.19272    0.000254638
             22       0.192268       0.192699    0.000243892
             23       0.194144       0.192762    0.000241246
             24       0.193966       0.192812    0.000236355
             25       0.193116       0.192824    0.000227214
             26       0.190971       0.192753    0.000229386
             27       0.193727       0.192789    0.000223711
             28       0.192165       0.192767    0.000216831
             29       0.193189       0.192781    0.000209842
             30       0.195933       0.192886    0.000227624
             31       0.192899       0.192887    0.000220282
             32       0.194321       0.192932     0.00021791
             33       0.195047       0.192996    0.000220531
             34       0.195146       0.193059     0.00022293
             35       0.195216       0.193121    0.000224918
             36       0.191029       0.193063    0.000226048
             37        0.19539       0.193125    0.000228521
             38       0.192253       0.193103    0.000223658
             39       0.193589       0.193115     0.00021827
             40       0.192815       0.193107    0.000212942
             41         0.1944       0.193139    0.000210067
             42       0.192247       0.193118    0.000206137
             43        0.19378       0.193133    0.000201918
             44       0.192536        0.19312    0.000197786
             45       0.191689       0.193088     0.00019593
             46       0.194369       0.193116    0.000193639
             47        0.19252       0.193103    0.000189934
             48       0.191846       0.193077    0.000187773
             49       0.194383       0.193103    0.000185824
             50       0.193473       0.193111    0.000182254
             51       0.193162       0.193112    0.000178683
             52        0.19056       0.193063    0.000181863
             53       0.191716       0.193037    0.000180199
             54       0.190052       0.192982    0.000185149
             55       0.192541       0.192974    0.000181957
             56       0.193046       0.192975    0.000178712
             57       0.195661       0.193022    0.000181683
             58       0.192686       0.193017    0.000178643
             59       0.190277        0.19297    0.000181551
             60       0.192887       0.192969    0.000178531
             61       0.194384       0.192992    0.000177106
             62       0.191322       0.192965    0.000176285
             63       0.193779       0.192978     0.00017396
             64       0.191715       0.192958    0.000172358
             65       0.193329       0.192964    0.000169801
             66       0.192146       0.192952     0.00016768
             67       0.191889       0.192936    0.000165926
             68       0.193277       0.192941    0.000163561
             69       0.192913        0.19294    0.000161192
             70       0.192431       0.192933    0.000159053
             71       0.194617       0.192957    0.000158572
             72       0.193441       0.192963    0.000156512
             73       0.193224       0.192967    0.000154409
             74       0.191389       0.192946    0.000153787
             75       0.193114       0.192948    0.000151753
             76       0.192312        0.19294    0.000149987
             77       0.194152       0.192955    0.000148863
             78       0.191816       0.192941     0.00014767
             79       0.192263       0.192932     0.00014605
             80       0.192074       0.192921    0.000144617
             81       0.193225       0.192925     0.00014288
             82       0.195539       0.192957     0.00014465
             83        0.19071        0.19293    0.000145418
             84       0.193823       0.192941    0.000144075
             85       0.193198       0.192944    0.000142411
             86       0.191234       0.192924    0.000142136
             87       0.191955       0.192913    0.000140938
             88       0.194278       0.192928    0.000140187
             89       0.191608       0.192913    0.000139394
             90       0.190798        0.19289    0.000139813
             91       0.191856       0.192878    0.000138737
             92       0.192107        0.19287    0.000137483
             93       0.191025        0.19285    0.000137428
             94       0.191792       0.192839    0.000136427
             95       0.193129       0.192842    0.000135025
             96       0.191684        0.19283    0.000134156
             97       0.193111       0.192833    0.000132805
             98       0.192288       0.192827    0.000131566
             99       0.192374       0.192823    0.000130316
            100       0.194034       0.192835    0.000129575
