              1        71.3048        71.3048              0
              2        82.9118        77.1083        4.10371
              3         99.541        84.5859        6.69032
              4        73.1507        81.7271        5.59529
              5        98.5968         85.101        5.39847
              6        83.3006         84.801        4.50705
              7         94.317        86.1604        4.06304
              8         99.717         87.855        3.89253
              9        69.0707        85.7678        3.98044
             10        84.4576        85.6368        3.58455
             11        92.8629        86.2937        3.31833
             12         98.616        87.3206        3.19674
             13        91.5797        87.6482        2.96758
             14        74.5008        86.7091        2.90039
             15        99.5178         87.563        2.82994
             16        60.5563        85.8751        3.11605
             17        99.1685        86.6571        3.02928
             18        53.6984         84.826        3.36923
             19        89.7528        85.0853        3.20186
             20         86.829        85.1725        3.04296
             21        98.5072        85.8075        2.96357
             22        86.8339        85.8541        2.82923
             23         74.999        85.3822         2.7453
             24        98.3006        85.9205        2.68316
             25        89.2739        86.0546        2.57919
             26         96.629        86.4613        2.51185
             27        92.3469        86.6793        2.42826
             28        97.6238        87.0702        2.37279
             29         69.643        86.4692        2.36584
             30        94.9386        86.7515        2.30376
             31        96.5517        87.0677        2.25103
             32         98.837        87.4355        2.21053
             33        82.5826        87.2884        2.14843
             34        89.2938        87.3474        2.08605
             35        99.6862        87.6999        2.05602
             36        74.2658        87.3268        2.03249
             37        82.8358        87.2054        1.98118
             38        75.6214        86.9005        1.95236
             39        97.5797        87.1744         1.9214
             40        98.9202         87.468        1.89567
             41        98.8618        87.7459         1.8697
             42         99.764         88.032        1.84695
             43        99.6408         88.302        1.82362
             44        85.0643        88.2284        1.78366
             45         95.204        88.3834        1.75074
             46        84.9298        88.3084        1.71429
             47        94.6363         88.443         1.6831
             48        96.1309        88.6032        1.65563
             49        75.3894        88.3335        1.64366
             50        99.5307        88.5574        1.62597
             51        95.5456        88.6945        1.59985
             52        99.2403        88.8973        1.58189
             53        92.2912        88.9613        1.55334
             54        90.0366        88.9812         1.5247
             55         98.571        89.1556        1.50691
             56        99.5336        89.3409        1.49136
             57        97.9846        89.4925        1.47288
             58        83.5742        89.3905        1.45102
             59        82.8293        89.2793        1.43068
             60        93.6923        89.3529        1.40872
             61        93.6184        89.4228        1.38737
             62        95.4974        89.5208        1.36844
             63        96.5082        89.6317        1.35121
             64        92.4717         89.676        1.33083
             65        92.0774         89.713        1.31086
             66        89.4736        89.7094        1.29101
             67        96.0888        89.8046        1.27525
             68        83.1307        89.7064        1.26026
             69          43.18        89.0321         1.4109
             70        99.2432         89.178        1.39827
             71        95.8317        89.2717        1.38171
             72        99.5402        89.4143        1.36986
             73        92.4366        89.4557        1.35172
             74        95.9766        89.5439        1.33632
             75        90.6341        89.5584        1.31858
             76        98.1256        89.6711        1.30604
             77        99.5514        89.7994        1.29537
             78        98.7963        89.9148        1.28389
             79        89.2182         89.906        1.26767
             80        97.9666        90.0067        1.25582
             81        94.0845        90.0571        1.24132
             82        95.4221        90.1225        1.22791
             83        92.9026         90.156        1.21357
             84        93.4504        90.1952        1.19976
             85         92.623        90.2238        1.18598
             86        89.9189        90.2202         1.1722
             87        94.1664        90.2656         1.1596
             88        72.1928        90.0602        1.16447
             89        45.0174        89.5541        1.25656
             90          99.28        89.6622        1.24724
             91        93.7451         89.707        1.23434
             92        94.8846        89.7633         1.2222
             93        74.0712        89.5946        1.22065
             94        72.9797        89.4178         1.2204
             95         90.697        89.4313        1.20763
             96        86.4835        89.4006        1.19544
             97        98.0997        89.4903        1.18647
             98        72.6656        89.3186        1.18672
             99        96.6229        89.3924        1.17702
            100        81.9506         89.318         1.1676
              1        29.3438        29.3438              0
              2        30.3226        29.8332       0.346078
              3         45.092        34.9195        4.15932
              4        19.4258        31.0461         4.5808
              5        22.7309         29.383        3.95501
              6        16.8975        27.3021        3.80409
              7        23.1018        26.7021        3.30764
              8        30.3695        27.1605        2.92578
              9        35.6055        28.0988        2.74704
             10        36.5318        28.9421        2.59855
             11        39.9457        29.9424         2.5476
             12        45.1327        31.2083        2.63106
             13          30.18        31.1292        2.42986
             14        34.8039        31.3917        2.27043
             15        40.7302        32.0142        2.20277
             16        39.5658        32.4862        2.11506
             17        39.0803        32.8741         2.0259
             18        29.2334        32.6718        1.92342
             19        28.9559        32.4763         1.8321
             20        32.5355        32.4792         1.7405
             21        30.9381        32.4058        1.65916
             22        30.2766        32.3091        1.58657
             23         26.723        32.0662        1.53606
             24        38.3294        32.3271        1.49407
             25        46.0429        32.8758        1.53172
             26        35.1802        32.9644        1.47537
             27        19.4424        32.4636        1.50333
             28        11.7578        31.7241        1.62135
             29        27.5657        31.5807        1.57177
             30        42.1385        31.9326        1.55828
             31        50.1175        32.5192        1.61465
             32        36.1134        32.6316         1.5681
             33        29.1768        32.5269        1.52407
             34        21.5323        32.2035        1.51316
             35        48.1721        32.6597        1.53717
             36        27.3673        32.5127        1.50149
             37        23.7176         32.275         1.4796
             38        27.6642        32.1537        1.44563
             39        34.2062        32.2063        1.40952
             40        41.4438        32.4373        1.39307
             41        46.1834        32.7725        1.39886
             42         42.771        33.0106        1.38566
             43        52.6369         33.467        1.42663
             44        30.5689        33.4011        1.39573
             45        40.6515        33.5623        1.37398
             46        33.2811        33.5562        1.34412
             47        28.2665        33.4436        1.32023
             48        40.3734         33.588        1.30059
             49        25.7494         33.428        1.28385
             50        43.7032        33.6335        1.27451
             51        27.3153        33.5096        1.25553
             52        41.9297        33.6716        1.24178
             53         39.892        33.7889        1.22389
             54        21.3032        33.5577        1.22287
             55        61.5479        34.0666        1.30223
             56        18.3551        33.7861        1.30885
             57        22.5145        33.5883        1.30074
             58        19.0253        33.3372        1.30232
             59         25.723        33.2082        1.28663
             60        38.5827        33.2977         1.2683
             61        19.0969        33.0649        1.26869
             62        41.8382        33.2064         1.2561
             63        48.9942         33.457        1.26091
             64        37.9531        33.5273        1.24316
             65        50.5095        33.7886        1.25119
             66        10.6763        33.4384         1.2803
             67        31.6413        33.4115        1.26147
             68        21.5834        33.2376        1.25486
             69        17.2587         33.006        1.25786
             70        41.0714        33.1212        1.24515
             71        36.0854         33.163        1.22832
             72         43.311        33.3039        1.21932
             73        36.8154         33.352        1.20356
             74        38.2502        33.4182        1.18912
             75        26.4459        33.3253        1.17689
             76        31.3599        33.2994        1.16169
             77        28.8214        33.2413        1.14806
             78        23.4725         33.116        1.14015
             79        43.0016        33.2411        1.13256
             80        24.1343        33.1273        1.12411
             81         43.893        33.2602        1.11806
             82        34.0594          33.27        1.10447
             83        33.3858        33.2714        1.09116
             84        36.9506        33.3152        1.07905
             85        31.6015         33.295        1.06655
             86        38.1325        33.3513        1.05563
             87        16.9974        33.1633         1.0601
             88         12.792        32.9318        1.07303
             89        29.8985        32.8977        1.06151
             90         40.991        32.9876        1.05352
             91        29.3775         32.948        1.04269
             92        40.4037         33.029         1.0345
             93        34.0514          33.04        1.02344
             94        17.0234        32.8696        1.02663
             95        29.7529        32.8368        1.01635
             96         27.417        32.7803        1.00733
             97        25.9183        32.7096       0.999427
             98        26.1035        32.6422         0.9915
             99        55.8833        32.8769        1.00889
            100        18.0627        32.7288        1.00962
              1        13.8796        13.8796              0
              2        13.6189        13.7493      0.0921753
              3        10.7605         12.753       0.815754
              4        11.9594        12.5546       0.635488
              5        12.7728        12.5983       0.509886
              6        11.3895        12.3968       0.462996
              7        11.0874        12.2097       0.432996
              8        9.72044        11.8986       0.477768
              9        9.85689        11.6717         0.4755
             10        9.82613        11.4872       0.462382
             11        13.7079        11.6891       0.462325
             12        14.6406         11.935       0.484832
             13        10.9227        11.8571       0.453748
             14        12.3267        11.8907       0.422575
             15        13.2573        11.9818       0.404106
             16        8.82382        11.7844       0.424321
             17        15.4642        12.0009       0.451205
             18        7.16347        11.7321       0.499805
             19         11.885        11.7402       0.473564
             20        13.8265        11.8445       0.461232
             21        11.5183         11.829        0.43953
             22        12.0069         11.837       0.419626
             23        11.7483        11.8332       0.401399
             24        8.82018        11.7076        0.40383
             25        13.8511        11.7934       0.396674
             26         13.516        11.8596       0.386911
             27        10.0691        11.7933       0.378221
             28         11.239        11.7735       0.365231
             29        8.83129        11.6721       0.366458
             30        16.3422        11.8277       0.385893
             31        13.7614        11.8901       0.378453
             32        11.4334        11.8758       0.366895
             33        8.21298        11.7648       0.372189
             34        8.05031        11.6556       0.376936
             35        11.4883        11.6508       0.366196
             36        11.3575        11.6427       0.356115
             37        12.7868        11.6736        0.34783
             38        7.28667        11.5581       0.357322
             39        12.4687        11.5815       0.348921
             40        15.3604         11.676       0.352756
             41        16.6052        11.7962       0.364063
             42        14.5043        11.8607        0.36106
             43        12.6516        11.8791       0.353131
             44         12.464        11.8924       0.345355
             45        12.1255        11.8975        0.33772
             46        11.7293        11.8939       0.330398
             47        14.2777        11.9446       0.327238
             48        8.31396         11.869       0.329046
             49        12.4865        11.8816       0.322572
             50        19.2249        12.0284       0.347952
             51        11.2779        12.0137        0.34144
             52        10.6376        11.9872       0.335898
             53         9.6392        11.9429       0.332469
             54        10.6211        11.9185       0.327212
             55        15.7794        11.9887       0.328707
             56        8.36356        11.9239        0.32915
             57        12.2689          11.93       0.323431
             58          8.436        11.8697       0.323416
             59         8.8136        11.8179       0.322056
             60        13.1192        11.8396       0.317417
             61        12.1684         11.845        0.31226
             62        13.9142        11.8784       0.309002
             63        12.7667        11.8925       0.304418
             64        13.4833        11.9173       0.300675
             65        11.0904        11.9046       0.296318
             66        7.45804        11.8373       0.299389
             67        9.09422        11.7963       0.297707
             68        10.7617        11.7811       0.293718
             69        12.6917        11.7943       0.289757
             70        16.1493        11.8565       0.292221
             71        6.86818        11.7863       0.296431
             72        13.8788        11.8153       0.293735
             73        12.6396        11.8266       0.289928
             74        11.7868        11.8261       0.286011
             75        8.59724         11.783       0.285419
             76        10.9914        11.7726       0.281853
             77        15.0605        11.8153       0.281409
             78          7.084        11.7546       0.284263
             79         8.5872        11.7146       0.283478
             80        12.5896        11.7255       0.280146
             81        10.4979        11.7103       0.277097
             82        11.5611        11.7085       0.273724
             83        10.8319         11.698        0.27063
             84        12.0155        11.7017       0.267434
             85        15.1115        11.7418       0.267279
             86        12.3476        11.7489       0.264264
             87        13.5336        11.7694       0.262022
             88        9.47911        11.7434       0.260334
             89        12.3775        11.7505       0.257506
             90        16.7431         11.806       0.260552
             91        8.84871        11.7735       0.259707
             92        11.3116        11.7685       0.256933
             93        12.1313        11.7724         0.2542
             94        9.20578        11.7451       0.252958
             95        9.02249        11.7164       0.251913
             96        13.0069        11.7298       0.249647
             97        7.71333        11.6884       0.250484
             98        7.46133        11.6453       0.251615
             99        9.23547         11.621       0.250248
            100        10.3932        11.6087       0.248046
              1        5.69164        5.69164              0
              2        5.11011        5.40087       0.205601
              3        6.28051        5.69408       0.275868
              4        7.50327        6.14638       0.442987
              5        7.68291        6.45369       0.448488
              6        5.57084        6.30655       0.397144
              7        6.73513        6.36777       0.345097
              8        7.05011        6.45306       0.312322
              9        6.20087        6.42504       0.278874
             10        6.90945        6.47348       0.255159
             11        8.58793        6.66571        0.29563
             12        4.22931        6.46267       0.333504
             13        5.64015         6.3994       0.313794
             14        4.52625        6.26561        0.31863
             15        5.66015        6.22524       0.299934
             16        5.73425        6.19455       0.282754
             17        7.49542        6.27108       0.276282
             18        5.58429        6.23292       0.263554
             19        4.85244        6.16026       0.259505
             20        9.07447        6.30597       0.284511
             21        4.74545        6.23166         0.2805
             22        6.26793        6.23331       0.267755
             23        6.45295        6.24286       0.256283
             24         6.0592        6.23521       0.245719
             25        5.51411        6.20637       0.237577
             26        6.98953        6.23649       0.230341
             27        4.22255         6.1619       0.233575
             28        7.14538        6.19702       0.227859
             29        7.76764        6.25118       0.226347
             30        8.67171        6.33186       0.232738
             31        6.60313        6.34061       0.225395
             32        7.66065        6.38187       0.222094
             33        5.17425        6.34527       0.218358
             34        4.15055        6.28072       0.221272
             35        6.18815        6.27808       0.214965
             36        7.15615        6.30247       0.210373
             37        6.55171         6.3092       0.204795
             38        6.14502        6.30488       0.199452
             39        6.48924        6.30961       0.194393
             40        8.09731         6.3543       0.194603
             41        5.63382        6.33673       0.190649
             42         7.3768        6.36149       0.187711
             43        6.57033        6.36635       0.183408
             44         8.8768         6.4234       0.187905
             45        5.44836        6.40174       0.184974
             46        5.53505         6.3829        0.18191
             47        6.79425        6.39165        0.17825
             48        4.36313        6.34939       0.179477
             49        4.52131        6.31208       0.179649
             50        7.40909        6.33402       0.177391
             51        6.99251        6.34693       0.174382
             52        5.98953        6.34006       0.171164
             53        6.78429        6.34844        0.16814
             54           7.44        6.36865       0.166237
             55        8.80247        6.41291       0.169001
             56        6.51251        6.41468       0.165993
             57         5.1232        6.39203        0.16462
             58        6.57484        6.39518       0.161812
             59        5.62924         6.3822       0.159589
             60        6.14116        6.37818        0.15698
             61        5.92313        6.37072       0.154583
             62        6.59389        6.37432       0.152132
             63        4.69673        6.34769        0.15203
             64        6.15011         6.3446       0.149686
             65        6.51513        6.34723       0.147406
             66        5.01665        6.32707       0.146545
             67        7.30771         6.3417       0.145086
             68        5.47942        6.32902       0.143506
             69        5.47585        6.31666       0.141958
             70        5.80138         6.3093        0.14012
             71        3.50815        6.26984       0.143594
             72        5.26385        6.25587       0.142278
             73        6.64902        6.26126        0.14043
             74        5.62356        6.25264       0.138797
             75        5.56625        6.24349       0.137248
             76        5.49309        6.23361       0.135796
             77        6.45978        6.23655       0.134065
             78        4.99935        6.22069       0.133281
             79        4.88815        6.20382       0.132657
             80        5.65185        6.19692       0.131178
             81        7.18065        6.20907       0.130119
             82        4.99251        6.19423       0.129376
             83        5.67702          6.188       0.127967
             84        4.88371        6.17247       0.127382
             85         5.8928        6.16918       0.125926
             86        8.65855        6.19813       0.127745
             87        5.77135        6.19322       0.126371
             88        3.98684        6.16815       0.127398
             89        6.60276        6.17303        0.12606
             90        8.21229        6.19569       0.126679
             91        4.86909        6.18111       0.126123
             92        6.82262        6.18809       0.124945
             93        5.19811        6.17744       0.124054
             94        5.94975        6.17502       0.122758
             95        4.99425        6.16259       0.122093
             96         5.8088        6.15891       0.120877
             97        6.97476        6.16732       0.119923
             98        5.83993        6.16398       0.118746
             99        4.33018        6.14545       0.118983
            100        5.16742        6.13567       0.118194
              1        3.35914        3.35914              0
              2        3.92185        3.64049       0.198947
              3        3.10326        3.46142       0.197409
              4        3.95298        3.58431       0.182339
              5        3.56418        3.58028       0.145916
              6        3.78172        3.61386       0.125399
              7         4.0512        3.67633       0.122061
              8        3.19243        3.61585       0.120865
              9        3.90825        3.64834       0.111717
             10        3.85495          3.669       0.102438
             11        4.07631        3.70603      0.0995933
             12        3.33551        3.67515      0.0959608
             13        2.88117        3.61407       0.106252
             14        3.15003        3.58093       0.103704
             15        4.47194        3.64033       0.112524
             16        3.58978        3.63717       0.105535
             17        3.97582        3.65709        0.10119
             18        4.25895        3.69053       0.100942
             19        4.04468        3.70917      0.0973347
             20         3.7176        3.70959      0.0924689
             21        3.35403        3.69266      0.0896022
             22        3.91182        3.70262      0.0860814
             23        3.64898        3.70029      0.0823703
             24        4.09471        3.71672       0.080561
             25        3.74203        3.71773      0.0773449
             26          4.984        3.76644      0.0883834
             27        2.65385        3.72523      0.0942275
             28         4.4984        3.75284       0.094822
             29        3.86166        3.75659      0.0916265
             30        4.18283         3.7708      0.0896671
             31        3.32357        3.75638      0.0879275
             32         3.9736        3.76316      0.0854414
             33         3.6872        3.76086      0.0828833
             34        4.11206        3.77119      0.0810867
             35        4.23305        3.78439      0.0798364
             36        4.11982         3.7937      0.0781605
             37        4.10702        3.80217      0.0765054
             38        3.47729        3.79362      0.0749683
             39        3.31305         3.7813      0.0740518
             40        4.51655        3.79968      0.0744469
             41        3.40948        3.79016      0.0732369
             42        3.80695        3.79056      0.0714943
             43          3.932        3.79385      0.0699073
             44        4.20283        3.80315      0.0689336
             45        3.43169        3.79489      0.0678942
             46        3.82505        3.79555      0.0664214
             47        4.02357         3.8004      0.0651851
             48        2.86394        3.78089      0.0666828
             49        3.56222        3.77643      0.0654711
             50         3.8464        3.77783      0.0641766
             51        4.35077        3.78906       0.063894
             52        3.46511        3.78283      0.0629682
             53        3.16406        3.77116      0.0628531
             54        3.25822        3.76166      0.0624028
             55         4.3552        3.77245      0.0621944
             56        3.71545        3.77143      0.0610921
             57        3.38745         3.7647      0.0603906
             58        4.17895        3.77184      0.0597702
             59        3.98166        3.77539      0.0588629
             60        3.04468        3.76322      0.0591283
             61        3.76825         3.7633       0.058159
             62        3.93908        3.76613        0.05729
             63        3.00517        3.75405      0.0576399
             64        3.53594        3.75065        0.05684
             65        3.75268        3.75068      0.0559655
             66        4.32738        3.75942      0.0557955
             67        3.55686        3.75639      0.0550446
             68        3.76929        3.75658      0.0542354
             69        3.46172        3.75231      0.0536175
             70        4.35274        3.76089      0.0535333
             71        3.41286        3.75598      0.0530032
             72        3.16812        3.74782      0.0528922
             73        3.68443        3.74695      0.0521747
             74          3.504        3.74367      0.0515729
             75        4.05551        3.74783      0.0510526
             76         4.7472        3.76098      0.0520468
             77        3.36985         3.7559      0.0516181
             78        3.24431        3.74934      0.0513713
             79        3.51046        3.74631        0.05081
             80        3.72425        3.74604      0.0501756
             81        4.40443        3.75417      0.0502102
             82         3.9088        3.75605      0.0496333
             83        4.48117        3.76479      0.0497983
             84        2.84634        3.75385      0.0503915
             85        3.23151        3.74771      0.0501719
             86        3.89323         3.7494      0.0496171
             87        4.26628        3.75534      0.0494012
             88        2.78738        3.74434      0.0500494
             89          3.844        3.74546      0.0494996
             90        4.22695        3.75081      0.0492378
             91        3.75877         3.7509      0.0486968
             92        3.57594          3.749      0.0482046
             93        3.90843        3.75071      0.0477168
             94        4.02105        3.75359      0.0472957
             95        3.85126        3.75462      0.0468091
             96        3.73194        3.75438      0.0463221
             97        4.15705        3.75853      0.0460301
             98        3.97612        3.76075       0.045614
             99         3.0528         3.7536      0.0457103
            100        3.62166        3.75228      0.0452723
              1        2.31179        2.31179              0
              2        2.76917        2.54048       0.161711
              3        2.57003        2.55033       0.108107
              4        2.50091        2.53797      0.0817829
              5        2.73717        2.57781      0.0745009
              6        2.66011        2.59153       0.063334
              7        2.66843        2.60251      0.0552308
              8        2.54885        2.59581      0.0487326
              9        2.44725         2.5793      0.0460284
             10        2.40987        2.56236      0.0444347
             11        3.07035        2.60854      0.0597542
             12        2.81728        2.62593      0.0572507
             13        2.08368        2.58422      0.0663236
             14        2.05888         2.5467      0.0714168
             15        3.23957        2.59289      0.0802148
             16        2.06485        2.55989      0.0817088
             17        2.89349        2.57951      0.0792239
             18         2.3832         2.5686      0.0755695
             19        2.48965        2.56445      0.0717063
             20        2.40011        2.55623      0.0685902
             21        2.90453        2.57282      0.0672994
             22        2.30048        2.56044      0.0653689
             23        2.22309        2.54577      0.0641512
             24        2.90256        2.56064      0.0631773
             25        2.38971         2.5538       0.061019
             26        2.77744         2.5624      0.0592753
             27        2.37819        2.55558      0.0574712
             28        2.88005        2.56717       0.056575
             29        2.55867        2.56687      0.0546249
             30        2.88245        2.57739      0.0538074
             31        2.43424        2.57278      0.0522694
             32        2.51616        2.57101      0.0506659
             33        2.65093        2.57343      0.0491885
             34         2.5008        2.57129      0.0477881
             35        3.20512         2.5894      0.0497358
             36        2.57419        2.58898       0.048356
             37        2.78475        2.59427      0.0473377
             38        2.21643        2.58433      0.0471247
             39        2.18752        2.57415      0.0470019
             40        2.80741        2.57998      0.0461872
             41        2.46037        2.57707      0.0451527
             42        2.60032        2.57762       0.044081
             43        2.62149        2.57864      0.0430677
             44           2.64        2.58004      0.0421115
             45        2.39253        2.57587      0.0413813
             46        2.48048        2.57379      0.0405336
             47        2.65365        2.57549      0.0397068
             48        2.26267        2.56898      0.0394108
             49        2.57424        2.56908      0.0386066
             50        2.77883        2.57328      0.0380617
             51         2.7352        2.57645      0.0374476
             52        2.28437        2.57084      0.0371463
             53        2.15168        2.56293      0.0372778
             54        2.33216        2.55865      0.0368316
             55        2.68635        2.56098      0.0362351
             56        2.71936         2.5638      0.0356982
             57        2.46597        2.56209      0.0351132
             58        2.51573        2.56129      0.0345169
             59        2.51803        2.56056      0.0339396
             60        2.25952        2.55554      0.0337428
             61        2.59824        2.55624      0.0331969
             62        2.94267        2.56247      0.0332414
             63        2.19397        2.55662      0.0332244
             64        2.37269        2.55375      0.0328293
             65        2.60656        2.55456      0.0323343
             66         2.3864        2.55201      0.0319446
             67          2.736        2.55476      0.0315856
             68        2.57707        2.55509      0.0311228
             69        2.52331        2.55463      0.0306752
             70        2.56469        2.55477      0.0302373
             71        2.14437        2.54899      0.0303589
             72        2.19509        2.54407      0.0303325
             73        2.39536        2.54204      0.0299853
             74        2.10357        2.53611      0.0301599
             75        2.71675        2.53852      0.0298538
             76        2.94352        2.54385      0.0299328
             77        2.71611        2.54609      0.0296275
             78        2.11819         2.5406      0.0297512
             79        2.87669        2.54486      0.0296773
             80        3.03445        2.55098      0.0299307
             81        3.02565        2.55684      0.0301294
             82        2.86811        2.56063      0.0300001
             83        2.71648        2.56251      0.0296974
             84        2.04544        2.55635       0.029975
             85        2.69915        2.55803      0.0296694
             86        2.75376        2.56031      0.0294116
             87        2.60731        2.56085      0.0290785
             88        1.87589        2.55307      0.0297715
             89        2.92896        2.55729      0.0297351
             90          2.568        2.55741       0.029405
             91        2.91712        2.56136      0.0293463
             92        2.55051        2.56124      0.0290276
             93        2.75099        2.56328      0.0287871
             94        3.00315        2.56796      0.0288586
             95        2.83472        2.57077      0.0286911
             96        3.03691        2.57563      0.0288002
             97        2.71957        2.57711      0.0285415
             98        2.64907        2.57784      0.0282597
             99        1.95328        2.57154      0.0286698
            100        2.12875        2.56711       0.028723
              1        1.86372        1.86372              0
              2        2.08635        1.97504      0.0787135
              3        1.95845        1.96951      0.0526695
              4        1.96038        1.96722      0.0395515
              5        2.21704        2.01719      0.0547554
              6        1.78438        1.97838      0.0577641
              7        1.86974        1.96286       0.051555
              8        1.74494        1.93562      0.0518097
              9        1.82701        1.92356      0.0474378
             10        1.56706        1.88791      0.0544664
             11        2.26165        1.92188      0.0591708
             12        2.32339        1.95534      0.0629934
             13        1.45054        1.91651      0.0690869
             14        1.84179        1.91117       0.064358
             15        2.30485        1.93742      0.0651995
             16        1.58419        1.91534      0.0647544
             17        2.25365        1.93524      0.0639301
             18        1.68598        1.92139      0.0618601
             19        1.93981        1.92236      0.0586119
             20        2.01162        1.92683       0.055851
             21        2.00889        1.93073      0.0533279
             22        1.63929        1.91749      0.0525236
             23        1.63624        1.90526      0.0516438
             24        1.92207        1.90596      0.0494967
             25        1.78814        1.90125      0.0477407
             26        2.13835        1.91037      0.0467674
             27        1.69054        1.90222      0.0457385
             28        2.22089        1.91361      0.0454989
             29        1.83398        1.91086      0.0440127
             30        2.14814        1.91877      0.0432505
             31        1.95925        1.92007       0.041875
             32        2.06296        1.92454      0.0408038
             33         2.0848         1.9294      0.0398553
             34        1.82711        1.92639      0.0387965
             35        2.20301        1.93429      0.0384846
             36        1.74433        1.92901      0.0377756
             37        2.10715        1.93383      0.0370602
             38        1.77727        1.92971      0.0363132
             39        1.96781        1.93069      0.0353952
             40        2.10772        1.93511       0.034786
             41        1.94593        1.93538      0.0339385
             42        2.08546        1.93895      0.0333181
             43         2.1712        1.94435      0.0329781
             44        1.81638        1.94144      0.0323566
             45        1.86711        1.93979      0.0316797
             46        1.80786        1.93692      0.0311206
             47        1.99816        1.93822      0.0304857
             48        1.90678        1.93757      0.0298576
             49        1.89962         1.9368      0.0292583
             50        2.35666        1.94519      0.0298539
             51        2.29026        1.95196      0.0300254
             52        1.94104        1.95175      0.0294488
             53        1.38038        1.94097      0.0308033
             54        1.78452        1.93807      0.0303688
             55        1.98795        1.93898      0.0298302
             56        2.05054        1.94097      0.0293639
             57        1.75892        1.93778      0.0290219
             58        1.93304        1.93769      0.0285217
             59        1.80899        1.93551      0.0281216
             60        1.80282         1.9333      0.0277397
             61        1.96696        1.93385      0.0272904
             62        2.26047        1.93912       0.027354
             63        1.61398        1.93396      0.0274024
             64        1.86169        1.93283      0.0269975
             65        2.02155         1.9342      0.0266166
             66        2.06795        1.93622      0.0262903
             67        1.87412         1.9353      0.0259143
             68        1.94409        1.93542      0.0255335
             69        2.01661         1.9366      0.0251906
             70        2.07995        1.93865      0.0249138
             71        1.65699        1.93468      0.0248767
             72        1.82339        1.93314      0.0245792
             73        1.75384        1.93068      0.0243649
             74        1.69529         1.9275      0.0242424
             75        1.94904        1.92779      0.0239209
             76        2.04282         1.9293       0.023654
             77        1.82099        1.92789      0.0233886
             78           1.66        1.92446      0.0233395
             79        2.05289        1.92608      0.0231006
             80        2.28391        1.93056      0.0232409
             81        2.09981        1.93265      0.0230477
             82        1.86866        1.93187      0.0227798
             83        2.01365        1.93285      0.0225267
             84        1.79642        1.93123       0.022317
             85        1.97007        1.93168      0.0220591
             86        2.05393        1.93311      0.0218483
             87        1.74744        1.93097      0.0217012
             88        1.57769        1.92696      0.0218227
             89        1.98729        1.92764      0.0215881
             90        1.80621        1.92629      0.0213903
             91        1.95656        1.92662      0.0211579
             92        1.88984        1.92622      0.0209317
             93        2.15101        1.92864      0.0208457
             94        2.28169        1.93239      0.0209595
             95        2.23732         1.9356      0.0209833
             96        2.19831        1.93834      0.0209424
             97        2.18104        1.94084      0.0208754
             98        1.90315        1.94046      0.0206659
             99        1.78235        1.93886      0.0205188
            100        1.58452        1.93532      0.0206173
              1        1.41331        1.41331              0
              2        1.68063        1.54697      0.0945141
              3        1.61335        1.56909      0.0655482
              4        1.48893        1.54905      0.0521353
              5        1.70253        1.57975       0.049933
              6        1.45558        1.55905      0.0456985
              7        1.57933        1.56195      0.0392619
              8        1.40893        1.54282      0.0387343
              9        1.39549        1.52645      0.0377313
             10        1.32417        1.50622      0.0390054
             11        1.70025        1.52386      0.0392457
             12        1.74985        1.54269      0.0402408
             13        1.17646        1.51452      0.0459606
             14        1.42552        1.50817      0.0431151
             15        1.75326        1.52451      0.0432263
             16        1.34728        1.51343      0.0419197
             17        1.61149         1.5192      0.0398488
             18        1.40236        1.51271        0.03816
             19        1.62269         1.5185       0.036588
             20        1.59579        1.52236      0.0349621
             21        1.68998        1.53034      0.0341963
             22         1.2896         1.5194      0.0343481
             23        1.43642        1.51579      0.0330437
             24        1.54215        1.51689      0.0316851
             25        1.40324        1.51234      0.0307421
             26        1.58232        1.51503      0.0296772
             27        1.47225        1.51345      0.0286204
             28        1.84792         1.5254      0.0299875
             29        1.42796        1.52204      0.0291411
             30        1.71002         1.5283      0.0288356
             31        1.66076        1.53257      0.0282202
             32          1.464        1.53043      0.0274195
             33        1.61541        1.53301      0.0267093
             34        1.32758        1.52696      0.0265983
             35        1.46316        1.52514      0.0259008
             36        1.55234         1.5259      0.0251923
             37        1.46598        1.52428      0.0245635
             38         1.3936        1.52084      0.0241566
             39        1.48648        1.51996      0.0235532
             40        1.67676        1.52388      0.0232883
             41        1.63996        1.52671      0.0228918
             42        1.62505        1.52905      0.0224662
             43        1.61562        1.53106      0.0220337
             44        1.44581        1.52913       0.021618
             45        1.49149        1.52829      0.0211537
             46        1.43844        1.52634      0.0207839
             47        1.52535        1.52632      0.0203417
             48        1.53242        1.52644      0.0199183
             49        1.52741        1.52646      0.0195118
             50        1.66093        1.52915       0.019306
             51        1.83629        1.53517      0.0198445
             52        1.67124        1.53779      0.0196347
             53        1.27823        1.53289      0.0198656
             54        1.57011        1.53358      0.0195097
             55        1.56678        1.53419      0.0191643
             56        1.59815        1.53533      0.0188561
             57        1.34804        1.53204      0.0188093
             58        1.52076        1.53185       0.018486
             59        1.50497        1.53139      0.0181783
             60        1.34493        1.52828      0.0181391
             61        1.54943        1.52863       0.017845
             62         1.6264        1.53021      0.0176267
             63        1.20712        1.52508      0.0180776
             64        1.52509        1.52508      0.0177951
             65        1.45032        1.52393      0.0175585
             66        1.50931        1.52371      0.0172939
             67        1.53583        1.52389      0.0170367
             68        1.48745        1.52335      0.0167946
             69        1.66505        1.52541      0.0166763
             70        1.65086         1.5272      0.0165341
             71        1.18834        1.52243      0.0169761
             72        1.28097        1.51907      0.0170683
             73        1.52168        1.51911      0.0168345
             74        1.32282        1.51646      0.0168147
             75        1.57158        1.51719      0.0166066
             76        1.65916        1.51906      0.0164928
             77        1.42686        1.51786       0.016322
             78        1.33579        1.51553      0.0162788
             79        1.53954        1.51583      0.0160756
             80        1.65204        1.51753      0.0159646
             81        1.39457        1.51602      0.0158395
             82        1.49507        1.51576      0.0156484
             83        1.48455        1.51538      0.0154644
             84        1.32046        1.51306      0.0154534
             85        1.47958        1.51267      0.0152766
             86        1.58859        1.51355      0.0151244
             87        1.31583        1.51128      0.0151204
             88        1.15781        1.50726      0.0154729
             89        1.38312        1.50587      0.0153618
             90        1.60762          1.507      0.0152326
             91        1.63747        1.50843      0.0151326
             92        1.44611        1.50776      0.0149832
             93        1.65566        1.50935      0.0149063
             94        1.63343        1.51067      0.0148061
             95        1.56387        1.51123      0.0146608
             96        1.59714        1.51212      0.0145354
             97        1.52156        1.51222      0.0143858
             98        1.38556        1.51093       0.014297
             99        1.46476        1.51046      0.0141602
            100        1.35954        1.50895      0.0140988
              1        1.26932        1.26932              0
              2         1.4978        1.38356      0.0807799
              3        1.47452        1.41388      0.0592709
              4        1.20412        1.36144      0.0635496
              5         1.5792        1.40499      0.0640476
              6          1.232        1.37616      0.0595098
              7        1.43068        1.38395      0.0515155
              8        1.34376        1.37892      0.0453204
              9        1.28856        1.36888      0.0413821
             10        1.28392        1.36039      0.0381061
             11        1.52704        1.37554       0.037533
             12         1.4956        1.38554      0.0357139
             13        1.14808        1.36728       0.037347
             14        1.28204        1.36119      0.0351721
             15         1.5476        1.37362      0.0349539
             16          1.269        1.36708      0.0333752
             17        1.40748        1.36945      0.0314965
             18        1.35104        1.36843      0.0297633
             19         1.4472        1.37258      0.0284841
             20         1.3672        1.37231      0.0270611
             21        1.55732        1.38112      0.0271688
             22        1.20156        1.37296      0.0271321
             23        1.25056        1.36763      0.0264692
             24        1.32484        1.36585      0.0254263
             25        1.28924        1.36279      0.0245932
             26         1.3988        1.36417      0.0236863
             27        1.18032        1.35736      0.0237676
             28        1.66512        1.36835      0.0253331
             29        1.27696         1.3652      0.0246548
             30        1.48012        1.36903      0.0241287
             31        1.47584        1.37248      0.0235951
             32          1.237        1.36825      0.0232345
             33        1.48816        1.37188      0.0228128
             34          1.215        1.36726      0.0226036
             35        1.26084        1.36422      0.0221614
             36        1.41852        1.36573       0.021597
             37        1.35484        1.36544      0.0210153
             38        1.22292        1.36169      0.0207943
             39        1.34528        1.36127      0.0202653
             40        1.46352        1.36382      0.0199193
             41        1.48656        1.36682      0.0196571
             42        1.50472         1.3701      0.0194614
             43        1.45336        1.37204      0.0191049
             44        1.41992        1.37312      0.0187016
             45        1.31548        1.37184      0.0183299
             46        1.25036         1.3692      0.0181206
             47        1.25276        1.36673      0.0179037
             48        1.35452        1.36647      0.0175325
             49          1.486        1.36891      0.0173435
             50        1.36212        1.36877      0.0169972
             51        1.54384        1.37221       0.017007
             52        1.54684        1.37557      0.0170083
             53        1.16004         1.3715      0.0171666
             54        1.45516        1.37305      0.0169185
             55        1.47508         1.3749      0.0167123
             56        1.40284         1.3754      0.0164213
             57         1.1788        1.37195      0.0164915
             58        1.32116        1.37108      0.0162304
             59         1.2986        1.36985      0.0160017
             60        1.24448        1.36776      0.0158708
             61        1.28296        1.36637      0.0156714
             62        1.45188        1.36775      0.0154792
             63        1.15312        1.36434      0.0156039
             64        1.38868        1.36472      0.0153647
             65        1.29652        1.36367      0.0151641
             66        1.42588        1.36462      0.0149636
             67        1.38128        1.36486      0.0147424
             68        1.43016        1.36582      0.0145568
             69        1.47688        1.36743      0.0144346
             70        1.46296         1.3688      0.0142927
             71        1.21364        1.36661      0.0142575
             72        1.23836        1.36483      0.0141703
             73        1.36724        1.36486      0.0139762
             74        1.16904        1.36222      0.0140357
             75        1.36152        1.36221      0.0138485
             76        1.49516        1.36396      0.0137763
             77         1.2418        1.36237      0.0136885
             78        1.22584        1.36062      0.0136244
             79        1.30324         1.3599      0.0134713
             80        1.43324        1.36081      0.0133341
             81        1.35332        1.36072      0.0131698
             82        1.39044        1.36108      0.0130142
             83        1.34164        1.36085      0.0128595
             84        1.26776        1.35974      0.0127541
             85        1.34948        1.35962      0.0126046
             86        1.32944        1.35927      0.0124629
             87        1.20552         1.3575      0.0124443
             88        1.05968        1.35412      0.0127548
             89         1.3678        1.35427      0.0126124
             90        1.43536        1.35517      0.0125044
             91        1.39056        1.35556       0.012373
             92        1.31872        1.35516       0.012245
             93        1.51588        1.35689      0.0122347
             94         1.5404        1.35884      0.0122593
             95        1.32528        1.35849      0.0121354
             96          1.343        1.35833        0.01201
             97        1.38976        1.35865      0.0118906
             98        1.20852        1.35712      0.0118675
             99          1.283        1.35637      0.0117712
            100        1.22476        1.35505      0.0117269
