1.2
1.20001
1.20002
1.20003
1.20005
1.20007
1.20009
1.20012
1.20016
1.2002
1.20024
1.20028
1.20033
1.20039
1.20045
1.20051
1.20058
1.20066
1.20073
1.20082
1.20091
1.201
1.2011
1.20121
1.20132
1.20143
1.20155
1.20168
1.20182
1.20196
1.2021
1.20226
1.20242
1.20258
1.20276
1.20294
1.20313
1.20333
1.20353
1.20375
1.20397
1.2042
1.20445
1.2047
1.20496
1.20523
1.20552
1.20581
1.20612
1.20644
1.20677
1.20712
1.20748
1.20786
1.20825
1.20866
1.20909
1.20954
1.21
1.21049
1.211
1.21153
1.21208
1.21266
1.21327
1.2139
1.21457
1.21527
1.216
1.21677
1.21757
1.21842
1.21931
1.22024
1.22122
1.22225
1.22333
1.22447
1.22566
1.22691
1.22821
1.22956
1.23097
1.23241
1.23388
1.23537
1.23683
1.23824
1.23954
1.24066
1.24152
1.24201
1.24204
1.24153
1.24048
1.239
1.23742
1.23627
1.23616
1.23762
1.24086
1.24565
1.25143
1.25753
1.26339
1.2686
1.27294
1.27631
1.27863
1.27984
1.27988
1.27872
1.27641
1.27316
1.2694
1.26571
1.26274
1.261
1.26075
1.26203
1.26481
1.26904
1.27463
1.2813
1.28853
1.29568
1.30216
1.30755
1.31168
1.31465
1.31668
1.31809
1.31914
1.31992
1.3204
1.32045
1.31996
1.31891
1.31748
1.31595
1.31468
1.31392
1.31378
1.31417
1.31492
1.31584
1.31683
1.31791
1.31922
1.32096
1.32334
1.3265
1.3305
1.3353
1.34078
1.34675
1.35298
1.35922
1.36522
1.37075
1.37561
1.37967
1.38284
1.38507
1.38636
1.38676
1.38634
1.38516
1.3833
1.38077
1.37752
1.37345
1.36838
1.36221
1.35498
1.3469
1.33831
1.32968
1.32179
1.31608
1.31451
1.31852
1.32766
1.33965
1.35177
1.36222
1.37038
1.3764
1.38076
1.38395
1.38637
1.3883
1.3899
1.39127
1.39248
1.39357
1.39458
1.39556
1.3965
1.39737
1.39809
1.39854
1.39856
1.398
1.39675
1.39477
1.39216
1.38916
1.38614
1.38353
1.3817
1.38087
1.38106
1.38211
1.38381
1.38588
1.38806
1.39011
1.39187
1.39326
1.39428
1.39503
1.39564
1.39622
1.39683
1.39745
1.398
1.39833
1.39831
1.39777
1.39659
1.39471
1.39211
1.38888
1.38526
1.38156
1.37815
1.37533
1.37322
1.37176
1.37079
1.37019
1.36994
1.3701
1.3707
1.37163
1.37266
1.37347
1.37376
1.37333
1.37208
1.37002
1.36721
1.36376
1.35985
1.35592
1.35269
1.35116
1.35233
1.35667
1.36379
1.3726
1.38178
1.39029
1.39756
1.40342
1.40795
1.41136
1.41384
1.41559
1.41672
1.41733
1.41746
1.4171
1.41624
1.41482
1.41277
1.41002
1.40652
1.40221
1.39708
1.39119
1.38464
1.3776
1.37032
1.36313
1.35646
1.35082
1.3468
1.34494
1.34551
1.34842
1.35313
1.35884
1.36467
1.36988
1.37385
1.37617
1.3766
1.37514
1.37218
1.36862
1.36579
1.36502
1.36703
1.37151
1.37736
1.38334
1.38857
1.39263
1.3955
1.39735
1.39842
1.39893
1.39905
1.39892
1.3986
1.39813
1.39751
1.39668
1.39557
1.3941
1.39214
1.38957
1.38631
1.3823
1.37759
1.37237
1.36697
1.36187
1.35755
1.35441
1.35266
1.35232
1.3533
1.35543
1.35858
1.36254
1.36706
1.37186
1.37661
1.38105
1.38498
1.38829
1.39093
1.39293
1.39431
1.39513
1.39544
1.39529
1.3947
1.39373
1.39241
1.39077
1.38887
1.38671
1.38433
1.38168
1.37873
1.37543
1.37181
1.36812
1.36483
1.3626
1.36199
1.36317
1.36572
1.36883
1.37164
1.37361
1.37461
1.37492
1.37502
1.37537
1.37618
1.3774
1.3787
1.37973
1.38025
1.38023
1.37984
1.37939
1.37923
1.37968
1.38089
1.38286
1.38539
1.38819
1.3909
1.39322
1.39487
1.3957
1.39562
1.39465
1.39285
1.39038
1.38739
1.38411
1.38077
1.37764
1.37509
1.37352
1.37333
1.37479
1.37786
1.38226
1.38748
1.39297
1.39828
1.40307
1.4072
1.41061
1.41334
1.41545
1.41704
1.4182
1.41899
1.41948
1.41973
1.41976
1.4196
1.41923
1.41865
1.41784
1.4168
1.41553
1.41404
1.41238
1.41065
1.40894
1.40738
1.40607
1.40506
1.40434
1.40385
1.40345
1.403
1.40236
1.40143
1.40017
1.3986
1.3968
1.39486
1.39288
1.39097
1.38921
1.38768
1.38643
1.38554
1.38504
1.38495
1.38522
1.38579
1.38657
1.38751
1.3886
1.38987
1.39137
1.39311
1.39501
1.3969
1.39854
1.3997
1.4002
1.39995
1.39899
1.39745
1.3955
1.39336
1.39124
1.38935
1.38788
1.38701
1.38684
1.38745
1.38881
1.39083
1.39337
1.39625
1.3993
1.40231
1.40516
1.40774
1.40996
1.41181
1.41325
1.41429
1.41492
1.41513
1.41487
1.4141
1.41278
1.41087
1.40839
1.40544
1.40226
1.39925
1.39688
1.39562
1.39574
1.20138
1.20388
1.20695
1.21015
1.21311
1.21563
1.21761
1.21901
1.21982
1.22002
1.21957
1.21838
1.21634
1.21333
1.20929
1.20425
1.19846
1.19245
1.18698
1.18298
1.18118
1.18188
1.18478
1.18908
1.19377
1.198
1.20132
1.20367
1.20532
1.20662
1.20783
1.2091
1.21042
1.21176
1.21308
1.21437
1.21563
1.21688
1.21807
1.2192
1.22024
1.22116
1.22196
1.22262
1.22309
1.22331
1.22322
1.22272
1.22175
1.22026
1.21823
1.21569
1.21275
1.20966
1.20675
1.20447
1.20325
1.20341
1.20504
1.20795
1.21179
1.21613
1.22057
1.22481
1.22863
1.23187
1.23442
1.23622
1.23723
1.23746
1.23696
1.23582
1.23421
1.23234
1.23046
1.2288
1.22751
1.22663
1.2261
1.22583
1.22575
1.22591
1.22645
1.22759
1.22949
1.23219
1.23556
1.23937
1.24331
1.24714
1.25067
1.25378
1.2564
1.25852
1.26013
1.26122
1.26181
1.26193
1.26163
1.26104
1.2603
1.2596
1.25914
1.25905
1.25937
1.26005
1.26095
1.26186
1.2626
1.26296
1.26281
1.26208
1.26084
1.25933
1.258
1.25733
1.25776
1.25945
1.26227
1.26585
1.26975
1.27357
1.27704
1.27996
1.28223
1.28375
1.28441
1.28405
1.2825
1.27957
1.27514
1.26925
1.26223
1.25473
1.24775
1.24239
1.2395
1.23933
1.24159
1.24569
1.25106
1.25729
1.26398
1.27071
1.27697
1.28231
1.28642
1.28924
1.29101
1.2922
1.29341
1.29512
1.29752
1.30049
1.30368
1.30666
1.30907
1.31068
1.31139
1.31116
1.30999
1.30792
1.305
1.30128
1.29685
1.29184
1.28641
1.28072
1.27486
1.26891
1.26291
1.25697
1.25142
1.24672
1.24327
1.24116
1.24015
1.23991
1.24035
1.24162
1.24381
1.24676
1.25006
1.25331
1.25628
1.25893
1.26128
1.26333
1.26506
1.26643
1.26751
1.26843
1.26934
1.27036
1.27147
1.27251
1.27323
1.27335
1.27261
1.27079
1.26775
1.26344
1.25792
1.25145
1.24453
1.23793
1.23248
1.22887
1.22732
1.22759
1.22914
1.23141
1.23401
1.23675
1.23953
1.2423
1.24501
1.24755
1.24984
1.25176
1.25326
1.25433
1.255
1.25535
1.25547
1.25548
1.25545
1.25544
1.25547
1.25552
1.25553
1.25545
1.25519
1.25468
1.25386
1.25266
1.25107
1.24909
1.24675
1.24414
1.2414
1.23872
1.23631
1.2344
1.23315
1.23264
1.23288
1.23377
1.23515
1.23684
1.23867
1.2405
1.24222
1.24375
1.24504
1.24605
1.24675
1.2471
1.24706
1.24662
1.24571
1.24428
1.24229
1.23972
1.23658
1.23301
1.22927
1.22575
1.22294
1.22128
1.22099
1.22202
1.22405
1.22657
1.22911
1.23125
1.23269
1.23322
1.23274
1.2312
1.22861
1.22506
1.22077
1.21606
1.21137
1.20721
1.2041
1.20245
1.20244
1.20405
1.20701
1.21093
1.21536
1.21987
1.22413
1.2279
1.23105
1.23354
1.23538
1.23664
1.23738
1.23771
1.2377
1.23745
1.23702
1.23648
1.23587
1.23521
1.23448
1.23367
1.23271
1.23152
1.23001
1.22813
1.2258
1.22301
1.21981
1.21632
1.21275
1.20936
1.20648
1.20439
1.2033
1.20327
1.2042
1.20585
1.20789
1.20998
1.21186
1.21338
1.21456
1.21556
1.21669
1.21827
1.22056
1.22367
1.22751
1.23177
1.2361
1.24008
1.24341
1.24585
1.24726
1.24756
1.24671
1.2447
1.24155
1.23736
1.2323
1.22673
1.22116
1.21622
1.21254
1.21059
1.21046
1.21189
1.21431
1.21711
1.21976
1.22196
1.22361
1.22471
1.22533
1.22555
1.22545
1.22511
1.2246
1.22405
1.22354
1.22317
1.22299
1.22305
1.22338
1.22399
1.22488
1.22603
1.22739
1.22888
1.23041
1.23192
1.23331
1.23453
1.23553
1.23629
1.23679
1.23703
1.237
1.2367
1.23611
1.23521
1.23398
1.23239
1.2304
1.22799
1.22518
1.22199
1.21851
1.21491
1.2114
1.20824
1.20569
1.20397
1.20318
1.20329
1.20417
1.20561
1.20738
1.20929
1.21116
1.21288
1.21438
1.2156
1.21652
1.21714
1.21746
1.2175
1.21727
1.21678
1.21606
1.2151
1.21391
1.2125
1.21085
1.20898
1.20692
1.20472
1.20247
1.20032
1.19844
1.197
1.19617
1.19605
1.19669
1.19802
1.19991
1.20219
1.20464
1.2071
1.20942
1.21151
1.21333
1.21486
1.21612
1.21714
1.21796
1.2186
1.21909
1.21945
1.21969
1.21981
1.21979
1.21963
1.21932
1.21883
1.21815
1.21728
1.21623
1.21501
1.21367
1.21227
1.21088
1.20958
1.20846
1.20755
1.20691
1.20653
1.2064
1.20648
1.20671
1.20707
1.20749
1.20796
1.20844
1.20893
1.20941
1.20991
1.21045
1.21105
1.21179
1.21269
1.21379
1.2151
1.21659
1.21815
1.21964
1.22087
1.22163
1.22171
1.22093
1.21916
1.2164
1.21279
1.2087
1.20471
1.20156
1.1999
1.20008
1.20194
1.20488
1.20809
1.20226
1.20373
1.20379
1.20237
1.19956
1.19563
1.19101
1.18637
1.1826
1.18067
1.18126
1.18441
1.18947
1.19543
1.20134
1.2066
1.21097
1.21446
1.21719
1.21929
1.22088
1.22205
1.22287
1.22337
1.22357
1.22352
1.22322
1.22271
1.22201
1.22115
1.22018
1.21913
1.21806
1.21704
1.21615
1.21545
1.21502
1.21493
1.21521
1.21587
1.21689
1.21822
1.21977
1.22146
1.22319
1.22486
1.22636
1.22758
1.22844
1.22884
1.22873
1.22807
1.22685
1.22505
1.22267
1.21965
1.21592
1.21145
1.20627
1.2006
1.19497
1.19015
1.18704
1.18633
1.18826
1.19244
1.19808
1.20425
1.21016
1.21533
1.21957
1.22289
1.22542
1.22732
1.22878
1.22994
1.23092
1.23179
1.23261
1.2334
1.23416
1.23486
1.23547
1.23593
1.23618
1.23613
1.23573
1.23491
1.23364
1.23192
1.22978
1.22733
1.22471
1.22216
1.2199
1.2182
1.21725
1.21716
1.21794
1.2195
1.22167
1.22422
1.22695
1.22967
1.23221
1.23448
1.23639
1.23792
1.23905
1.23979
1.24016
1.24017
1.23986
1.23927
1.23843
1.23741
1.23623
1.23486
1.23319
1.23104
1.22818
1.22445
1.21998
1.21533
1.21148
1.20954
1.21017
1.21321
1.21772
1.22252
1.22662
1.22948
1.23095
1.23115
1.23037
1.22892
1.22717
1.22544
1.22406
1.22331
1.22337
1.22431
1.22607
1.22847
1.23129
1.23425
1.23709
1.23961
1.24166
1.24314
1.24403
1.24433
1.24409
1.24337
1.24226
1.24083
1.23916
1.23731
1.23535
1.23333
1.23133
1.22945
1.22782
1.22658
1.22588
1.22585
1.22654
1.22793
1.22994
1.2324
1.23515
1.23799
1.24075
1.2433
1.24551
1.24731
1.24865
1.2495
1.24983
1.24966
1.24899
1.24783
1.24622
1.24421
1.24185
1.23927
1.23661
1.23408
1.23189
1.23023
1.22922
1.22889
1.22915
1.22984
1.23079
1.23183
1.23284
1.23377
1.2346
1.23538
1.23614
1.23694
1.23778
1.23864
1.23947
1.24015
1.24055
1.24057
1.24009
1.23907
1.23749
1.2354
1.23285
1.22992
1.22672
1.2234
1.22012
1.21711
1.2146
1.21281
1.21189
1.2119
1.21276
1.21429
1.21627
1.21846
1.22063
1.2226
1.2242
1.22531
1.22584
1.2257
1.2249
1.22348
1.22156
1.21936
1.21718
1.21535
1.21412
1.21366
1.21396
1.21485
1.21609
1.21742
1.21865
1.21964
1.22033
1.22069
1.22076
1.22057
1.22017
1.21959
1.21888
1.21806
1.21717
1.21622
1.21526
1.21429
1.21334
1.21244
1.21163
1.21091
1.21032
1.20989
1.20962
1.20953
1.20962
1.20988
1.2103
1.21083
1.21146
1.21212
1.21278
1.21338
1.21388
1.21421
1.21434
1.21421
1.21379
1.21308
1.21208
1.21087
1.20953
1.20818
1.20696
1.206
1.20535
1.20503
1.20501
1.20523
1.20564
1.2062
1.20689
1.20769
1.20856
1.20944
1.2103
1.2111
1.21181
1.21247
1.21311
1.21377
1.21448
1.21525
1.2161
1.21699
1.21793
1.21888
1.21985
1.22082
1.22176
1.22264
1.22341
1.22399
1.22432
1.2243
1.22385
1.2229
1.22143
1.21943
1.21696
1.21413
1.21109
1.208
1.20501
1.2022
1.19958
1.19715
1.19495
1.19314
1.19203
1.19201
1.19343
1.19641
1.2008
1.20618
1.21198
1.21766
1.2228
1.22713
1.23053
1.23297
1.23453
1.23528
1.23535
1.23482
1.2338
1.23239
1.23065
1.22866
1.22648
1.22413
1.22162
1.21889
1.21585
1.21237
1.20838
1.20396
1.19941
1.19536
1.19259
1.1918
1.19324
1.19656
1.20099
1.20574
1.21017
1.21398
1.2171
1.2196
1.22161
1.22329
1.22476
1.22614
1.2275
1.22889
1.23036
1.23192
1.23358
1.23531
1.2371
1.23888
1.24061
1.24219
1.24354
1.24458
1.24522
1.24538
1.24506
1.24427
1.24312
1.24177
1.24041
1.23915
1.23797
1.23664
1.23477
1.23187
1.22752
1.22156
1.21428
1.20654
1.19972
1.1953
1.19424
1.19658
1.20164
1.20852
1.21649
1.22495
1.23324
1.24067
1.24662
1.25076
1.25307
1.25386
1.25363
1.25294
1.2523
1.25201
1.25216
1.25267
1.25335
1.25402
1.25456
1.25489
1.25499
1.25483
1.25441
1.25374
1.2529
1.252
1.25121
1.25072
1.25065
1.25103
1.25182
1.25287
1.25399
1.25501
1.25577
1.25614
1.25603
1.25542
1.25432
1.25283
1.25117
1.24963
1.24863
1.24857
1.24977
1.25235
1.25614
1.26073
1.26559
1.27024
1.27434
1.27771
1.28033
1.28227
1.28362
1.28449
1.28495
1.28507
1.28489
1.28442
1.28367
1.28263
1.28129
1.2796
1.27752
1.27498
1.27187
1.26809
1.26356
1.25828
1.25239
1.24622
1.24031
1.23531
1.23179
1.23002
1.22993
1.2312
1.23341
1.23626
1.23956
1.24319
1.24703
1.25089
1.25456
1.2578
1.26042
1.26225
1.26322
1.26331
1.26256
1.26105
1.2589
1.25629
1.19747
1.1947
1.19219
1.19013
1.18867
1.18785
1.18764
1.18792
1.18851
1.18924
1.18996
1.19053
1.19089
1.19099
1.19085
1.19049
1.18996
1.18932
1.18862
1.18793
1.1873
1.18677
1.18636
1.1861
1.18596
1.18592
1.18593
1.18596
1.18592
1.18577
1.18543
1.18485
1.18394
1.18264
1.1809
1.17869
1.17604
1.17306
1.16996
1.16704
1.16463
1.16303
1.16244
1.16283
1.16404
1.16574
1.16759
1.16925
1.17047
1.17108
1.17102
1.17031
1.16901
1.16728
1.16527
1.1632
1.16131
1.15981
1.15887
1.15857
1.1589
1.15977
1.161
1.16241
1.16382
1.16508
1.16608
1.16678
1.16715
1.16717
1.16688
1.16628
1.1654
1.16429
1.16297
1.16149
1.15989
1.15823
1.15657
1.15495
1.15342
1.15202
1.15077
1.14967
1.14869
1.14781
1.147
1.14624
1.14553
1.14491
1.1444
1.14407
1.14397
1.14415
1.14466
1.14551
1.14674
1.14833
1.15023
1.15237
1.15462
1.15687
1.15898
1.16086
1.16244
1.16368
1.16459
1.1652
1.16554
1.16567
1.16563
1.16548
1.16527
1.16503
1.16482
1.16465
1.16455
1.16453
1.16459
1.16473
1.16493
1.16518
1.16547
1.16578
1.1661
1.16642
1.16675
1.1671
1.16748
1.1679
1.16837
1.16888
1.16942
1.16995
1.17042
1.17078
1.17099
1.17099
1.17078
1.17036
1.16979
1.16915
1.16857
1.16822
1.16826
1.16884
1.17005
1.17189
1.17427
1.17702
1.17994
1.18281
1.18546
1.18774
1.18955
1.19079
1.19141
1.19132
1.19043
1.18863
1.18584
1.18202
1.17727
1.17189
1.16637
1.16138
1.15762
1.15569
1.15592
1.15836
1.16275
1.16855
1.17505
1.18156
1.18747
1.19243
1.19626
1.19895
1.20058
1.20125
1.20108
1.20012
1.19842
1.19598
1.19284
1.18911
1.18505
1.18113
1.17799
1.17628
1.17645
1.17852
1.18203
1.18629
1.1906
1.19441
1.1974
1.19943
1.20045
1.20049
1.1996
1.19783
1.19528
1.19209
1.18843
1.18457
1.18077
1.17733
1.17448
1.17234
1.17089
1.17001
1.1695
1.16921
1.16906
1.16908
1.1694
1.17013
1.17131
1.17289
1.17464
1.17632
1.17766
1.17858
1.17919
1.17984
1.18102
1.18304
1.18592
1.18924
1.19233
1.19449
1.19519
1.19412
1.1913
1.187
1.18177
1.17633
1.17147
1.16789
1.166
1.16584
1.1671
1.16924
1.17168
1.174
1.17597
1.17759
1.17898
1.18031
1.18174
1.1834
1.18532
1.18752
1.18992
1.1924
1.1948
1.19693
1.19859
1.1996
1.19977
1.19897
1.19707
1.19403
1.18993
1.18507
1.17996
1.17532
1.17187
1.17007
1.16999
1.17128
1.17342
1.17592
1.17843
1.18077
1.18287
1.18475
1.18645
1.18802
1.1895
1.19092
1.19231
1.19366
1.19499
1.1963
1.19759
1.19884
1.20001
1.20102
1.20178
1.20216
1.20203
1.20127
1.1998
1.19762
1.19482
1.1916
1.18827
1.18519
1.18266
1.18087
1.17985
1.17951
1.17971
1.18028
1.1811
1.18205
1.18303
1.18395
1.18474
1.18537
1.18586
1.18624
1.1866
1.18702
1.18758
1.18836
1.18938
1.19066
1.19216
1.19384
1.1956
1.19737
1.19903
1.20052
1.20173
1.20262
1.20314
1.20323
1.20289
1.20208
1.20083
1.19917
1.19719
1.19504
1.1929
1.19099
1.18946
1.18839
1.18771
1.18728
1.18694
1.18658
1.18624
1.18609
1.18635
1.1872
1.1887
1.19071
1.19298
1.19521
1.19716
1.19864
1.19959
1.20001
1.19996
1.1995
1.19874
1.19776
1.19664
1.19545
1.19426
1.19313
1.19215
1.19137
1.19084
1.19058
1.19058
1.1908
1.19118
1.19163
1.19207
1.19243
1.19264
1.19268
1.19251
1.19215
1.19159
1.19088
1.19004
1.18911
1.18814
1.18715
1.18618
1.18527
1.18441
1.18361
1.18289
1.18224
1.18167
1.18119
1.18082
1.1806
1.18054
1.18067
1.18099
1.18147
1.18209
1.1828
1.18355
1.18427
1.18491
1.1854
1.18568
1.18569
1.18539
1.18478
1.18387
1.18271
1.18139
1.17999
1.17859
1.17724
1.17592
1.17457
1.17309
1.1714
1.16947
1.16734
1.16519
1.16325
1.16183
1.1612
1.16153
1.16281
1.16489
1.16754
1.17045
1.17338
1.17614
1.17858
1.18064
1.18229
1.18351
1.18432
1.18473
1.18473
1.18435
1.18356
1.18238
1.18078
1.17877
1.17637
1.1736
1.17052
1.16723
1.16384
1.16051
1.15738
1.15459
1.15222
1.15029
1.14877
1.14751
1.14636
1.14517
1.1438
1.14219
1.14038
1.13849
1.1367
1.13523
1.13425
1.13385
1.13397
1.13446
1.13511
1.13578
1.1364
1.13702
1.13776
1.13875
1.14008
1.14179
1.1438
1.146
1.14823
1.15036
1.15228
1.15394
1.15531
1.15638
1.15719
1.15775
1.15811
1.15828
1.1583
1.15817
1.15792
1.15754
1.15702
1.15636
1.15554
1.15453
1.15331
1.15185
1.15011
1.14809
1.14576
1.19756
1.19462
1.19157
1.18857
1.18585
1.18364
1.18218
1.18163
1.18205
1.18338
1.18545
1.18802
1.19085
1.19372
1.19645
1.19893
1.20111
1.20296
1.20447
1.20561
1.20637
1.20669
1.20651
1.20575
1.20432
1.20213
1.19913
1.19532
1.19084
1.18598
1.18127
1.17744
1.17528
1.17541
1.17798
1.1826
1.18854
1.19495
1.20116
1.20676
1.21156
1.21552
1.21872
1.22122
1.22312
1.22447
1.22531
1.22567
1.22553
1.2249
1.22377
1.22211
1.21996
1.21734
1.21436
1.21115
1.20793
1.20492
1.20233
1.20029
1.19884
1.19791
1.19736
1.1971
1.19713
1.19752
1.19841
1.19994
1.20216
1.20503
1.20833
1.21179
1.21506
1.21785
1.21988
1.22093
1.22085
1.21946
1.21664
1.21229
1.20645
1.19939
1.19179
1.18477
1.17969
1.17763
1.1789
1.18285
1.18832
1.19415
1.19954
1.20408
1.20767
1.21035
1.21224
1.21346
1.21412
1.21433
1.21415
1.21365
1.21287
1.21185
1.21061
1.20916
1.20751
1.20567
1.20368
1.20155
1.19934
1.19708
1.19486
1.19275
1.19084
1.18919
1.18788
1.18697
1.18645
1.18633
1.18655
1.18704
1.18772
1.18851
1.18933
1.19013
1.19086
1.1915
1.19204
1.19248
1.19282
1.19308
1.19327
1.19339
1.19345
1.19348
1.19346
1.19343
1.19336
1.19328
1.19319
1.19308
1.19294
1.19278
1.19257
1.1923
1.19196
1.1915
1.19092
1.19018
1.18927
1.18819
1.18697
1.18566
1.18437
1.1832
1.1823
1.18179
1.18175
1.18221
1.18312
1.18438
1.18586
1.18742
1.18897
1.19043
1.19177
1.19298
1.19407
1.19506
1.19598
1.19684
1.19766
1.19842
1.19912
1.19973
1.2002
1.20049
1.20054
1.2003
1.19973
1.19882
1.19758
1.19609
1.19445
1.19285
1.19152
1.1907
1.19064
1.19151
1.19338
1.19619
1.19974
1.20378
1.208
1.21213
1.21591
1.21915
1.22169
1.22338
1.22408
1.22359
1.22171
1.21817
1.21271
1.20521
1.19577
1.18499
1.174
1.16431
1.15732
1.15372
1.1533
1.1552
1.15854
1.1628
1.16784
1.17371
1.18025
1.18708
1.19366
1.19953
1.20435
1.20801
1.21054
1.2121
1.21291
1.21322
1.21335
1.21356
1.21409
1.21506
1.21649
1.21829
1.22031
1.22239
1.2244
1.22624
1.22784
1.22919
1.23029
1.23113
1.23172
1.23205
1.23209
1.2318
1.2311
1.22994
1.22823
1.22594
1.22307
1.21968
1.21598
1.21228
1.20899
1.20652
1.20521
1.20518
1.20631
1.20827
1.21065
1.21306
1.21525
1.21707
1.21853
1.21969
1.22066
1.22149
1.22223
1.22283
1.22321
1.22325
1.22284
1.22188
1.22033
1.21823
1.21567
1.21282
1.20989
1.20711
1.20469
1.20282
1.2016
1.20109
1.20127
1.20206
1.20337
1.20507
1.20709
1.20932
1.2117
1.21413
1.21649
1.21857
1.2201
1.22067
1.2198
1.217
1.21194
1.20488
1.19712
1.1911
1.18943
1.19319
1.20102
1.21023
1.21848
1.22458
1.22837
1.23022
1.23063
1.23011
1.22908
1.22785
1.22664
1.22557
1.22467
1.22389
1.22314
1.22233
1.2214
1.22035
1.21923
1.21814
1.21718
1.21644
1.21596
1.21574
1.21573
1.21587
1.21615
1.21659
1.21727
1.21827
1.21966
1.22137
1.22326
1.22505
1.22644
1.22707
1.22666
1.22494
1.22174
1.21704
1.21102
1.20415
1.19724
1.1913
1.18733
1.18594
1.18707
1.1901
1.19406
1.19806
1.20147
1.20403
1.20577
1.20685
1.20747
1.20777
1.20783
1.20768
1.20736
1.20689
1.20637
1.20585
1.20539
1.20499
1.20461
1.2042
1.2037
1.20312
1.20254
1.20208
1.20189
1.20206
1.20256
1.20325
1.20382
1.20395
1.20329
1.2016
1.19888
1.19542
1.19187
1.18916
1.18813
1.18917
1.192
1.19585
1.1998
1.20314
1.20548
1.20672
1.20692
1.2062
1.20471
1.20256
1.19979
1.19638
1.19219
1.18705
1.18074
1.17327
1.16507
1.15737
1.15203
1.15076
1.15402
1.16055
1.16821
1.17514
1.18035
1.18366
1.18538
1.18603
1.18613
1.18618
1.18653
1.1874
1.18883
1.19071
1.19283
1.19496
1.19689
1.19847
1.19966
1.20046
1.20091
1.20105
1.20092
1.2005
1.19974
1.19851
1.19665
1.19404
1.19061
1.18654
1.18234
1.17881
1.17676
1.17663
1.17814
1.1803
1.18188
1.18182
1.1796
1.17543
1.17037
1.16615
1.16452
1.16636
1.17123
1.17772
1.18433
1.19009
1.1946
1.19787
1.20011
1.20153
1.20231
1.20258
1.20243
1.20192
1.20112
1.2001
1.19896
1.1978
1.1967
1.19571
1.19484
1.19407
1.19334
1.1926
1.19182
1.191
1.19017
1.18941
1.18884
1.18864
1.18899
1.1901
1.19203
1.19474
1.19803
1.2016
1.20517
1.2085
1.21145
1.21396
1.21603
1.21772
1.21909
1.22021
1.22114
1.22194
1.22263
1.22324
1.22375
1.22413
1.22434
1.22433
1.19965
1.19889
1.19765
1.19589
1.19357
1.19071
1.18737
1.18368
1.17984
1.17604
1.17251
1.16943
1.16695
1.16511
1.16396
1.16349
1.16371
1.16463
1.16628
1.16866
1.17173
1.17543
1.17962
1.18416
1.18887
1.19357
1.19809
1.20231
1.20611
1.20942
1.2122
1.21444
1.21615
1.21737
1.21814
1.21849
1.2185
1.21819
1.21763
1.21684
1.21588
1.21478
1.21357
1.21228
1.21094
1.20956
1.20819
1.20682
1.20549
1.20421
1.20298
1.20182
1.20072
1.19968
1.19869
1.19772
1.19673
1.19571
1.1946
1.19337
1.19197
1.19034
1.18842
1.18616
1.18347
1.18025
1.17643
1.17197
1.16691
1.16144
1.15593
1.15091
1.14699
1.14472
1.14446
1.14626
1.14993
1.15503
1.16106
1.16747
1.17378
1.17959
1.18458
1.18856
1.19138
1.19299
1.19335
1.19249
1.19051
1.1876
1.18407
1.18035
1.17689
1.17399
1.17176
1.16997
1.16825
1.16622
1.16364
1.16052
1.15701
1.15327
1.14937
1.14521
1.1406
1.13532
1.12932
1.12278
1.11626
1.11074
1.10735
1.10696
1.10962
1.11452
1.12044
1.12622
1.13113
1.13482
1.13725
1.13857
1.13904
1.13907
1.13912
1.13968
1.14112
1.14359
1.14698
1.15096
1.15508
1.15894
1.16222
1.16473
1.16639
1.16721
1.16725
1.16655
1.16518
1.16321
1.1607
1.15771
1.15434
1.15075
1.14714
1.14379
1.141
1.13905
1.13809
1.1381
1.13883
1.13994
1.14098
1.14156
1.14134
1.14007
1.13762
1.13397
1.12927
1.12388
1.11839
1.11352
1.10999
1.10831
1.10856
1.11045
1.11341
1.11685
1.12025
1.12328
1.12576
1.12763
1.12891
1.12971
1.13012
1.13027
1.13026
1.13016
1.13004
1.1299
1.12972
1.12947
1.12909
1.12852
1.12771
1.12663
1.1253
1.12378
1.12216
1.1206
1.11927
1.11831
1.11786
1.11795
1.11855
1.11958
1.12089
1.12234
1.1238
1.12517
1.12634
1.12725
1.12785
1.12809
1.12794
1.12737
1.12634
1.12484
1.1228
1.12013
1.11668
1.11224
1.1067
1.10024
1.09369
1.08867
1.08707
1.08998
1.09685
1.10579
1.11476
1.12241
1.12822
1.13224
1.13475
1.13609
1.13655
1.13634
1.13565
1.13459
1.13326
1.13177
1.13019
1.12862
1.12713
1.12579
1.12465
1.12374
1.12309
1.12268
1.12252
1.12261
1.12297
1.12359
1.12449
1.12566
1.12708
1.12871
1.1305
1.13237
1.13425
1.13609
1.13782
1.13941
1.14084
1.1421
1.14319
1.14414
1.14497
1.14572
1.14644
1.14717
1.14794
1.1488
1.14976
1.1508
1.15192
1.15307
1.1542
1.15525
1.15618
1.15694
1.15749
1.15783
1.15796
1.15793
1.15775
1.15748
1.15715
1.15677
1.15635
1.1559
1.15542
1.15494
1.15451
1.15422
1.15415
1.15437
1.15491
1.15574
1.15678
1.15792
1.15906
1.16008
1.1609
1.16145
1.16168
1.16157
1.16114
1.16041
1.15948
1.15849
1.15761
1.15703
1.15689
1.15726
1.15815
1.15947
1.16107
1.16283
1.1646
1.16631
1.16789
1.16928
1.17048
1.17145
1.17221
1.17274
1.17306
1.17316
1.17306
1.17277
1.17233
1.17179
1.1712
1.17064
1.17016
1.1698
1.16957
1.16941
1.16924
1.16894
1.16838
1.16745
1.16606
1.16418
1.16187
1.15936
1.15698
1.15521
1.1545
1.15513
1.15708
1.16002
1.16344
1.16683
1.16979
1.17208
1.17363
1.17444
1.17459
1.17417
1.17328
1.17199
1.17038
1.1685
1.16641
1.16414
1.16173
1.15926
1.1568
1.15447
1.1524
1.15069
1.14942
1.14858
1.14808
1.14783
1.14772
1.14773
1.14793
1.14846
1.14949
1.15113
1.15343
1.15627
1.15945
1.16273
1.16587
1.16867
1.17103
1.1729
1.17427
1.17517
1.17566
1.17577
1.17557
1.1751
1.1744
1.1735
1.17245
1.17127
1.17001
1.1687
1.16739
1.16612
1.16495
1.16392
1.16309
1.16248
1.16213
1.16205
1.16223
1.16267
1.16332
1.16415
1.16512
1.1662
1.16733
1.1685
1.16967
1.17081
1.1719
1.17289
1.17376
1.17446
1.17493
1.17512
1.17499
1.1745
1.17364
1.17244
1.17102
1.16953
1.16819
1.16725
1.16688
1.16716
1.16805
1.16937
1.17092
1.17249
1.17393
1.17519
1.17627
1.17721
1.17808
1.17893
1.17981
1.18074
1.18172
1.18269
1.1836
1.18434
1.18477
1.18475
1.18414
1.18292
1.18121
1.17941
1.1781
1.17792
1.17926
1.18206
1.18582
1.18983
1.19345
1.1963
1.19823
1.19928
1.19958
1.19927
1.19847
1.19726
1.19568
1.19376
1.19151
1.18896
1.18616
1.18318
1.18013
1.17711
1.17427
1.17173
1.16962
1.16802
1.16699
1.16654
1.16665
1.1673
1.16846
1.17011
1.17223
1.17476
1.17763
1.18069
1.18379
1.18677
1.18948
1.19184
1.19381
1.19538
1.19658
1.19744
1.19799
1.19823
1.19817
1.1978
1.1971
1.19604
1.1946
1.19276
