-0.0318402
-0.0318491
-0.031864
-0.0318849
-0.0319117
-0.0319445
-0.0319834
-0.0320284
-0.0320795
-0.0321368
-0.0322003
-0.0322725
-0.0323512
-0.0324508
-0.0325526
-0.0326708
-0.032794
-0.03291
-0.0330595
-0.0332144
-0.0333675
-0.0335308
-0.0337068
-0.0338887
-0.0340813
-0.0342873
-0.0344855
-0.0346997
-0.0349349
-0.0351702
-0.0354032
-0.0356581
-0.0359256
-0.0362013
-0.0364855
-0.0367691
-0.037069
-0.0373998
-0.0377336
-0.0380613
-0.0383953
-0.038755
-0.0391242
-0.0395202
-0.039922
-0.0403376
-0.04077
-0.0412342
-0.0417047
-0.0421943
-0.0427015
-0.0432391
-0.0437843
-0.04435
-0.0449469
-0.0455642
-0.0462104
-0.0468892
-0.0475902
-0.0483245
-0.049089
-0.0498882
-0.0507307
-0.0516118
-0.0525336
-0.0534936
-0.054504
-0.0555532
-0.0566559
-0.0578152
-0.059039
-0.0603212
-0.0616582
-0.0630772
-0.0645628
-0.066128
-0.0677522
-0.0694713
-0.0712637
-0.073142
-0.075103
-0.0771431
-0.0792578
-0.0814345
-0.0836585
-0.0858911
-0.0880873
-0.09019
-0.0921228
-0.0937704
-0.0950177
-0.0956899
-0.0956606
-0.094815
-0.0931557
-0.0909039
-0.088567
-0.0869524
-0.0869911
-0.0894435
-0.0945536
-0.101928
-0.110688
-0.119844
-0.128553
-0.136253
-0.142632
-0.147528
-0.150844
-0.152484
-0.152376
-0.150454
-0.146837
-0.14186
-0.136181
-0.130711
-0.126415
-0.124034
-0.123883
-0.126031
-0.130423
-0.136998
-0.145576
-0.1557
-0.166576
-0.177251
-0.186842
-0.194737
-0.200749
-0.205032
-0.207961
-0.210003
-0.211521
-0.212649
-0.213326
-0.213339
-0.212506
-0.210867
-0.208679
-0.206407
-0.20456
-0.203514
-0.203392
-0.204059
-0.205222
-0.206606
-0.208106
-0.209756
-0.211767
-0.214452
-0.218133
-0.222992
-0.229109
-0.236419
-0.244721
-0.253743
-0.263115
-0.27246
-0.281401
-0.289603
-0.29679
-0.302744
-0.307352
-0.310562
-0.312372
-0.312844
-0.31209
-0.310219
-0.307331
-0.30344
-0.298467
-0.292215
-0.284452
-0.275036
-0.264041
-0.251808
-0.238886
-0.225985
-0.214369
-0.206287
-0.204713
-0.211587
-0.225903
-0.244079
-0.262105
-0.277465
-0.289357
-0.298117
-0.304435
-0.309083
-0.312624
-0.315453
-0.317827
-0.319865
-0.321646
-0.323267
-0.324788
-0.326246
-0.327648
-0.328937
-0.329978
-0.330599
-0.330557
-0.329624
-0.327637
-0.324571
-0.320572
-0.316036
-0.311547
-0.307724
-0.305124
-0.30403
-0.304449
-0.306147
-0.308777
-0.31191
-0.315182
-0.318232
-0.320821
-0.322836
-0.324318
-0.325416
-0.326318
-0.327187
-0.328092
-0.329024
-0.329827
-0.330281
-0.33017
-0.329272
-0.327408
-0.324471
-0.320473
-0.31555
-0.310065
-0.304536
-0.299497
-0.295379
-0.292322
-0.290221
-0.288829
-0.287979
-0.287666
-0.287972
-0.288933
-0.290364
-0.291891
-0.293048
-0.293381
-0.292609
-0.290621
-0.287429
-0.283111
-0.277836
-0.271943
-0.266102
-0.261422
-0.259477
-0.26169
-0.268667
-0.279692
-0.293051
-0.306776
-0.319381
-0.330077
-0.338663
-0.345283
-0.350238
-0.353838
-0.356353
-0.357972
-0.358801
-0.358929
-0.358322
-0.356949
-0.354718
-0.351558
-0.347335
-0.341964
-0.335371
-0.327561
-0.31861
-0.308694
-0.298074
-0.287148
-0.276418
-0.26651
-0.258248
-0.25251
-0.250068
-0.251295
-0.255988
-0.263264
-0.27191
-0.28063
-0.28828
-0.294018
-0.297237
-0.297584
-0.295125
-0.290522
-0.285192
-0.281168
-0.28041
-0.28384
-0.290849
-0.299728
-0.308642
-0.31632
-0.32224
-0.326376
-0.329039
-0.33055
-0.331248
-0.331393
-0.331154
-0.330659
-0.32993
-0.328967
-0.327696
-0.325993
-0.323714
-0.320696
-0.316748
-0.311739
-0.305607
-0.298442
-0.290555
-0.282475
-0.274909
-0.268587
-0.264085
-0.261679
-0.261384
-0.263023
-0.266396
-0.271254
-0.277303
-0.284166
-0.291377
-0.298489
-0.305093
-0.310903
-0.315756
-0.319627
-0.322519
-0.324505
-0.325662
-0.326051
-0.325753
-0.324821
-0.323299
-0.321261
-0.318752
-0.315846
-0.312588
-0.308984
-0.304973
-0.300479
-0.295469
-0.290021
-0.284504
-0.279685
-0.276545
-0.275915
-0.27792
-0.281893
-0.286567
-0.290706
-0.293504
-0.294879
-0.295277
-0.295431
-0.296002
-0.297296
-0.299152
-0.301083
-0.302576
-0.303279
-0.303181
-0.30256
-0.301898
-0.301739
-0.302512
-0.304461
-0.307512
-0.311383
-0.315591
-0.319626
-0.323
-0.325366
-0.326478
-0.32623
-0.324635
-0.321838
-0.318027
-0.313491
-0.308534
-0.303522
-0.298899
-0.295184
-0.293006
-0.292964
-0.295393
-0.300234
-0.306988
-0.314898
-0.32313
-0.331037
-0.33813
-0.344221
-0.349226
-0.353217
-0.356316
-0.35863
-0.36029
-0.361423
-0.362125
-0.362473
-0.362494
-0.362201
-0.361609
-0.360717
-0.359473
-0.357873
-0.355924
-0.353664
-0.351173
-0.348562
-0.346024
-0.343732
-0.341802
-0.340325
-0.339291
-0.338581
-0.337987
-0.337288
-0.33628
-0.334835
-0.332898
-0.330506
-0.327772
-0.32484
-0.321895
-0.319045
-0.316431
-0.314166
-0.312351
-0.311062
-0.310372
-0.310286
-0.310749
-0.311628
-0.312829
-0.314269
-0.315923
-0.317868
-0.320158
-0.322797
-0.325653
-0.328466
-0.330881
-0.332527
-0.333162
-0.332676
-0.331135
-0.328747
-0.325783
-0.322575
-0.319412
-0.31663
-0.314504
-0.313285
-0.313156
-0.314179
-0.316316
-0.319436
-0.323309
-0.327681
-0.332254
-0.336771
-0.341019
-0.344831
-0.348114
-0.35082
-0.352939
-0.354441
-0.355323
-0.355555
-0.355103
-0.353878
-0.351821
-0.348858
-0.345046
-0.340564
-0.335784
-0.331323
-0.327916
-0.326225
-0.326625
-0.329145
-0.333009
-0.337669
-0.342444
-0.34683
-0.350528
-0.353408
-0.355416
-0.356543
-0.35676
-0.35598
-0.354072
-0.350869
-0.34621
-0.339986
-0.332286
-0.323523
-0.314527
-0.306492
-0.300771
-0.298449
-0.299863
-0.304484
-0.311059
-0.318078
-0.324312
-0.329135
-0.332533
-0.334937
-0.336848
-0.338677
-0.340582
-0.34257
-0.34458
-0.346547
-0.348478
-0.350379
-0.352227
-0.354015
-0.355683
-0.357223
-0.358596
-0.359778
-0.360737
-0.361412
-0.361705
-0.361493
-0.360676
-0.359148
-0.35682
-0.353687
-0.349809
-0.34537
-0.340729
-0.336435
-0.33314
-0.331509
-0.331975
-0.334627
-0.339161
-0.345022
-0.351567
-0.358218
-0.36453
-0.370173
-0.374923
-0.378643
-0.381218
-0.382618
-0.382845
-0.38199
-0.380202
-0.377731
-0.374894
-0.372087
-0.369638
-0.367762
-0.366496
-0.365757
-0.365385
-0.365298
-0.365573
-0.366448
-0.368246
-0.371214
-0.375378
-0.380521
-0.386266
-0.39219
-0.397902
-0.403132
-0.407718
-0.411585
-0.414684
-0.41702
-0.418585
-0.419397
-0.419495
-0.418992
-0.41807
-0.416961
-0.415945
-0.415302
-0.415233
-0.415777
-0.416836
-0.418192
-0.419557
-0.420618
-0.421089
-0.420774
-0.419593
-0.417666
-0.415403
-0.413455
-0.412605
-0.413432
-0.416157
-0.420528
-0.42598
-0.431847
-0.437545
-0.442682
-0.446983
-0.450275
-0.45243
-0.453275
-0.452568
-0.450045
-0.445419
-0.438554
-0.429524
-0.418861
-0.407613
-0.39731
-0.38959
-0.385656
-0.3858
-0.389502
-0.395881
-0.404101
-0.413537
-0.423607
-0.433653
-0.442945
-0.450789
-0.456768
-0.460814
-0.463342
-0.465097
-0.466959
-0.46962
-0.473325
-0.477847
-0.482615
-0.487007
-0.490515
-0.492804
-0.493717
-0.493221
-0.491343
-0.488117
-0.483597
-0.477911
-0.471175
-0.463596
-0.455406
-0.446836
-0.438042
-0.429107
-0.420101
-0.411227
-0.402985
-0.396111
-0.391147
-0.388165
-0.38678
-0.386528
-0.387297
-0.389334
-0.392765
-0.397282
-0.402261
-0.407104
-0.411508
-0.41544
-0.418919
-0.421953
-0.424496
-0.426511
-0.428094
-0.429452
-0.430836
-0.432377
-0.434044
-0.435571
-0.436579
-0.436647
-0.435387
-0.432491
-0.427745
-0.421092
-0.412633
-0.402822
-0.392443
-0.382653
-0.374732
-0.36962
-0.367598
-0.368246
-0.370719
-0.374192
-0.378133
-0.382249
-0.386417
-0.39057
-0.394614
-0.398401
-0.40176
-0.404575
-0.406766
-0.408297
-0.409252
-0.409736
-0.409898
-0.409883
-0.409842
-0.409842
-0.409889
-0.409955
-0.409966
-0.40981
-0.409383
-0.408573
-0.407283
-0.40543
-0.40299
-0.399955
-0.396397
-0.392453
-0.388345
-0.384347
-0.380798
-0.378004
-0.376236
-0.375595
-0.376065
-0.377479
-0.379605
-0.382173
-0.384928
-0.387661
-0.390214
-0.39248
-0.394377
-0.395854
-0.396844
-0.397311
-0.397213
-0.396472
-0.395027
-0.392807
-0.389734
-0.385782
-0.381003
-0.375599
-0.36998
-0.364775
-0.360709
-0.358415
-0.358197
-0.359911
-0.363058
-0.366897
-0.370679
-0.373797
-0.375819
-0.37648
-0.375598
-0.373129
-0.369088
-0.363641
-0.357116
-0.350031
-0.343035
-0.336918
-0.332448
-0.330205
-0.330449
-0.333078
-0.337697
-0.343691
-0.350367
-0.357117
-0.363446
-0.369017
-0.373644
-0.377278
-0.379955
-0.381751
-0.382801
-0.383233
-0.383182
-0.382776
-0.382118
-0.381292
-0.380365
-0.379365
-0.378282
-0.377034
-0.375569
-0.373742
-0.37144
-0.368542
-0.364979
-0.360734
-0.355886
-0.350632
-0.345282
-0.340271
-0.336045
-0.333041
-0.33156
-0.331667
-0.333194
-0.335755
-0.338853
-0.341973
-0.344734
-0.346949
-0.348674
-0.35018
-0.351913
-0.354365
-0.357924
-0.362712
-0.36855
-0.374985
-0.381447
-0.387352
-0.392234
-0.39575
-0.397694
-0.39799
-0.396546
-0.393357
-0.388464
-0.382025
-0.374334
-0.36594
-0.357627
-0.350365
-0.345085
-0.342424
-0.342492
-0.34483
-0.348558
-0.352758
-0.356691
-0.359917
-0.362296
-0.363861
-0.364732
-0.36501
-0.364821
-0.364277
-0.363506
-0.362672
-0.361934
-0.361398
-0.36116
-0.361293
-0.361828
-0.362791
-0.364164
-0.365921
-0.367973
-0.370221
-0.372533
-0.374778
-0.37684
-0.378646
-0.380116
-0.38121
-0.381923
-0.382244
-0.38215
-0.381654
-0.380732
-0.379337
-0.37744
-0.374995
-0.371949
-0.368288
-0.364001
-0.359162
-0.353923
-0.348509
-0.343272
-0.338617
-0.334915
-0.332481
-0.331436
-0.331738
-0.333162
-0.335386
-0.338075
-0.340926
-0.343713
-0.346259
-0.348464
-0.350247
-0.35159
-0.352469
-0.352909
-0.352918
-0.352534
-0.35177
-0.350652
-0.349188
-0.347375
-0.345208
-0.342701
-0.339854
-0.336729
-0.333414
-0.330054
-0.326857
-0.324085
-0.322005
-0.320853
-0.320789
-0.321858
-0.323945
-0.326851
-0.330306
-0.333998
-0.337674
-0.341141
-0.344243
-0.346921
-0.34917
-0.351028
-0.352531
-0.353728
-0.354661
-0.355377
-0.355901
-0.356237
-0.35639
-0.356351
-0.356089
-0.355595
-0.35483
-0.353784
-0.352443
-0.350837
-0.34899
-0.346975
-0.34487
-0.342797
-0.340882
-0.33922
-0.337899
-0.336973
-0.33644
-0.336276
-0.336414
-0.336792
-0.337336
-0.337979
-0.338683
-0.339407
-0.340141
-0.340869
-0.341624
-0.342434
-0.34337
-0.344491
-0.345865
-0.347548
-0.349551
-0.351791
-0.354139
-0.356348
-0.358143
-0.359189
-0.359189
-0.35787
-0.355069
-0.350793
-0.34529
-0.339121
-0.333212
-0.328665
-0.326443
-0.326992
-0.329993
-0.334499
-0.339289
-0.343447
-0.345453
-0.345334
-0.342992
-0.338585
-0.332554
-0.325567
-0.318672
-0.313234
-0.310679
-0.311956
-0.317028
-0.324833
-0.33382
-0.342618
-0.350384
-0.356814
-0.361935
-0.365907
-0.368961
-0.37128
-0.37299
-0.374163
-0.37487
-0.375135
-0.375011
-0.374536
-0.373734
-0.372652
-0.371343
-0.369867
-0.368296
-0.36669
-0.365176
-0.363843
-0.362833
-0.362251
-0.362174
-0.362649
-0.363705
-0.365285
-0.367311
-0.369665
-0.372219
-0.374818
-0.377304
-0.379518
-0.381301
-0.382518
-0.383045
-0.382794
-0.381725
-0.379806
-0.377014
-0.373335
-0.368704
-0.363009
-0.356193
-0.348329
-0.339803
-0.331422
-0.32439
-0.320041
-0.319369
-0.322641
-0.329198
-0.337801
-0.347054
-0.355825
-0.363458
-0.369679
-0.374531
-0.378209
-0.380983
-0.383117
-0.384828
-0.386269
-0.387565
-0.388779
-0.389962
-0.391092
-0.392141
-0.393049
-0.393721
-0.394044
-0.39393
-0.393271
-0.391981
-0.390017
-0.387371
-0.384106
-0.380386
-0.376452
-0.372639
-0.369325
-0.366869
-0.365553
-0.365552
-0.366835
-0.369278
-0.372589
-0.376463
-0.380568
-0.384618
-0.388397
-0.391755
-0.394571
-0.396807
-0.39844
-0.399499
-0.399987
-0.399962
-0.399451
-0.398529
-0.397247
-0.395686
-0.393875
-0.391783
-0.389228
-0.385905
-0.38148
-0.375757
-0.368978
-0.362051
-0.356495
-0.353943
-0.355281
-0.360134
-0.367027
-0.374183
-0.380177
-0.384256
-0.386255
-0.386392
-0.385091
-0.382851
-0.380196
-0.377636
-0.375648
-0.374624
-0.374836
-0.376364
-0.379108
-0.382809
-0.387068
-0.391505
-0.395736
-0.399454
-0.402449
-0.404584
-0.405824
-0.406193
-0.40575
-0.404617
-0.402889
-0.400703
-0.39816
-0.39537
-0.392415
-0.38938
-0.386385
-0.383597
-0.381198
-0.379422
-0.378473
-0.378534
-0.379678
-0.381869
-0.38496
-0.38872
-0.392871
-0.397133
-0.401251
-0.405035
-0.408298
-0.410928
-0.412862
-0.414056
-0.414484
-0.414155
-0.413083
-0.411274
-0.408794
-0.405708
-0.402143
-0.398241
-0.394258
-0.3905
-0.387275
-0.384877
-0.383473
-0.38307
-0.383538
-0.384631
-0.386079
-0.387641
-0.389149
-0.390527
-0.391778
-0.39294
-0.394092
-0.395285
-0.396563
-0.397861
-0.399081
-0.400074
-0.400643
-0.400592
-0.399792
-0.39818
-0.395728
-0.392513
-0.388613
-0.384175
-0.379349
-0.374352
-0.369458
-0.364997
-0.361326
-0.358769
-0.35753
-0.357671
-0.359063
-0.361445
-0.36447
-0.36776
-0.371002
-0.373917
-0.376257
-0.377839
-0.378531
-0.378225
-0.376928
-0.37472
-0.371774
-0.368457
-0.365222
-0.362535
-0.360799
-0.360228
-0.360773
-0.362175
-0.364064
-0.36607
-0.367881
-0.369328
-0.37031
-0.370815
-0.370883
-0.370564
-0.369932
-0.369035
-0.367946
-0.366703
-0.365356
-0.363932
-0.362482
-0.36103
-0.359618
-0.358276
-0.357065
-0.35601
-0.355155
-0.354521
-0.354151
-0.354048
-0.354221
-0.354633
-0.355272
-0.35609
-0.357033
-0.358031
-0.359013
-0.359916
-0.360632
-0.36111
-0.36127
-0.361037
-0.360367
-0.359253
-0.357724
-0.355871
-0.353844
-0.351837
-0.350045
-0.348628
-0.347705
-0.347282
-0.347294
-0.347656
-0.34829
-0.349156
-0.3502
-0.351412
-0.352714
-0.354046
-0.35533
-0.356512
-0.35757
-0.358561
-0.359517
-0.360511
-0.361582
-0.362757
-0.364027
-0.365387
-0.366792
-0.368234
-0.36969
-0.371142
-0.372537
-0.373846
-0.374972
-0.375818
-0.376257
-0.376163
-0.375421
-0.373927
-0.371644
-0.368559
-0.364791
-0.360504
-0.355937
-0.351315
-0.346851
-0.342668
-0.338764
-0.33515
-0.331891
-0.329264
-0.327735
-0.327906
-0.330261
-0.334963
-0.341724
-0.349889
-0.358621
-0.367084
-0.37469
-0.381052
-0.385991
-0.389525
-0.391733
-0.392752
-0.392751
-0.391871
-0.390282
-0.388101
-0.385461
-0.382448
-0.379148
-0.375614
-0.371825
-0.36769
-0.363068
-0.357785
-0.35173
-0.345057
-0.338263
-0.332309
-0.328418
-0.327573
-0.330037
-0.335236
-0.341994
-0.349096
-0.355667
-0.361279
-0.365849
-0.369507
-0.37247
-0.374956
-0.377156
-0.379217
-0.381257
-0.383353
-0.385576
-0.387939
-0.390428
-0.393039
-0.395727
-0.398395
-0.400972
-0.403317
-0.405312
-0.406814
-0.407703
-0.407894
-0.407335
-0.406084
-0.40432
-0.40229
-0.400277
-0.398409
-0.396634
-0.394577
-0.391634
-0.387079
-0.380319
-0.37115
-0.360088
-0.348519
-0.338557
-0.332389
-0.331328
-0.335302
-0.34322
-0.353755
-0.365823
-0.37853
-0.390877
-0.401835
-0.410503
-0.416438
-0.41966
-0.420653
-0.420203
-0.41915
-0.41821
-0.417832
-0.418121
-0.418922
-0.419953
-0.42094
-0.421727
-0.4222
-0.422313
-0.422035
-0.421368
-0.420328
-0.419046
-0.417703
-0.416554
-0.415865
-0.415823
-0.416465
-0.417683
-0.419275
-0.420952
-0.422452
-0.42353
-0.424023
-0.423796
-0.422804
-0.421093
-0.418824
-0.416327
-0.414077
-0.412687
-0.412769
-0.414764
-0.41883
-0.424671
-0.431642
-0.438932
-0.445841
-0.451882
-0.456827
-0.460652
-0.463463
-0.465402
-0.466639
-0.46729
-0.467425
-0.467116
-0.466365
-0.465201
-0.463596
-0.461525
-0.45894
-0.455757
-0.451869
-0.447108
-0.441327
-0.43442
-0.426396
-0.417493
-0.408236
-0.399467
-0.392156
-0.387115
-0.384725
-0.384822
-0.386887
-0.390325
-0.394678
-0.399693
-0.405173
-0.410955
-0.416739
-0.422193
-0.426982
-0.43079
-0.433415
-0.434742
-0.434752
-0.4335
-0.431133
-0.427837
-0.423877
-0.419257
-0.415121
-0.411405
-0.408411
-0.406312
-0.405187
-0.404956
-0.405427
-0.406347
-0.407444
-0.408509
-0.409338
-0.409842
-0.409962
-0.409714
-0.409149
-0.408325
-0.407347
-0.406295
-0.405259
-0.40433
-0.403551
-0.402971
-0.402584
-0.402393
-0.402345
-0.402378
-0.402406
-0.402346
-0.402092
-0.401562
-0.400635
-0.399219
-0.397198
-0.394522
-0.391126
-0.387092
-0.382585
-0.377945
-0.373604
-0.370098
-0.367854
-0.367117
-0.367843
-0.369753
-0.37236
-0.375136
-0.37757
-0.379307
-0.380132
-0.379944
-0.378764
-0.376751
-0.37409
-0.371058
-0.367975
-0.365188
-0.363012
-0.361679
-0.361323
-0.361908
-0.363272
-0.365163
-0.367292
-0.369387
-0.371239
-0.3727
-0.373707
-0.3742
-0.374197
-0.373695
-0.372746
-0.371389
-0.369695
-0.367692
-0.365448
-0.363048
-0.360552
-0.358054
-0.355637
-0.353366
-0.351295
-0.349444
-0.347816
-0.346358
-0.345041
-0.343821
-0.342686
-0.341635
-0.340701
-0.339961
-0.339489
-0.339379
-0.339702
-0.340508
-0.341857
-0.34375
-0.346174
-0.349074
-0.35231
-0.355701
-0.359064
-0.362204
-0.364975
-0.367296
-0.369117
-0.370437
-0.371305
-0.371787
-0.371956
-0.371873
-0.371637
-0.37132
-0.370979
-0.370657
-0.370407
-0.370276
-0.370252
-0.370355
-0.370574
-0.370885
-0.371264
-0.371701
-0.372155
-0.372626
-0.373108
-0.37361
-0.374134
-0.3747
-0.375327
-0.376046
-0.376819
-0.377628
-0.378414
-0.379108
-0.379637
-0.379916
-0.379897
-0.379548
-0.378898
-0.378027
-0.377067
-0.376233
-0.375749
-0.375887
-0.376841
-0.378747
-0.381593
-0.385228
-0.389397
-0.393778
-0.398072
-0.401994
-0.405348
-0.407977
-0.409757
-0.410575
-0.410326
-0.408865
-0.406025
-0.401674
-0.3958
-0.388556
-0.380424
-0.372193
-0.364845
-0.359446
-0.356853
-0.357542
-0.36153
-0.368375
-0.377221
-0.387024
-0.396734
-0.405489
-0.412754
-0.418321
-0.422184
-0.42448
-0.425349
-0.424966
-0.423418
-0.420741
-0.416964
-0.412157
-0.406494
-0.400388
-0.394572
-0.390025
-0.387728
-0.388279
-0.391622
-0.397052
-0.403497
-0.409907
-0.415523
-0.419869
-0.422761
-0.424148
-0.424076
-0.422589
-0.419812
-0.415878
-0.411004
-0.405459
-0.399652
-0.393983
-0.388906
-0.38473
-0.381637
-0.379564
-0.378305
-0.377578
-0.377165
-0.376961
-0.377042
-0.37758
-0.378739
-0.380582
-0.382981
-0.385628
-0.388109
-0.390057
-0.39136
-0.392252
-0.393283
-0.395151
-0.398336
-0.402749
-0.407741
-0.412295
-0.415346
-0.416139
-0.41428
-0.409795
-0.403171
-0.39524
-0.387112
-0.379974
-0.374833
-0.372261
-0.372271
-0.374341
-0.377624
-0.381298
-0.384734
-0.38764
-0.390024
-0.392089
-0.394093
-0.396266
-0.398787
-0.401718
-0.40505
-0.408671
-0.412394
-0.415958
-0.419101
-0.421504
-0.422906
-0.423032
-0.421667
-0.418643
-0.413912
-0.407623
-0.400245
-0.392591
-0.385769
-0.380824
-0.378405
-0.378514
-0.380617
-0.3839
-0.387665
-0.391416
-0.394894
-0.398025
-0.400816
-0.403347
-0.405677
-0.40788
-0.410004
-0.412069
-0.414096
-0.416092
-0.418053
-0.419983
-0.421854
-0.423588
-0.425078
-0.426163
-0.426668
-0.426389
-0.425148
-0.422839
-0.419459
-0.415168
-0.410296
-0.405323
-0.400765
-0.397069
-0.394494
-0.393085
-0.392677
-0.393037
-0.393943
-0.395195
-0.396631
-0.398104
-0.399469
-0.400631
-0.401551
-0.402267
-0.402829
-0.403366
-0.404014
-0.404891
-0.40608
-0.40765
-0.409615
-0.411906
-0.414434
-0.417083
-0.419714
-0.422181
-0.424361
-0.42614
-0.427422
-0.428128
-0.42822
-0.427639
-0.426372
-0.424432
-0.421882
-0.41888
-0.415631
-0.412449
-0.409626
-0.407402
-0.405855
-0.404893
-0.404275
-0.403763
-0.403223
-0.402728
-0.402546
-0.40301
-0.404389
-0.406719
-0.409789
-0.413211
-0.416534
-0.41939
-0.421539
-0.422885
-0.423437
-0.423285
-0.422553
-0.42137
-0.41987
-0.418175
-0.416385
-0.414602
-0.41294
-0.411481
-0.410356
-0.409598
-0.40924
-0.409271
-0.409627
-0.410211
-0.410886
-0.411537
-0.412051
-0.412343
-0.412362
-0.412085
-0.411515
-0.410643
-0.409554
-0.408279
-0.406879
-0.405411
-0.403942
-0.4025
-0.40113
-0.399844
-0.398664
-0.3976
-0.396637
-0.395782
-0.395077
-0.394546
-0.394242
-0.394194
-0.394423
-0.394915
-0.395665
-0.396605
-0.39768
-0.398799
-0.39988
-0.400821
-0.40152
-0.401903
-0.401881
-0.401389
-0.40043
-0.399024
-0.397269
-0.395259
-0.393161
-0.391072
-0.389051
-0.387065
-0.385017
-0.382773
-0.380212
-0.377287
-0.374076
-0.370849
-0.368006
-0.365996
-0.365195
-0.365827
-0.367869
-0.3711
-0.375127
-0.379515
-0.3839
-0.387992
-0.391598
-0.394625
-0.397026
-0.398798
-0.399943
-0.400484
-0.400432
-0.399797
-0.398561
-0.396723
-0.394273
-0.391194
-0.387529
-0.383325
-0.378666
-0.373713
-0.368628
-0.363651
-0.358997
-0.354863
-0.351377
-0.348557
-0.346309
-0.344445
-0.34273
-0.340911
-0.338818
-0.336381
-0.33364
-0.330799
-0.328149
-0.326004
-0.324632
-0.324122
-0.324369
-0.325134
-0.326132
-0.327128
-0.328056
-0.328987
-0.330124
-0.331656
-0.333718
-0.336338
-0.339389
-0.342701
-0.346038
-0.349219
-0.35208
-0.354521
-0.356522
-0.35809
-0.359262
-0.360066
-0.36057
-0.360809
-0.360816
-0.360607
-0.360213
-0.359621
-0.358824
-0.357813
-0.356565
-0.355028
-0.353169
-0.350928
-0.348272
-0.345178
-0.341638
-0.337181
-0.332759
-0.328174
-0.323702
-0.31967
-0.316462
-0.314407
-0.313725
-0.314496
-0.316608
-0.319799
-0.323715
-0.327981
-0.332271
-0.336337
-0.340024
-0.343255
-0.345975
-0.348176
-0.349839
-0.35091
-0.351316
-0.350961
-0.349731
-0.347475
-0.344075
-0.339453
-0.333643
-0.326839
-0.319527
-0.312532
-0.306977
-0.304049
-0.304602
-0.308805
-0.316002
-0.325023
-0.33465
-0.343907
-0.352186
-0.359265
-0.365097
-0.369778
-0.373441
-0.376199
-0.378147
-0.379331
-0.379797
-0.379526
-0.378499
-0.376711
-0.374157
-0.370855
-0.366874
-0.362355
-0.357525
-0.352715
-0.348245
-0.344432
-0.341466
-0.339373
-0.33803
-0.337257
-0.336916
-0.336997
-0.337641
-0.339065
-0.341462
-0.344898
-0.34928
-0.354285
-0.359469
-0.364332
-0.368414
-0.371317
-0.372748
-0.37243
-0.370146
-0.365694
-0.358938
-0.349973
-0.339252
-0.327845
-0.317513
-0.310285
-0.307709
-0.310079
-0.316322
-0.324658
-0.333379
-0.341363
-0.348036
-0.353264
-0.357155
-0.359883
-0.361625
-0.36254
-0.36278
-0.362475
-0.361683
-0.360481
-0.358916
-0.357015
-0.354803
-0.3523
-0.349531
-0.346513
-0.343304
-0.339975
-0.336589
-0.333274
-0.330132
-0.327297
-0.324884
-0.322979
-0.321662
-0.320943
-0.320813
-0.32119
-0.321958
-0.322995
-0.32418
-0.325408
-0.326587
-0.327672
-0.328618
-0.329413
-0.330065
-0.330573
-0.330955
-0.331225
-0.331395
-0.331486
-0.331514
-0.331492
-0.331422
-0.331327
-0.3312
-0.331057
-0.330886
-0.330687
-0.330436
-0.33012
-0.329706
-0.329173
-0.328483
-0.327587
-0.326448
-0.325055
-0.323419
-0.321575
-0.319608
-0.317671
-0.315947
-0.314646
-0.313942
-0.313958
-0.314719
-0.316139
-0.318059
-0.320291
-0.322637
-0.324947
-0.327129
-0.329122
-0.330917
-0.332535
-0.334005
-0.335383
-0.336665
-0.33788
-0.339007
-0.340039
-0.340936
-0.341617
-0.342018
-0.342052
-0.341648
-0.340749
-0.339333
-0.337435
-0.335157
-0.332696
-0.330329
-0.328384
-0.327245
-0.327289
-0.328735
-0.331674
-0.336008
-0.341433
-0.347538
-0.353875
-0.36003
-0.365629
-0.37039
-0.374076
-0.376475
-0.37736
-0.376433
-0.373388
-0.367795
-0.359318
-0.347755
-0.333341
-0.317055
-0.300663
-0.286458
-0.276458
-0.27157
-0.271352
-0.274483
-0.279659
-0.28616
-0.293852
-0.302765
-0.312655
-0.322906
-0.332691
-0.341349
-0.34841
-0.353735
-0.357369
-0.359581
-0.3607
-0.36113
-0.361304
-0.361662
-0.362509
-0.364036
-0.366235
-0.368975
-0.372028
-0.375158
-0.378138
-0.38086
-0.383221
-0.385204
-0.386813
-0.388047
-0.388897
-0.389348
-0.389364
-0.388865
-0.387749
-0.385927
-0.383273
-0.379746
-0.375349
-0.370204
-0.364628
-0.359108
-0.354259
-0.350713
-0.348946
-0.349099
-0.350936
-0.353966
-0.357563
-0.361159
-0.364386
-0.367069
-0.369211
-0.370919
-0.372341
-0.37358
-0.37466
-0.375531
-0.37606
-0.376058
-0.375362
-0.373835
-0.371424
-0.368195
-0.364298
-0.359998
-0.355609
-0.351476
-0.347923
-0.345209
-0.343496
-0.342841
-0.343205
-0.344481
-0.346502
-0.349116
-0.352178
-0.355556
-0.359133
-0.362784
-0.366297
-0.369364
-0.371532
-0.37221
-0.37064
-0.36611
-0.358184
-0.347366
-0.335789
-0.327245
-0.325557
-0.331952
-0.344099
-0.357906
-0.369994
-0.378781
-0.384159
-0.386679
-0.387114
-0.386233
-0.384631
-0.382784
-0.380996
-0.379433
-0.378106
-0.376934
-0.3758
-0.374559
-0.373147
-0.371554
-0.369868
-0.368244
-0.36683
-0.365759
-0.365087
-0.364798
-0.364799
-0.365045
-0.365473
-0.366157
-0.367211
-0.36878
-0.370913
-0.373516
-0.376351
-0.379013
-0.381022
-0.381841
-0.381044
-0.378241
-0.373225
-0.36596
-0.356772
-0.346413
-0.336114
-0.327435
-0.321838
-0.320135
-0.322173
-0.326928
-0.332944
-0.33888
-0.343877
-0.347599
-0.350097
-0.351639
-0.35252
-0.352931
-0.352974
-0.352725
-0.352218
-0.35151
-0.350713
-0.34994
-0.349259
-0.348669
-0.348104
-0.347472
-0.346715
-0.345848
-0.344985
-0.34433
-0.344091
-0.344407
-0.345221
-0.346253
-0.347064
-0.347154
-0.346017
-0.343333
-0.339105
-0.333835
-0.328574
-0.324702
-0.323456
-0.325324
-0.329797
-0.335657
-0.341534
-0.346413
-0.349768
-0.351459
-0.351597
-0.350397
-0.34806
-0.344738
-0.3405
-0.335283
-0.32888
-0.321002
-0.311359
-0.299984
-0.287659
-0.276322
-0.268822
-0.267607
-0.273103
-0.283212
-0.294707
-0.30489
-0.312414
-0.317101
-0.319495
-0.320352
-0.32047
-0.320555
-0.321155
-0.322541
-0.32476
-0.327636
-0.330837
-0.334006
-0.336851
-0.33918
-0.340904
-0.342046
-0.34267
-0.342841
-0.3426
-0.341925
-0.340717
-0.338791
-0.335908
-0.331854
-0.326593
-0.320435
-0.314175
-0.309026
-0.30623
-0.306331
-0.308765
-0.312005
-0.314193
-0.313793
-0.310138
-0.303656
-0.296073
-0.290013
-0.288047
-0.291329
-0.298981
-0.308823
-0.318665
-0.327125
-0.333695
-0.338444
-0.341668
-0.343676
-0.344768
-0.345104
-0.344823
-0.343998
-0.342756
-0.341207
-0.339483
-0.337742
-0.336095
-0.334632
-0.333357
-0.33221
-0.331115
-0.330003
-0.328825
-0.327583
-0.326347
-0.325224
-0.324411
-0.324175
-0.324804
-0.326582
-0.329609
-0.33377
-0.338772
-0.344157
-0.34949
-0.354439
-0.358793
-0.362483
-0.365531
-0.368007
-0.370021
-0.371672
-0.37306
-0.374237
-0.375264
-0.376158
-0.376915
-0.377471
-0.377757
-0.377683
-0.377032
-0.375821
-0.373898
-0.371165
-0.367594
-0.363223
-0.358148
-0.352578
-0.3468
-0.341123
-0.33589
-0.331364
-0.327726
-0.325082
-0.323454
-0.322856
-0.32328
-0.324771
-0.327368
-0.331047
-0.33576
-0.341382
-0.347737
-0.354583
-0.361662
-0.368686
-0.375432
-0.381695
-0.38733
-0.392213
-0.396294
-0.399578
-0.402078
-0.403827
-0.404904
-0.405384
-0.405339
-0.404836
-0.40396
-0.402758
-0.401297
-0.399629
-0.397799
-0.395848
-0.393831
-0.391767
-0.389693
-0.387656
-0.38566
-0.383743
-0.381904
-0.380172
-0.378534
-0.376988
-0.375507
-0.374057
-0.372577
-0.371039
-0.369369
-0.367499
-0.365353
-0.362877
-0.359958
-0.356503
-0.352388
-0.347492
-0.34166
-0.334869
-0.327202
-0.318965
-0.310726
-0.303313
-0.297647
-0.294534
-0.29445
-0.297465
-0.303225
-0.311063
-0.320203
-0.329841
-0.339251
-0.347859
-0.355196
-0.360992
-0.365044
-0.367263
-0.367622
-0.366169
-0.363039
-0.358556
-0.353206
-0.34763
-0.342496
-0.338264
-0.335001
-0.332365
-0.329769
-0.326644
-0.322703
-0.317945
-0.312635
-0.306996
-0.301126
-0.294839
-0.287823
-0.27981
-0.270701
-0.260841
-0.251143
-0.2431
-0.238435
-0.238323
-0.242716
-0.250313
-0.259236
-0.267825
-0.275018
-0.280366
-0.283831
-0.285653
-0.286269
-0.286277
-0.286398
-0.287343
-0.289642
-0.293503
-0.298701
-0.304708
-0.310882
-0.3166
-0.32141
-0.325048
-0.327417
-0.328533
-0.328458
-0.327307
-0.325166
-0.322123
-0.318275
-0.313725
-0.308634
-0.303229
-0.297843
-0.292886
-0.288823
-0.286046
-0.284753
-0.284889
-0.286075
-0.287756
-0.28928
-0.290055
-0.28958
-0.28751
-0.28364
-0.277988
-0.270815
-0.262673
-0.254468
-0.247306
-0.242263
-0.240039
-0.240694
-0.243717
-0.248274
-0.253448
-0.258522
-0.263013
-0.266629
-0.269343
-0.2712
-0.272333
-0.2729
-0.273097
-0.273062
-0.272924
-0.272735
-0.272515
-0.272241
-0.271844
-0.271246
-0.270354
-0.269093
-0.267442
-0.265416
-0.263111
-0.260685
-0.258366
-0.256407
-0.255045
-0.254448
-0.254665
-0.255646
-0.257228
-0.25922
-0.261412
-0.263602
-0.265624
-0.267345
-0.268668
-0.269519
-0.269817
-0.269526
-0.268592
-0.266988
-0.264652
-0.261507
-0.257399
-0.252082
-0.245277
-0.236812
-0.227041
-0.217322
-0.210183
-0.208424
-0.21346
-0.224212
-0.237763
-0.251089
-0.262301
-0.270734
-0.276513
-0.280084
-0.281943
-0.282513
-0.282123
-0.281016
-0.279374
-0.277349
-0.275091
-0.272722
-0.270377
-0.268155
-0.266178
-0.26451
-0.263188
-0.262235
-0.261659
-0.261455
-0.261637
-0.262201
-0.26318
-0.264561
-0.266363
-0.268527
-0.271014
-0.273706
-0.276519
-0.279335
-0.282076
-0.28465
-0.287011
-0.289122
-0.290968
-0.292585
-0.293992
-0.295226
-0.296341
-0.297417
-0.298516
-0.299688
-0.300984
-0.302441
-0.304012
-0.305693
-0.307429
-0.30912
-0.310692
-0.312061
-0.313156
-0.313943
-0.314433
-0.314601
-0.314533
-0.314251
-0.313832
-0.313325
-0.312747
-0.312118
-0.311443
-0.310717
-0.310002
-0.309371
-0.308959
-0.308898
-0.309275
-0.310129
-0.311407
-0.312988
-0.314716
-0.316416
-0.31792
-0.319114
-0.319905
-0.320211
-0.320008
-0.319303
-0.318166
-0.316745
-0.315267
-0.313987
-0.313161
-0.313023
-0.313665
-0.315063
-0.317083
-0.319527
-0.32217
-0.324834
-0.32738
-0.329719
-0.331782
-0.33354
-0.334978
-0.336071
-0.336841
-0.337293
-0.337409
-0.337232
-0.33678
-0.33611
-0.335277
-0.334394
-0.333551
-0.332853
-0.332349
-0.331999
-0.331761
-0.331494
-0.331012
-0.33013
-0.328674
-0.326514
-0.323624
-0.32012
-0.31634
-0.312833
-0.31031
-0.309436
-0.310595
-0.313698
-0.318205
-0.32336
-0.328399
-0.332747
-0.336086
-0.33829
-0.339413
-0.339544
-0.338835
-0.337431
-0.335447
-0.332985
-0.33013
-0.326954
-0.32352
-0.319892
-0.316187
-0.312507
-0.309041
-0.305976
-0.30348
-0.30164
-0.300431
-0.299738
-0.299385
-0.299235
-0.29928
-0.299622
-0.300476
-0.302093
-0.304673
-0.308205
-0.312527
-0.317338
-0.322251
-0.326916
-0.331067
-0.334535
-0.337254
-0.339235
-0.340522
-0.34118
-0.341295
-0.340935
-0.340189
-0.339106
-0.337739
-0.336137
-0.334354
-0.332444
-0.33047
-0.328497
-0.326607
-0.324873
-0.323357
-0.322135
-0.321264
-0.320778
-0.320694
-0.321015
-0.321692
-0.3227
-0.323972
-0.32544
-0.327052
-0.328756
-0.330512
-0.332255
-0.333973
-0.335592
-0.33707
-0.338346
-0.339353
-0.340024
-0.340263
-0.340012
-0.339225
-0.337887
-0.336054
-0.33389
-0.331667
-0.329717
-0.32837
-0.327918
-0.328439
-0.329852
-0.331873
-0.334209
-0.336547
-0.338692
-0.340548
-0.342137
-0.343521
-0.344823
-0.346099
-0.347416
-0.348824
-0.350288
-0.351742
-0.353082
-0.354154
-0.354739
-0.354626
-0.353613
-0.351688
-0.349074
-0.346392
-0.344555
-0.344498
-0.346751
-0.351143
-0.356871
-0.36286
-0.368198
-0.372335
-0.375096
-0.37655
-0.376904
-0.376359
-0.375093
-0.373225
-0.370806
-0.367869
-0.364444
-0.360582
-0.356349
-0.351859
-0.347267
-0.342761
-0.338536
-0.334784
-0.331682
-0.32937
-0.327917
-0.327324
-0.327581
-0.328632
-0.330435
-0.332983
-0.336226
-0.340072
-0.344405
-0.349013
-0.353656
-0.35808
-0.362095
-0.365576
-0.368454
-0.370754
-0.372503
-0.373749
-0.374518
-0.374825
-0.374706
-0.37411
-0.373006
-0.371362
-0.369157
-0.366341
