1.8
1.80001
1.80003
1.80005
1.80007
1.8001
1.80014
1.80019
1.80024
1.80029
1.80036
1.80043
1.8005
1.80058
1.80067
1.80077
1.80087
1.80098
1.8011
1.80123
1.80136
1.8015
1.80165
1.80181
1.80197
1.80215
1.80233
1.80252
1.80272
1.80293
1.80315
1.80338
1.80363
1.80388
1.80414
1.80441
1.8047
1.80499
1.8053
1.80562
1.80596
1.80631
1.80667
1.80705
1.80744
1.80785
1.80828
1.80872
1.80918
1.80966
1.81016
1.81068
1.81123
1.81179
1.81238
1.813
1.81364
1.81431
1.815
1.81573
1.81649
1.81729
1.81812
1.81899
1.8199
1.82085
1.82185
1.8229
1.824
1.82515
1.82636
1.82763
1.82896
1.83036
1.83183
1.83338
1.835
1.8367
1.83849
1.84036
1.84231
1.84434
1.84645
1.84862
1.85083
1.85305
1.85525
1.85736
1.85931
1.86099
1.86228
1.86302
1.86307
1.8623
1.86072
1.8585
1.85614
1.8544
1.85423
1.85643
1.86129
1.86847
1.87714
1.8863
1.89508
1.90289
1.90941
1.91446
1.91794
1.91976
1.91982
1.91808
1.91461
1.90974
1.90409
1.89856
1.89411
1.89151
1.89113
1.89305
1.89721
1.90356
1.91195
1.92195
1.93279
1.94353
1.95324
1.96133
1.96753
1.97197
1.97502
1.97714
1.9787
1.97988
1.9806
1.98068
1.97994
1.97837
1.97621
1.97393
1.97202
1.97088
1.97067
1.97126
1.97238
1.97377
1.97525
1.97687
1.97883
1.98145
1.98501
1.98975
1.99574
2.00294
2.01116
2.02012
2.02947
2.03883
2.04782
2.05612
2.06342
2.06951
2.07426
2.0776
2.07954
2.08014
2.0795
2.07774
2.07494
2.07115
2.06629
2.06017
2.05257
2.04332
2.03247
2.02035
2.00746
1.99452
1.98269
1.97411
1.97177
1.97778
1.9915
2.00947
2.02765
2.04333
2.05558
2.06461
2.07114
2.07592
2.07956
2.08245
2.08485
2.08691
2.08872
2.09035
2.09188
2.09334
2.09475
2.09606
2.09714
2.0978
2.09783
2.097
2.09512
2.09216
2.08824
2.08373
2.0792
2.07529
2.07256
2.07131
2.07158
2.07317
2.07571
2.07882
2.08209
2.08517
2.08781
2.08989
2.09142
2.09255
2.09346
2.09433
2.09524
2.09617
2.09699
2.0975
2.09746
2.09665
2.09489
2.09206
2.08816
2.08332
2.07788
2.07233
2.06722
2.06299
2.05983
2.05764
2.05618
2.05528
2.05491
2.05515
2.05605
2.05745
2.05899
2.06021
2.06064
2.05999
2.05812
2.05503
2.05082
2.04563
2.03978
2.03388
2.02903
2.02674
2.02849
2.035
2.04568
2.0589
2.07267
2.08543
2.09633
2.10512
2.11193
2.11704
2.12077
2.12338
2.12508
2.126
2.12619
2.12565
2.12436
2.12222
2.11915
2.11503
2.10978
2.10331
2.09563
2.08679
2.07696
2.0664
2.05548
2.0447
2.03469
2.02623
2.0202
2.0174
2.01827
2.02263
2.02969
2.03825
2.04701
2.05481
2.06078
2.06426
2.0649
2.06271
2.05827
2.05293
2.04868
2.04754
2.05055
2.05726
2.06604
2.07501
2.08285
2.08894
2.09325
2.09603
2.09763
2.09839
2.09858
2.09838
2.0979
2.0972
2.09626
2.09501
2.09336
2.09114
2.0882
2.08436
2.07946
2.07345
2.06638
2.05855
2.05046
2.0428
2.03632
2.03161
2.02899
2.02849
2.02994
2.03315
2.03787
2.0438
2.05059
2.05779
2.06492
2.07158
2.07747
2.08243
2.0864
2.08939
2.09147
2.0927
2.09316
2.09293
2.09206
2.0906
2.08861
2.08616
2.0833
2.08007
2.07649
2.07253
2.0681
2.06314
2.05772
2.05218
2.04724
2.0439
2.04299
2.04475
2.04858
2.05324
2.05747
2.06042
2.06192
2.06238
2.06253
2.06305
2.06428
2.06609
2.06804
2.06959
2.07038
2.07035
2.06976
2.06908
2.06885
2.06952
2.07134
2.07429
2.07809
2.08228
2.08636
2.08982
2.0923
2.09355
2.09343
2.09197
2.08928
2.08557
2.08109
2.07617
2.07115
2.06646
2.06263
2.06028
2.06
2.06218
2.06679
2.07339
2.08122
2.08946
2.09742
2.10461
2.1108
2.11592
2.12001
2.12318
2.12557
2.12729
2.12848
2.12923
2.1296
2.12965
2.12939
2.12884
2.12797
2.12677
2.12521
2.12329
2.12105
2.11857
2.11597
2.11341
2.11107
2.1091
2.10758
2.10651
2.10577
2.10518
2.1045
2.10354
2.10214
2.10025
2.0979
2.0952
2.09228
2.08932
2.08646
2.08382
2.08151
2.07965
2.07831
2.07757
2.07742
2.07783
2.07868
2.07985
2.08127
2.0829
2.08481
2.08706
2.08967
2.09252
2.09535
2.09781
2.09955
2.10029
2.09992
2.09849
2.09617
2.09325
2.09004
2.08686
2.08403
2.08183
2.08051
2.08027
2.08117
2.08321
2.08624
2.09005
2.09438
2.09894
2.10347
2.10775
2.1116
2.11494
2.11771
2.11988
2.12144
2.12239
2.12269
2.1223
2.12115
2.11917
2.11631
2.11258
2.10815
2.10339
2.09887
2.09532
2.09343
2.09362
1.80207
1.80582
1.81043
1.81522
1.81966
1.82344
1.82641
1.82851
1.82973
1.83003
1.82936
1.82757
1.82451
1.82
1.81393
1.80638
1.79769
1.78867
1.78048
1.77447
1.77177
1.77282
1.77717
1.78361
1.79065
1.797
1.80197
1.80551
1.80798
1.80993
1.81175
1.81365
1.81563
1.81764
1.81962
1.82155
1.82345
1.82531
1.82711
1.8288
1.83036
1.83174
1.83295
1.83393
1.83463
1.83497
1.83482
1.83408
1.83263
1.83039
1.82734
1.82353
1.81913
1.81449
1.81012
1.8067
1.80487
1.80512
1.80756
1.81193
1.81769
1.82419
1.83085
1.83722
1.84294
1.8478
1.85163
1.85433
1.85585
1.8562
1.85544
1.85373
1.85132
1.84851
1.84569
1.8432
1.84126
1.83994
1.83915
1.83875
1.83863
1.83886
1.83967
1.84138
1.84424
1.84828
1.85334
1.85905
1.86497
1.87071
1.87601
1.88067
1.8846
1.88779
1.89019
1.89183
1.89272
1.89289
1.89245
1.89155
1.89044
1.88941
1.88872
1.88858
1.88906
1.89008
1.89142
1.89279
1.89389
1.89444
1.89421
1.89312
1.89125
1.889
1.887
1.886
1.88664
1.88917
1.8934
1.89877
1.90462
1.91036
1.91555
1.91994
1.92335
1.92563
1.92661
1.92608
1.92375
1.91935
1.9127
1.90388
1.89334
1.88209
1.87162
1.86359
1.85924
1.859
1.86238
1.86853
1.8766
1.88594
1.89597
1.90606
1.91546
1.92347
1.92964
1.93386
1.93651
1.9383
1.94012
1.94268
1.94628
1.95074
1.95552
1.95998
1.9636
1.96602
1.96708
1.96673
1.96499
1.96189
1.9575
1.95191
1.94527
1.93776
1.92962
1.92108
1.9123
1.90337
1.89436
1.88546
1.87714
1.87008
1.86491
1.86174
1.86022
1.85987
1.86053
1.86243
1.86572
1.87014
1.8751
1.87997
1.88442
1.88839
1.89191
1.895
1.89759
1.89965
1.90127
1.90264
1.90401
1.90554
1.9072
1.90876
1.90984
1.91003
1.90891
1.90618
1.90163
1.89516
1.88688
1.87717
1.8668
1.85689
1.84873
1.8433
1.84098
1.84139
1.84371
1.84711
1.85102
1.85512
1.85929
1.86345
1.86751
1.87133
1.87475
1.87764
1.87989
1.88149
1.8825
1.88302
1.88321
1.88322
1.88318
1.88316
1.88321
1.88327
1.8833
1.88317
1.88278
1.88202
1.88078
1.87899
1.87661
1.87364
1.87013
1.86621
1.8621
1.85808
1.85447
1.8516
1.84972
1.84896
1.84933
1.85066
1.85272
1.85526
1.858
1.86075
1.86333
1.86563
1.86756
1.86908
1.87012
1.87064
1.8706
1.86993
1.86856
1.86642
1.86344
1.85957
1.85487
1.84952
1.8439
1.83863
1.83441
1.83192
1.83149
1.83304
1.83607
1.83986
1.84367
1.84688
1.84903
1.84983
1.84912
1.8468
1.84291
1.83759
1.83116
1.82409
1.81705
1.81081
1.80616
1.80367
1.80367
1.80608
1.81052
1.8164
1.82304
1.82981
1.83619
1.84185
1.84657
1.85031
1.85307
1.85496
1.85607
1.85656
1.85655
1.85617
1.85553
1.85472
1.8538
1.85281
1.85173
1.85051
1.84906
1.84727
1.84502
1.84219
1.83869
1.83451
1.82971
1.82448
1.81912
1.81405
1.80972
1.80659
1.80495
1.8049
1.8063
1.80878
1.81184
1.81498
1.81779
1.82007
1.82184
1.82335
1.82504
1.8274
1.83084
1.83551
1.84126
1.84766
1.85414
1.86012
1.86511
1.86877
1.87089
1.87134
1.87007
1.86705
1.86233
1.85603
1.84845
1.84009
1.83174
1.82433
1.81881
1.81588
1.81569
1.81783
1.82147
1.82567
1.82964
1.83295
1.83541
1.83706
1.83799
1.83833
1.83818
1.83766
1.83691
1.83608
1.83532
1.83476
1.83449
1.83458
1.83507
1.83599
1.83733
1.83905
1.84108
1.84331
1.84562
1.84788
1.84996
1.85179
1.85329
1.85443
1.85519
1.85555
1.8555
1.85505
1.85417
1.85282
1.85097
1.84858
1.84559
1.84199
1.83776
1.83298
1.82777
1.82236
1.81709
1.81235
1.80854
1.80596
1.80477
1.80494
1.80626
1.80842
1.81108
1.81393
1.81674
1.81932
1.82156
1.82339
1.82478
1.82571
1.8262
1.82625
1.8259
1.82517
1.82408
1.82265
1.82087
1.81875
1.81628
1.81347
1.81038
1.80707
1.80371
1.80049
1.79766
1.7955
1.79425
1.79408
1.79503
1.79703
1.79987
1.80328
1.80696
1.81065
1.81413
1.81726
1.81999
1.82229
1.82418
1.82571
1.82694
1.8279
1.82864
1.82918
1.82954
1.82971
1.82969
1.82945
1.82897
1.82824
1.82722
1.82592
1.82434
1.82251
1.82051
1.8184
1.81632
1.81438
1.81268
1.81133
1.81037
1.8098
1.8096
1.80971
1.81007
1.8106
1.81124
1.81194
1.81266
1.81339
1.81412
1.81487
1.81567
1.81658
1.81768
1.81903
1.82068
1.82265
1.82488
1.82722
1.82945
1.8313
1.83244
1.83256
1.83139
1.82875
1.82461
1.81919
1.81305
1.80707
1.80234
1.79986
1.80012
1.80291
1.80731
1.81213
1.8034
1.8056
1.80569
1.80356
1.79934
1.79344
1.78651
1.77956
1.77391
1.77101
1.77189
1.77662
1.78421
1.79315
1.80201
1.8099
1.81646
1.82169
1.82578
1.82893
1.83132
1.83308
1.83431
1.83505
1.83536
1.83528
1.83483
1.83406
1.83301
1.83173
1.83027
1.82869
1.8271
1.82557
1.82422
1.82317
1.82253
1.8224
1.82282
1.82381
1.82534
1.82732
1.82965
1.83219
1.83479
1.83729
1.83954
1.84138
1.84266
1.84326
1.8431
1.84211
1.84028
1.83758
1.834
1.82947
1.82389
1.81718
1.8094
1.8009
1.79246
1.78523
1.78055
1.7795
1.78238
1.78867
1.79713
1.80637
1.81524
1.823
1.82936
1.83434
1.83812
1.84098
1.84317
1.84491
1.84637
1.84768
1.84891
1.8501
1.85123
1.85229
1.85321
1.8539
1.85427
1.8542
1.85359
1.85236
1.85046
1.84788
1.84467
1.84099
1.83707
1.83324
1.82986
1.8273
1.82587
1.82574
1.82692
1.82925
1.8325
1.83633
1.84043
1.8445
1.84832
1.85172
1.85459
1.85688
1.85858
1.85969
1.86024
1.86026
1.85979
1.8589
1.85765
1.85612
1.85434
1.85228
1.84979
1.84657
1.84227
1.83667
1.82997
1.82299
1.81723
1.81431
1.81526
1.81981
1.82658
1.83378
1.83993
1.84422
1.84642
1.84673
1.84555
1.84338
1.84075
1.83816
1.8361
1.83497
1.83506
1.83646
1.8391
1.84271
1.84694
1.85137
1.85564
1.85942
1.86249
1.86471
1.86604
1.86649
1.86613
1.86505
1.86338
1.86124
1.85874
1.85597
1.85303
1.85
1.847
1.84418
1.84173
1.83987
1.83883
1.83878
1.83981
1.8419
1.8449
1.8486
1.85272
1.85698
1.86113
1.86495
1.86827
1.87097
1.87298
1.87424
1.87475
1.87449
1.87348
1.87175
1.86934
1.86631
1.86278
1.8589
1.85492
1.85112
1.84783
1.84534
1.84383
1.84333
1.84372
1.84477
1.84619
1.84774
1.84926
1.85065
1.8519
1.85307
1.85421
1.8554
1.85666
1.85797
1.8592
1.86022
1.86083
1.86085
1.86013
1.8586
1.85624
1.8531
1.84927
1.84488
1.84008
1.8351
1.83018
1.82566
1.82189
1.81921
1.81784
1.81785
1.81913
1.82143
1.8244
1.82768
1.83095
1.8339
1.8363
1.83797
1.83875
1.83855
1.83735
1.83521
1.83234
1.82904
1.82578
1.82302
1.82118
1.82049
1.82093
1.82227
1.82413
1.82614
1.82798
1.82946
1.83049
1.83104
1.83114
1.83086
1.83026
1.82939
1.82832
1.82709
1.82575
1.82434
1.82288
1.82143
1.82001
1.81867
1.81744
1.81636
1.81548
1.81483
1.81443
1.81429
1.81443
1.81482
1.81544
1.81625
1.81718
1.81818
1.81917
1.82008
1.82082
1.82132
1.82151
1.82131
1.82069
1.81962
1.81813
1.8163
1.81429
1.81227
1.81045
1.809
1.80802
1.80755
1.80752
1.80785
1.80847
1.80931
1.81034
1.81153
1.81283
1.81417
1.81546
1.81665
1.81772
1.81871
1.81967
1.82065
1.82172
1.82288
1.82414
1.82549
1.82689
1.82832
1.82978
1.83123
1.83264
1.83396
1.83511
1.83599
1.83648
1.83644
1.83577
1.83435
1.83214
1.82915
1.82544
1.82119
1.81663
1.812
1.80751
1.80329
1.79936
1.79572
1.79242
1.78971
1.78805
1.78802
1.79014
1.79462
1.80121
1.80927
1.81797
1.8265
1.83421
1.8407
1.84579
1.84946
1.85179
1.85292
1.85302
1.85223
1.85071
1.84858
1.84597
1.84299
1.83972
1.8362
1.83243
1.82834
1.82377
1.81855
1.81258
1.80594
1.79912
1.79304
1.78889
1.78771
1.78986
1.79483
1.80149
1.80861
1.81526
1.82098
1.82565
1.82939
1.83241
1.83493
1.83714
1.83921
1.84124
1.84333
1.84554
1.84788
1.85037
1.85297
1.85565
1.85833
1.86091
1.86328
1.86532
1.86687
1.86783
1.86808
1.86758
1.8664
1.86467
1.86266
1.86061
1.85873
1.85696
1.85497
1.85215
1.8478
1.84127
1.83234
1.82141
1.80981
1.79958
1.79296
1.79136
1.79488
1.80246
1.81278
1.82474
1.83742
1.84986
1.861
1.86994
1.87614
1.87961
1.8808
1.88045
1.87941
1.87845
1.87801
1.87824
1.879
1.88002
1.88103
1.88184
1.88234
1.88249
1.88225
1.88162
1.88062
1.87935
1.878
1.87682
1.87608
1.87597
1.87655
1.87773
1.8793
1.88099
1.88251
1.88365
1.8842
1.88405
1.88313
1.88148
1.87925
1.87675
1.87445
1.87295
1.87285
1.87465
1.87852
1.88421
1.89109
1.89839
1.90536
1.91151
1.91656
1.9205
1.92341
1.92543
1.92673
1.92743
1.92761
1.92734
1.92664
1.92551
1.92395
1.92193
1.9194
1.91628
1.91247
1.9078
1.90214
1.89534
1.88742
1.87858
1.86933
1.86047
1.85297
1.84768
1.84503
1.8449
1.84679
1.85012
1.85439
1.85934
1.86478
1.87054
1.87634
1.88184
1.88671
1.89062
1.89337
1.89483
1.89497
1.89384
1.89157
1.88835
1.88444
1.7962
1.79205
1.78828
1.7852
1.783
1.78178
1.78146
1.78187
1.78276
1.78387
1.78494
1.7858
1.78633
1.78649
1.78628
1.78574
1.78494
1.78398
1.78293
1.78189
1.78095
1.78015
1.77954
1.77914
1.77893
1.77888
1.7789
1.77893
1.77888
1.77865
1.77815
1.77727
1.77591
1.77396
1.77135
1.76803
1.76406
1.75959
1.75494
1.75055
1.74694
1.74455
1.74365
1.74425
1.74605
1.74862
1.75139
1.75388
1.7557
1.75662
1.75654
1.75546
1.75352
1.75091
1.7479
1.74481
1.74197
1.73972
1.7383
1.73785
1.73836
1.73966
1.74151
1.74362
1.74573
1.74762
1.74913
1.75018
1.75072
1.75076
1.75031
1.74941
1.7481
1.74643
1.74445
1.74223
1.73984
1.73735
1.73485
1.73242
1.73013
1.72803
1.72616
1.7245
1.72304
1.72172
1.7205
1.71936
1.7183
1.71736
1.7166
1.7161
1.71595
1.71623
1.71698
1.71827
1.72011
1.72249
1.72534
1.72855
1.73193
1.7353
1.73847
1.74129
1.74365
1.74552
1.74689
1.7478
1.74832
1.7485
1.74845
1.74822
1.7479
1.74755
1.74723
1.74698
1.74683
1.74679
1.74689
1.74709
1.7474
1.74778
1.74821
1.74867
1.74914
1.74963
1.75012
1.75065
1.75121
1.75184
1.75255
1.75332
1.75413
1.75492
1.75563
1.75617
1.75648
1.75648
1.75617
1.75554
1.75468
1.75372
1.75286
1.75233
1.7524
1.75326
1.75507
1.75783
1.7614
1.76553
1.76991
1.77422
1.77819
1.78161
1.78432
1.78619
1.78712
1.78698
1.78565
1.78295
1.77876
1.77303
1.76591
1.75784
1.74956
1.74207
1.73643
1.73353
1.73388
1.73754
1.74413
1.75282
1.76258
1.77233
1.78121
1.78864
1.79439
1.79842
1.80086
1.80188
1.80162
1.80018
1.79762
1.79397
1.78926
1.78367
1.77758
1.7717
1.76698
1.76442
1.76468
1.76778
1.77305
1.77944
1.7859
1.79161
1.7961
1.79914
1.80068
1.80074
1.7994
1.79674
1.79292
1.78813
1.78265
1.77685
1.77115
1.76599
1.76172
1.75851
1.75634
1.75502
1.75425
1.75381
1.75358
1.75363
1.7541
1.75519
1.75697
1.75933
1.76197
1.76448
1.7665
1.76787
1.76878
1.76977
1.77153
1.77456
1.77887
1.78385
1.78849
1.79174
1.79278
1.79118
1.78695
1.78051
1.77266
1.7645
1.75721
1.75184
1.749
1.74876
1.75065
1.75386
1.75753
1.761
1.76395
1.76638
1.76847
1.77047
1.77262
1.77509
1.77798
1.78128
1.78488
1.7886
1.7922
1.79539
1.79788
1.79939
1.79966
1.79846
1.79561
1.79104
1.7849
1.7776
1.76993
1.76297
1.7578
1.75511
1.75499
1.75692
1.76014
1.76388
1.76764
1.77115
1.77431
1.77713
1.77968
1.78203
1.78425
1.78638
1.78846
1.79049
1.79249
1.79445
1.79639
1.79826
1.80001
1.80154
1.80267
1.80324
1.80305
1.80191
1.79971
1.79643
1.79223
1.7874
1.78241
1.77779
1.77399
1.7713
1.76977
1.76927
1.76956
1.77042
1.77165
1.77308
1.77455
1.77593
1.77711
1.77806
1.77879
1.77936
1.7799
1.78053
1.78137
1.78253
1.78407
1.78598
1.78824
1.79076
1.7934
1.79605
1.79855
1.80077
1.8026
1.80394
1.8047
1.80485
1.80433
1.80312
1.80124
1.79875
1.79579
1.79256
1.78936
1.78649
1.7842
1.78258
1.78157
1.78092
1.7804
1.77987
1.77936
1.77913
1.77952
1.78081
1.78305
1.78606
1.78947
1.79282
1.79574
1.79796
1.79939
1.80002
1.79993
1.79926
1.79812
1.79665
1.79496
1.79317
1.79138
1.7897
1.78823
1.78705
1.78626
1.78587
1.78587
1.7862
1.78676
1.78744
1.7881
1.78864
1.78896
1.78901
1.78877
1.78822
1.78739
1.78632
1.78506
1.78367
1.7822
1.78072
1.77928
1.7779
1.77661
1.77542
1.77434
1.77336
1.7725
1.77178
1.77123
1.7709
1.77081
1.77101
1.77148
1.7722
1.77313
1.7742
1.77532
1.77641
1.77737
1.7781
1.77851
1.77853
1.77809
1.77717
1.7758
1.77407
1.77209
1.76999
1.76789
1.76586
1.76388
1.76185
1.75963
1.7571
1.7542
1.75102
1.74778
1.74487
1.74275
1.74181
1.74229
1.74421
1.74734
1.7513
1.75568
1.76008
1.76421
1.76787
1.77096
1.77343
1.77527
1.77648
1.77709
1.7771
1.77652
1.77535
1.77356
1.77117
1.76816
1.76455
1.7604
1.75578
1.75084
1.74577
1.74077
1.73607
1.73188
1.72832
1.72544
1.72315
1.72126
1.71955
1.71775
1.71569
1.71329
1.71057
1.70773
1.70505
1.70284
1.70138
1.70078
1.70096
1.70169
1.70267
1.70367
1.70461
1.70554
1.70664
1.70812
1.71012
1.71268
1.7157
1.71899
1.72234
1.72554
1.72843
1.73091
1.73296
1.73457
1.73578
1.73663
1.73716
1.73742
1.73745
1.73726
1.73688
1.7363
1.73553
1.73454
1.73331
1.7318
1.72997
1.72778
1.72517
1.72213
1.71863
1.79634
1.79194
1.78736
1.78286
1.77877
1.77546
1.77327
1.77245
1.77308
1.77507
1.77817
1.78203
1.78628
1.79057
1.79467
1.7984
1.80167
1.80445
1.8067
1.80842
1.80955
1.81004
1.80977
1.80863
1.80648
1.80319
1.79869
1.79298
1.78626
1.77897
1.7719
1.76615
1.76292
1.76312
1.76697
1.7739
1.7828
1.79242
1.80174
1.81014
1.81733
1.82329
1.82808
1.83184
1.83468
1.8367
1.83797
1.8385
1.8383
1.83736
1.83565
1.83317
1.82994
1.82601
1.82154
1.81673
1.8119
1.80738
1.80349
1.80044
1.79827
1.79686
1.79604
1.79566
1.7957
1.79628
1.79761
1.7999
1.80324
1.80754
1.8125
1.81768
1.8226
1.82677
1.82982
1.8314
1.83127
1.82919
1.82496
1.81844
1.80967
1.79909
1.78769
1.77716
1.76953
1.76645
1.76835
1.77428
1.78248
1.79122
1.7993
1.80612
1.8115
1.81553
1.81836
1.82019
1.82118
1.82149
1.82122
1.82047
1.81931
1.81778
1.81591
1.81373
1.81126
1.80851
1.80552
1.80233
1.79901
1.79563
1.7923
1.78913
1.78625
1.78378
1.78183
1.78045
1.77968
1.77949
1.77982
1.78056
1.78158
1.78277
1.784
1.78519
1.78628
1.78725
1.78806
1.78872
1.78923
1.78962
1.7899
1.79008
1.79018
1.79021
1.7902
1.79014
1.79005
1.78993
1.78978
1.78961
1.78941
1.78916
1.78885
1.78846
1.78793
1.78726
1.78638
1.78527
1.7839
1.78229
1.78046
1.7785
1.77655
1.7748
1.77345
1.77268
1.77263
1.77332
1.77469
1.77657
1.77878
1.78113
1.78345
1.78565
1.78766
1.78947
1.79111
1.7926
1.79397
1.79526
1.79648
1.79763
1.79869
1.7996
1.80031
1.80074
1.80081
1.80045
1.79959
1.79823
1.79637
1.79413
1.79168
1.78928
1.78728
1.78606
1.78596
1.78727
1.79007
1.79428
1.79961
1.80567
1.81201
1.81819
1.82386
1.82872
1.83253
1.83507
1.83611
1.83539
1.83256
1.82725
1.81907
1.80781
1.79365
1.77748
1.761
1.74647
1.73598
1.73059
1.72994
1.7328
1.73781
1.74419
1.75177
1.76056
1.77037
1.78062
1.7905
1.79929
1.80652
1.81201
1.81581
1.81815
1.81936
1.81983
1.82002
1.82034
1.82113
1.82259
1.82473
1.82743
1.83046
1.83359
1.8366
1.83935
1.84176
1.84379
1.84543
1.8467
1.84759
1.84808
1.84814
1.84769
1.84665
1.8449
1.84235
1.83892
1.8346
1.82952
1.82397
1.81842
1.81348
1.80978
1.80782
1.80777
1.80946
1.8124
1.81597
1.8196
1.82287
1.82561
1.8278
1.82954
1.83098
1.83224
1.83334
1.83424
1.83481
1.83487
1.83426
1.83282
1.8305
1.82735
1.82351
1.81923
1.81484
1.81066
1.80704
1.80422
1.8024
1.80164
1.8019
1.80309
1.80505
1.80761
1.81063
1.81398
1.81755
1.8212
1.82473
1.82786
1.83014
1.831
1.8297
1.8255
1.81792
1.80732
1.79568
1.78665
1.78415
1.78979
1.80154
1.81535
1.82771
1.83687
1.84256
1.84533
1.84595
1.84517
1.84361
1.84177
1.83996
1.83836
1.83701
1.83584
1.83471
1.83349
1.8321
1.83052
1.82885
1.82721
1.82577
1.82466
1.82394
1.82361
1.82359
1.82381
1.82423
1.82489
1.8259
1.82741
1.82948
1.83205
1.83488
1.83758
1.83965
1.84061
1.83999
1.83741
1.83262
1.82557
1.81653
1.80623
1.79586
1.78696
1.781
1.7789
1.78061
1.78515
1.7911
1.79709
1.8022
1.80604
1.80866
1.81028
1.81121
1.81165
1.81174
1.81152
1.81103
1.81034
1.80955
1.80877
1.80808
1.80748
1.80692
1.80629
1.80555
1.80468
1.8038
1.80312
1.80283
1.80309
1.80385
1.80487
1.80574
1.80592
1.80493
1.8024
1.79832
1.79313
1.78781
1.78374
1.78219
1.78375
1.788
1.79377
1.79969
1.80471
1.80823
1.81009
1.81038
1.8093
1.80706
1.80384
1.79969
1.79456
1.78829
1.78057
1.77112
1.7599
1.74761
1.73606
1.72804
1.72615
1.73103
1.74082
1.75232
1.76271
1.77052
1.77549
1.77807
1.77904
1.7792
1.77927
1.7798
1.7811
1.78324
1.78606
1.78925
1.79244
1.79533
1.79771
1.7995
1.8007
1.80137
1.80158
1.80138
1.80076
1.79961
1.79776
1.79498
1.79105
1.78591
1.77981
1.77352
1.76821
1.76514
1.76495
1.76721
1.77045
1.77282
1.77273
1.7694
1.76315
1.75556
1.74922
1.74677
1.74954
1.75684
1.76657
1.7765
1.78513
1.79189
1.79681
1.80017
1.8023
1.80347
1.80387
1.80364
1.80288
1.80168
1.80015
1.79844
1.7967
1.79504
1.79356
1.79226
1.7911
1.79
1.78889
1.78773
1.7865
1.78526
1.78412
1.78327
1.78296
1.78349
1.78515
1.78805
1.79211
1.79704
1.8024
1.80776
1.81276
1.81718
1.82094
1.82405
1.82658
1.82863
1.83031
1.83171
1.83291
1.83395
1.83486
1.83562
1.83619
1.83651
1.83649
1.79948
1.79833
1.79648
1.79384
1.79036
1.78606
1.78105
1.77553
1.76975
1.76406
1.75876
1.75415
1.75042
1.74767
1.74594
1.74524
1.74556
1.74695
1.74942
1.75298
1.7576
1.76314
1.76944
1.77624
1.7833
1.79035
1.79714
1.80346
1.80916
1.81413
1.8183
1.82166
1.82423
1.82606
1.82721
1.82774
1.82774
1.82729
1.82644
1.82527
1.82383
1.82217
1.82036
1.81842
1.81641
1.81435
1.81228
1.81023
1.80824
1.80631
1.80447
1.80273
1.80108
1.79953
1.79803
1.79657
1.7951
1.79357
1.79191
1.79006
1.78795
1.7855
1.78264
1.77924
1.7752
1.77038
1.76465
1.75795
1.75036
1.74216
1.73389
1.72636
1.72049
1.71708
1.71669
1.71939
1.72489
1.73255
1.74159
1.75121
1.76067
1.76938
1.77687
1.78284
1.78708
1.78948
1.79002
1.78874
1.78576
1.7814
1.77611
1.77053
1.76533
1.76099
1.75764
1.75496
1.75238
1.74932
1.74546
1.74078
1.73551
1.72991
1.72406
1.71782
1.7109
1.70298
1.69398
1.68417
1.67439
1.6661
1.66103
1.66045
1.66443
1.67179
1.68066
1.68933
1.69669
1.70223
1.70588
1.70785
1.70856
1.7086
1.70868
1.70952
1.71168
1.71539
1.72047
1.72644
1.73262
1.73841
1.74333
1.74709
1.74958
1.75082
1.75087
1.74982
1.74777
1.74482
1.74105
1.73656
1.73151
1.72612
1.72071
1.71568
1.7115
1.70858
1.70714
1.70714
1.70825
1.70991
1.71147
1.71234
1.71201
1.7101
1.70642
1.70095
1.6939
1.68583
1.67758
1.67027
1.66499
1.66247
1.66285
1.66567
1.67012
1.67527
1.68038
1.68493
1.68864
1.69144
1.69337
1.69456
1.69518
1.6954
1.69539
1.69525
1.69506
1.69485
1.69459
1.69421
1.69364
1.69278
1.69156
1.68995
1.68796
1.68567
1.68325
1.68091
1.6789
1.67747
1.67679
1.67692
1.67783
1.67937
1.68133
1.68351
1.68571
1.68775
1.68951
1.69088
1.69178
1.69214
1.69191
1.69105
1.68951
1.68726
1.6842
1.68019
1.67502
1.66837
1.66006
1.65036
1.64054
1.633
1.6306
1.63497
1.64527
1.65868
1.67214
1.68361
1.69233
1.69836
1.70213
1.70414
1.70482
1.70451
1.70347
1.70188
1.6999
1.69766
1.69529
1.69293
1.69069
1.68868
1.68697
1.68561
1.68463
1.68402
1.68378
1.68392
1.68445
1.68538
1.68673
1.68849
1.69062
1.69307
1.69575
1.69855
1.70138
1.70413
1.70673
1.70912
1.71126
1.71315
1.71479
1.71621
1.71745
1.71858
1.71966
1.72075
1.72192
1.7232
1.72463
1.7262
1.72788
1.7296
1.7313
1.73288
1.73427
1.7354
1.73623
1.73674
1.73695
1.73689
1.73663
1.73622
1.73572
1.73515
1.73453
1.73385
1.73313
1.73241
1.73177
1.73133
1.73123
1.73156
1.73237
1.73361
1.73516
1.73688
1.73858
1.74012
1.74134
1.74217
1.74252
1.74236
1.7417
1.74061
1.73922
1.73774
1.73642
1.73554
1.73533
1.7359
1.73723
1.7392
1.74161
1.74424
1.74691
1.74947
1.75183
1.75392
1.75572
1.75718
1.75831
1.75912
1.75959
1.75974
1.75959
1.75916
1.7585
1.75768
1.7568
1.75596
1.75524
1.75471
1.75436
1.75412
1.75386
1.75341
1.75257
1.75118
1.74909
1.74626
1.74281
1.73903
1.73547
1.73282
1.73175
1.7327
1.73563
1.74003
1.74516
1.75025
1.75468
1.75812
1.76044
1.76166
1.76189
1.76126
1.75991
1.75798
1.75557
1.75275
1.74961
1.7462
1.7426
1.73889
1.7352
1.73171
1.7286
1.72604
1.72413
1.72287
1.72213
1.72174
1.72158
1.7216
1.7219
1.72269
1.72423
1.7267
1.73014
1.7344
1.73918
1.74409
1.7488
1.75301
1.75655
1.75935
1.7614
1.76276
1.76349
1.76366
1.76336
1.76265
1.7616
1.76025
1.75867
1.75691
1.75501
1.75305
1.75108
1.74918
1.74743
1.74589
1.74463
1.74372
1.7432
1.74307
1.74335
1.744
1.74498
1.74623
1.74769
1.74929
1.75099
1.75274
1.7545
1.75621
1.75784
1.75934
1.76065
1.76169
1.76239
1.76268
1.76248
1.76174
1.76045
1.75866
1.75653
1.75429
1.75229
1.75087
1.75032
1.75075
1.75207
1.75406
1.75638
1.75873
1.7609
1.76279
1.76441
1.76582
1.76712
1.76839
1.76972
1.77112
1.77258
1.77404
1.7754
1.77651
1.77716
1.77712
1.77621
1.77438
1.77182
1.76912
1.76715
1.76688
1.76889
1.77309
1.77873
1.78474
1.79018
1.79445
1.79735
1.79893
1.79937
1.79891
1.79771
1.79589
1.79352
1.79064
1.78727
1.78344
1.77924
1.77478
1.77019
1.76567
1.7614
1.75759
1.75442
1.75203
1.75048
1.74981
1.74998
1.75095
1.75269
1.75517
1.75835
1.76215
1.76644
1.77103
1.77569
1.78015
1.78422
1.78777
1.79072
1.79308
1.79488
1.79616
1.79698
1.79734
1.79725
1.7967
1.79565
1.79406
1.7919
1.78914
