1.76816
1.76816
1.76816
1.76816
1.76816
1.76816
1.76816
1.76816
1.76816
1.76816
1.76816
1.76815
1.76815
1.76813
1.76812
1.7681
1.76808
1.76807
1.76804
1.76801
1.76799
1.76797
1.76794
1.76792
1.76789
1.76786
1.76785
1.76782
1.76779
1.76776
1.76775
1.76773
1.7677
1.76767
1.76765
1.76764
1.76763
1.76759
1.76757
1.76756
1.76756
1.76755
1.76754
1.76753
1.76752
1.76751
1.76751
1.76748
1.76748
1.76747
1.76746
1.76744
1.76744
1.76744
1.76743
1.76743
1.76743
1.76742
1.76741
1.76741
1.7674
1.7674
1.76739
1.76738
1.76737
1.76736
1.76735
1.76735
1.76734
1.76733
1.76732
1.7673
1.7673
1.76728
1.76727
1.76725
1.76725
1.76723
1.76723
1.76722
1.76721
1.7672
1.76719
1.76718
1.76717
1.76716
1.76716
1.76717
1.76719
1.76722
1.76726
1.76733
1.76741
1.76749
1.76756
1.7676
1.76757
1.76745
1.76724
1.76698
1.76673
1.76654
1.76645
1.76645
1.76653
1.76664
1.76678
1.76693
1.7671
1.76727
1.76744
1.76762
1.76778
1.76788
1.76791
1.76785
1.7677
1.76747
1.76725
1.76702
1.76679
1.76657
1.76637
1.76625
1.76622
1.76627
1.7664
1.76659
1.76678
1.76694
1.76706
1.76714
1.76718
1.76723
1.76728
1.76734
1.76743
1.7675
1.76754
1.76752
1.76746
1.76737
1.76728
1.7672
1.76716
1.76716
1.76714
1.76711
1.76707
1.76699
1.76688
1.76675
1.76663
1.76652
1.76644
1.76638
1.76635
1.76637
1.76642
1.76652
1.76663
1.76677
1.76691
1.76704
1.76717
1.7673
1.76741
1.76752
1.76761
1.76771
1.76782
1.76795
1.76812
1.76828
1.76843
1.76854
1.76857
1.76853
1.76832
1.76783
1.76705
1.76619
1.76559
1.76539
1.76554
1.76587
1.76622
1.76649
1.7667
1.76684
1.76693
1.767
1.76703
1.76705
1.76707
1.76708
1.76709
1.7671
1.76711
1.76712
1.76716
1.7672
1.76728
1.76737
1.76749
1.76759
1.76767
1.7677
1.76766
1.76757
1.76743
1.76728
1.76713
1.76702
1.76693
1.76691
1.7669
1.76694
1.76699
1.76705
1.7671
1.76713
1.76714
1.76714
1.76715
1.76715
1.76717
1.76722
1.76729
1.76738
1.76748
1.76759
1.76769
1.76777
1.76782
1.7678
1.76773
1.76761
1.76751
1.76742
1.76735
1.7673
1.76724
1.76718
1.76711
1.76708
1.7671
1.76716
1.76726
1.76738
1.7675
1.7676
1.76771
1.7678
1.76784
1.76778
1.76761
1.76727
1.7668
1.76633
1.76599
1.76585
1.76589
1.76605
1.76626
1.76646
1.76665
1.7668
1.76693
1.76703
1.76711
1.7672
1.76726
1.76733
1.76741
1.76751
1.76759
1.7677
1.76781
1.76794
1.76807
1.76818
1.76826
1.76832
1.76833
1.76828
1.76818
1.76798
1.76769
1.76734
1.76697
1.76664
1.76643
1.76634
1.76638
1.76653
1.76676
1.76702
1.76732
1.76759
1.76775
1.76774
1.76751
1.76713
1.76671
1.76641
1.76631
1.76637
1.76653
1.7667
1.76687
1.76699
1.76708
1.76714
1.76718
1.76722
1.76724
1.76727
1.76729
1.76732
1.76737
1.76743
1.76751
1.76761
1.76772
1.76784
1.76794
1.76799
1.76798
1.76789
1.76774
1.76753
1.76731
1.7671
1.76692
1.76676
1.76661
1.7665
1.76643
1.76641
1.76643
1.76648
1.76657
1.76668
1.76677
1.76687
1.76696
1.76704
1.76711
1.76718
1.76723
1.7673
1.76735
1.76741
1.76745
1.76748
1.76751
1.76755
1.76762
1.76767
1.7677
1.76767
1.76756
1.76735
1.76707
1.76683
1.76668
1.76667
1.76676
1.76691
1.76704
1.76711
1.7671
1.76705
1.76698
1.76694
1.76696
1.76702
1.7671
1.76717
1.7672
1.76718
1.76711
1.767
1.76688
1.76678
1.76671
1.76669
1.76673
1.76682
1.76694
1.76707
1.7672
1.76734
1.76744
1.76754
1.7676
1.76763
1.76763
1.76756
1.76744
1.76727
1.76704
1.76679
1.76656
1.7664
1.76632
1.76633
1.76638
1.76648
1.76658
1.76669
1.76679
1.76686
1.76694
1.767
1.76706
1.7671
1.76713
1.76715
1.76719
1.76723
1.76725
1.76729
1.76733
1.76737
1.76739
1.7674
1.76741
1.76739
1.76734
1.7673
1.76726
1.76722
1.76719
1.76719
1.76722
1.76726
1.76731
1.76736
1.7674
1.76743
1.76744
1.76743
1.76741
1.76739
1.76735
1.7673
1.76725
1.76719
1.76714
1.76708
1.76705
1.76702
1.767
1.76698
1.76694
1.7669
1.76687
1.76686
1.76688
1.76693
1.76702
1.76713
1.76724
1.76735
1.76742
1.76747
1.76747
1.76745
1.7674
1.76732
1.76723
1.76711
1.76699
1.76689
1.7668
1.76674
1.7667
1.76669
1.7667
1.76673
1.76677
1.76683
1.76689
1.76694
1.767
1.76706
1.76714
1.7672
1.76727
1.76735
1.76745
1.76753
1.76759
1.76761
1.76755
1.7674
1.76721
1.76699
1.47293
1.47281
1.47276
1.47278
1.47283
1.47291
1.473
1.47309
1.47318
1.47327
1.47338
1.4735
1.47364
1.47379
1.47395
1.47409
1.47417
1.47414
1.47399
1.4737
1.47332
1.47295
1.47268
1.47255
1.47257
1.47269
1.47284
1.47297
1.47305
1.47308
1.47307
1.47307
1.47307
1.47306
1.47307
1.47307
1.47307
1.47309
1.4731
1.47312
1.47313
1.47315
1.47317
1.47319
1.47322
1.47326
1.47333
1.47341
1.47348
1.47357
1.47365
1.47372
1.47376
1.47376
1.47369
1.47356
1.47336
1.47315
1.47294
1.47277
1.47266
1.47262
1.47264
1.47269
1.47277
1.47288
1.47298
1.47311
1.47323
1.47335
1.47345
1.47353
1.47358
1.47362
1.4736
1.47356
1.4735
1.47344
1.4734
1.47336
1.47333
1.47329
1.47323
1.47314
1.47302
1.47291
1.47282
1.47278
1.47278
1.47281
1.47287
1.47295
1.47302
1.4731
1.47317
1.47325
1.47332
1.47339
1.47345
1.47348
1.47348
1.47346
1.47341
1.47335
1.47329
1.47324
1.47323
1.47324
1.47328
1.47335
1.47344
1.47352
1.47359
1.4736
1.47354
1.4734
1.47321
1.47302
1.47287
1.47279
1.47277
1.47281
1.47287
1.47296
1.47307
1.4732
1.47334
1.47351
1.47371
1.47393
1.47415
1.47435
1.47448
1.47448
1.47431
1.474
1.47359
1.4732
1.47288
1.47265
1.4725
1.4724
1.47237
1.4724
1.47251
1.47268
1.47287
1.47305
1.47317
1.47321
1.47316
1.47306
1.47295
1.47289
1.4729
1.47298
1.47309
1.47322
1.47337
1.47351
1.47364
1.47377
1.4739
1.474
1.4741
1.47417
1.47421
1.47424
1.47425
1.47426
1.47426
1.47423
1.47415
1.47397
1.47376
1.47358
1.47344
1.47334
1.47324
1.4731
1.47295
1.47286
1.47283
1.47286
1.47291
1.47295
1.473
1.47304
1.47309
1.47314
1.47317
1.47319
1.47318
1.47317
1.47316
1.47319
1.47326
1.47338
1.47352
1.47369
1.47388
1.47406
1.47424
1.47435
1.47436
1.47424
1.47399
1.47368
1.47338
1.47314
1.47299
1.47292
1.47289
1.47287
1.47287
1.47288
1.4729
1.47293
1.47299
1.47306
1.47312
1.47319
1.47324
1.47328
1.47331
1.47334
1.47334
1.47332
1.47332
1.47332
1.47333
1.47336
1.4734
1.47345
1.4735
1.47356
1.47362
1.47368
1.47373
1.47376
1.47376
1.47373
1.47367
1.47359
1.47348
1.47337
1.47326
1.47318
1.47312
1.47309
1.47308
1.47309
1.47311
1.47315
1.47318
1.47322
1.47327
1.47333
1.47338
1.47345
1.47353
1.47361
1.4737
1.47379
1.47387
1.47392
1.47392
1.47385
1.47371
1.4735
1.47329
1.47312
1.47301
1.47296
1.47299
1.47308
1.47321
1.47335
1.47352
1.47367
1.47382
1.47395
1.47404
1.47406
1.47401
1.4739
1.47371
1.47347
1.47322
1.473
1.47282
1.47271
1.47267
1.47269
1.47275
1.47283
1.47293
1.47303
1.47312
1.4732
1.47327
1.47333
1.47337
1.47339
1.47341
1.47343
1.47344
1.47344
1.47344
1.47347
1.47349
1.47353
1.47358
1.47365
1.47372
1.47378
1.47383
1.47385
1.47384
1.47377
1.47368
1.47354
1.47339
1.47324
1.47311
1.47302
1.47298
1.473
1.47306
1.47312
1.47316
1.47317
1.47312
1.47304
1.47292
1.4728
1.47271
1.47268
1.4727
1.47277
1.47288
1.47302
1.4732
1.47335
1.47352
1.4737
1.47387
1.47401
1.47411
1.47415
1.47411
1.47396
1.47373
1.47346
1.4732
1.473
1.47291
1.47291
1.47295
1.47303
1.47312
1.4732
1.47326
1.47332
1.47336
1.47338
1.4734
1.4734
1.47338
1.47336
1.47333
1.47329
1.47324
1.4732
1.47316
1.47313
1.47311
1.47309
1.47309
1.4731
1.47312
1.47314
1.47318
1.47322
1.47326
1.4733
1.47335
1.4734
1.47343
1.47348
1.47353
1.47358
1.47365
1.4737
1.47376
1.47382
1.47384
1.47385
1.47382
1.47374
1.47362
1.47348
1.47334
1.4732
1.4731
1.47303
1.473
1.47301
1.47303
1.47306
1.4731
1.47315
1.47319
1.47324
1.47329
1.47333
1.47337
1.4734
1.47343
1.47346
1.4735
1.47354
1.47358
1.47362
1.47365
1.47366
1.47365
1.47363
1.47357
1.4735
1.4734
1.47329
1.47318
1.47309
1.47302
1.47297
1.47297
1.47297
1.47299
1.47302
1.47307
1.47312
1.47315
1.47318
1.47321
1.47324
1.47326
1.47328
1.4733
1.47332
1.47333
1.47336
1.47338
1.47341
1.47344
1.47348
1.4735
1.47352
1.47353
1.47353
1.47352
1.47349
1.47346
1.47343
1.47339
1.47336
1.47333
1.4733
1.47328
1.47326
1.47326
1.47326
1.47326
1.47325
1.47325
1.47324
1.47323
1.47321
1.47319
1.47316
1.47314
1.4731
1.47309
1.47308
1.47311
1.47316
1.47325
1.47337
1.47352
1.47368
1.47381
1.4739
1.47393
1.47385
1.47367
1.47341
1.47313
1.47291
1.47282
1.47284
1.45995
1.46014
1.46036
1.46056
1.46076
1.46089
1.46095
1.46088
1.46067
1.46033
1.45994
1.45959
1.45938
1.45933
1.45939
1.45951
1.45964
1.45976
1.45987
1.45997
1.46004
1.46009
1.46014
1.46018
1.46023
1.46026
1.46029
1.46033
1.46036
1.46038
1.4604
1.4604
1.46041
1.46039
1.46038
1.46034
1.46028
1.46022
1.46017
1.46011
1.46005
1.46001
1.45999
1.45997
1.45997
1.45999
1.46002
1.46008
1.46014
1.46022
1.46031
1.46039
1.46047
1.46057
1.46067
1.46077
1.46088
1.46098
1.46107
1.4611
1.46103
1.46084
1.46051
1.46013
1.45974
1.45947
1.45933
1.45932
1.45941
1.45954
1.45968
1.45981
1.45991
1.46
1.46005
1.46008
1.4601
1.46012
1.46013
1.46013
1.46014
1.46015
1.46016
1.46018
1.46022
1.46027
1.46032
1.46038
1.46044
1.46051
1.46057
1.46061
1.46062
1.4606
1.46053
1.46043
1.46032
1.46019
1.46008
1.45998
1.45991
1.45987
1.45986
1.45988
1.45992
1.45996
1.46002
1.46007
1.46014
1.46019
1.46025
1.46029
1.46034
1.46037
1.4604
1.46043
1.46047
1.4605
1.46056
1.46066
1.46079
1.46092
1.46099
1.46094
1.46073
1.46037
1.45998
1.45968
1.45955
1.4596
1.45976
1.45996
1.46017
1.46034
1.46046
1.46053
1.46055
1.46052
1.46045
1.46035
1.46022
1.4601
1.45999
1.4599
1.45987
1.45987
1.4599
1.45996
1.46004
1.46013
1.46022
1.4603
1.46038
1.46044
1.46049
1.46054
1.46058
1.4606
1.46061
1.46062
1.46062
1.46058
1.46053
1.46045
1.46035
1.46024
1.46013
1.46003
1.45994
1.45988
1.45985
1.45985
1.45988
1.45991
1.45997
1.46004
1.46012
1.46019
1.46026
1.46033
1.4604
1.46048
1.46054
1.4606
1.46063
1.46066
1.46066
1.46062
1.46056
1.46046
1.46036
1.46026
1.46019
1.46014
1.46011
1.4601
1.46011
1.46012
1.46013
1.46013
1.46012
1.46012
1.4601
1.4601
1.46012
1.46015
1.46019
1.46026
1.46034
1.46042
1.46051
1.46059
1.46066
1.4607
1.46073
1.46075
1.46072
1.46066
1.46057
1.46044
1.46031
1.46018
1.46007
1.45999
1.45993
1.45992
1.45994
1.45998
1.46005
1.46013
1.46022
1.46033
1.46042
1.46049
1.46056
1.46059
1.46055
1.46048
1.46038
1.46026
1.46016
1.46009
1.46006
1.46007
1.4601
1.46014
1.46018
1.46022
1.46026
1.4603
1.46032
1.46035
1.46037
1.46039
1.46039
1.4604
1.4604
1.4604
1.46039
1.46039
1.46037
1.46035
1.46033
1.46031
1.46028
1.46025
1.46021
1.46019
1.46017
1.46016
1.46015
1.46015
1.46016
1.46016
1.46019
1.46021
1.46024
1.46027
1.46032
1.46036
1.4604
1.46043
1.46045
1.46043
1.4604
1.46037
1.46032
1.46027
1.46022
1.4602
1.46018
1.46015
1.46014
1.46012
1.46012
1.46012
1.46013
1.46014
1.46015
1.46015
1.46015
1.46014
1.46013
1.46012
1.46012
1.4601
1.4601
1.46009
1.46009
1.46009
1.4601
1.46011
1.46014
1.46017
1.46022
1.46028
1.46035
1.46043
1.4605
1.46059
1.46065
1.46069
1.46069
1.46069
1.46066
1.46063
1.4606
1.46057
1.46053
1.46045
1.46031
1.46011
1.45988
1.45966
1.45948
1.45938
1.45935
1.45941
1.45952
1.45965
1.4598
1.45993
1.46006
1.46017
1.46027
1.46036
1.46042
1.46048
1.46051
1.46054
1.46057
1.46059
1.46061
1.46065
1.4607
1.46077
1.46085
1.46088
1.46086
1.46073
1.46047
1.46013
1.45982
1.4596
1.4595
1.45951
1.45959
1.4597
1.4598
1.45989
1.45994
1.45998
1.45999
1.45999
1.45999
1.45998
1.45996
1.45994
1.45994
1.45993
1.45992
1.45993
1.45994
1.45997
1.46
1.46006
1.46012
1.46018
1.46025
1.46031
1.46035
1.46036
1.46034
1.46032
1.46032
1.46039
1.46052
1.46072
1.46096
1.46119
1.46133
1.46129
1.46103
1.46057
1.46004
1.45958
1.45924
1.45903
1.45892
1.45889
1.45898
1.45917
1.45943
1.4597
1.45995
1.46014
1.46024
1.46027
1.46023
1.46018
1.46012
1.46008
1.46007
1.46009
1.46011
1.46014
1.46018
1.46021
1.46025
1.46029
1.4603
1.46029
1.46027
1.46022
1.46015
1.46009
1.46005
1.46003
1.46003
1.46006
1.46012
1.46018
1.46025
1.46033
1.46039
1.46043
1.46042
1.46038
1.46026
1.46008
1.45989
1.45969
1.45954
1.45945
1.45946
1.45952
1.45962
1.45974
1.45985
1.45994
1.46003
1.46009
1.46014
1.46019
1.46022
1.46027
1.46031
1.46035
1.46041
1.46046
1.46053
1.4606
1.4607
1.46081
1.46092
1.46103
1.46109
1.46109
1.461
1.46081
1.46056
1.4603
1.46008
1.45991
1.45979
1.45971
1.45965
1.45961
1.45958
1.4596
1.45965
1.45973
1.45983
1.45996
1.46009
1.46021
1.46034
1.46044
1.46051
1.46056
1.37695
1.37693
1.37688
1.37679
1.37669
1.37659
1.3765
1.37645
1.37642
1.37642
1.37643
1.37646
1.37649
1.37653
1.37656
1.37659
1.37662
1.37663
1.37664
1.37663
1.37662
1.3766
1.37657
1.37656
1.37654
1.37653
1.37652
1.37653
1.37654
1.37656
1.37659
1.37663
1.37669
1.37676
1.37683
1.37691
1.37696
1.377
1.37699
1.37695
1.37684
1.3767
1.37654
1.3764
1.3763
1.37626
1.37625
1.37631
1.3764
1.37649
1.37659
1.3767
1.37677
1.37682
1.37684
1.37683
1.37678
1.37671
1.37662
1.37653
1.37645
1.37638
1.37634
1.37633
1.37634
1.37638
1.37643
1.37647
1.37652
1.37656
1.37662
1.37667
1.37671
1.37673
1.37676
1.37678
1.37679
1.3768
1.3768
1.37679
1.37677
1.37674
1.37671
1.37669
1.37668
1.37668
1.37668
1.37668
1.37667
1.37666
1.37664
1.37661
1.37658
1.37652
1.37648
1.37641
1.37636
1.37632
1.37627
1.37624
1.37623
1.37624
1.37627
1.37631
1.37636
1.3764
1.37645
1.3765
1.37653
1.37655
1.37657
1.37658
1.37658
1.37657
1.37657
1.37657
1.37655
1.37654
1.37653
1.37652
1.37651
1.37651
1.37651
1.37651
1.37652
1.37652
1.37651
1.37651
1.37651
1.37652
1.3765
1.3765
1.3765
1.37651
1.37652
1.37654
1.37656
1.37659
1.37662
1.37664
1.37665
1.37665
1.37663
1.37659
1.37651
1.37642
1.37633
1.37624
1.37617
1.37613
1.37613
1.37615
1.3762
1.37626
1.37634
1.37643
1.37654
1.37666
1.37678
1.37692
1.37708
1.37723
1.37736
1.37741
1.37736
1.37722
1.37698
1.37668
1.37634
1.37602
1.37575
1.3756
1.37555
1.3756
1.37572
1.37589
1.37607
1.37624
1.37638
1.37653
1.37665
1.37677
1.37688
1.377
1.3771
1.37717
1.37719
1.37713
1.37695
1.37669
1.3764
1.37615
1.37599
1.37594
1.37599
1.37609
1.37623
1.37638
1.37653
1.37666
1.37681
1.37693
1.37704
1.37713
1.37719
1.3772
1.37717
1.37709
1.37699
1.37687
1.37678
1.37671
1.37667
1.37664
1.37662
1.37658
1.37652
1.37645
1.37639
1.37635
1.37634
1.37637
1.37644
1.37651
1.37653
1.37648
1.37637
1.37623
1.37613
1.37611
1.3762
1.37639
1.37664
1.3769
1.37715
1.37734
1.37742
1.37738
1.37724
1.377
1.37674
1.37649
1.37631
1.37624
1.37623
1.37626
1.37631
1.37636
1.37638
1.37637
1.37635
1.37631
1.37627
1.37623
1.3762
1.3762
1.37624
1.37629
1.37638
1.37649
1.37663
1.37679
1.37696
1.37713
1.37727
1.37735
1.37734
1.37721
1.37698
1.37671
1.37647
1.37631
1.37624
1.37621
1.37623
1.37626
1.37629
1.37632
1.37633
1.37636
1.37637
1.37638
1.37639
1.37639
1.37639
1.3764
1.37641
1.37641
1.37643
1.37646
1.37651
1.37658
1.37666
1.37676
1.37687
1.37698
1.37706
1.3771
1.37709
1.37702
1.37692
1.37681
1.37669
1.37659
1.37652
1.37648
1.37645
1.37644
1.37644
1.37646
1.37648
1.37651
1.37652
1.37653
1.37653
1.37651
1.37648
1.37645
1.37642
1.37637
1.37634
1.37632
1.37632
1.37634
1.37637
1.37641
1.37646
1.37651
1.37658
1.37663
1.37669
1.37675
1.37681
1.37687
1.37691
1.37693
1.37691
1.37686
1.3768
1.37673
1.37667
1.37665
1.37664
1.37664
1.37663
1.37659
1.37651
1.37642
1.37633
1.37627
1.37626
1.37629
1.37635
1.37642
1.3765
1.37658
1.37665
1.3767
1.37675
1.37678
1.37679
1.37679
1.37678
1.37676
1.37675
1.3767
1.37666
1.37663
1.3766
1.37657
1.37655
1.37655
1.37656
1.37659
1.37662
1.37665
1.37668
1.37671
1.37675
1.37677
1.37678
1.37679
1.37679
1.37678
1.37678
1.37677
1.37677
1.37676
1.37674
1.37672
1.37672
1.3767
1.37669
1.37665
1.37662
1.37659
1.37657
1.37654
1.37653
1.37652
1.37652
1.37653
1.37654
1.37658
1.37661
1.37665
1.3767
1.37674
1.37678
1.3768
1.37683
1.37683
1.37682
1.37681
1.37681
1.37683
1.37686
1.37689
1.37692
1.37694
1.37693
1.37687
1.37675
1.37661
1.37647
1.37634
1.37624
1.37618
1.37616
1.37618
1.37621
1.37627
1.37634
1.3764
1.37647
1.37654
1.37661
1.37667
1.37672
1.37678
1.37684
1.3769
1.37696
1.37702
1.37707
1.37711
1.37713
1.37714
1.37711
1.37707
1.37702
1.37695
1.37689
1.37684
1.37682
1.37682
1.37684
1.37688
1.37691
1.37693
1.37693
1.3769
1.37684
1.37675
1.37665
1.37659
1.37655
1.37654
1.37654
1.37655
1.37655
1.37652
1.37646
1.37641
1.37634
1.37631
1.37629
1.3763
1.37632
1.37635
1.37639
1.37644
1.37648
1.37652
1.37656
1.37659
1.37661
1.37663
1.37665
1.37667
1.37668
1.37671
1.37673
1.37674
1.37677
1.3768
1.37685
1.3769
1.37695
1.377
1.45916
1.45918
1.45919
1.45916
1.4591
1.459
1.45887
1.45872
1.45858
1.45846
1.45837
1.45832
1.45829
1.4583
1.45833
1.45838
1.45842
1.45847
1.45853
1.45858
1.45864
1.45872
1.45881
1.4589
1.459
1.45912
1.45924
1.45934
1.45942
1.45944
1.45937
1.45918
1.45887
1.45851
1.45816
1.4579
1.45778
1.45777
1.45783
1.45795
1.45807
1.45819
1.4583
1.4584
1.45848
1.45856
1.45864
1.4587
1.45877
1.45886
1.45894
1.45901
1.45908
1.45914
1.45918
1.45921
1.45918
1.45914
1.45906
1.45898
1.45889
1.45883
1.45878
1.45874
1.4587
1.45863
1.45854
1.45844
1.45835
1.45826
1.45821
1.45821
1.45826
1.45836
1.4585
1.45865
1.45884
1.45904
1.45926
1.4595
1.4597
1.45984
1.45984
1.45964
1.45925
1.45874
1.45827
1.45795
1.45782
1.45785
1.45794
1.45808
1.45824
1.45837
1.45848
1.45856
1.45864
1.45871
1.45875
1.45879
1.45883
1.45886
1.4589
1.45893
1.45896
1.45898
1.45901
1.45903
1.45903
1.45904
1.45902
1.459
1.45896
1.4589
1.45885
1.45879
1.45874
1.45868
1.45863
1.4586
1.45859
1.45859
1.45859
1.4586
1.45861
1.45863
1.45864
1.45865
1.45866
1.45867
1.45867
1.45868
1.45869
1.4587
1.45871
1.45872
1.45872
1.45873
1.45873
1.45873
1.45872
1.45873
1.45873
1.45875
1.45876
1.45877
1.45879
1.45882
1.45885
1.45887
1.45888
1.45889
1.45888
1.45885
1.4588
1.45874
1.45867
1.4586
1.45855
1.45851
1.45849
1.45849
1.45851
1.45852
1.45854
1.45856
1.45857
1.45859
1.45859
1.4586
1.4586
1.45863
1.45865
1.45866
1.45869
1.45872
1.45876
1.4588
1.45885
1.45889
1.45894
1.45897
1.45898
1.45895
1.4589
1.45881
1.45868
1.45853
1.4584
1.45827
1.45818
1.45813
1.45813
1.45816
1.45823
1.45833
1.45845
1.4586
1.45875
1.45896
1.45918
1.45945
1.45975
1.46005
1.46031
1.46043
1.46033
1.46001
1.45953
1.45902
1.45859
1.45831
1.45815
1.45803
1.45791
1.45779
1.45772
1.45771
1.45781
1.45794
1.45811
1.45827
1.45845
1.45857
1.45866
1.4587
1.45871
1.45868
1.45862
1.45855
1.45849
1.45845
1.45844
1.45843
1.45847
1.45849
1.45854
1.45858
1.45862
1.45865
1.45869
1.45873
1.45878
1.45883
1.4589
1.45898
1.45908
1.45917
1.45925
1.45932
1.45935
1.45931
1.45922
1.45907
1.45887
1.45867
1.45853
1.45844
1.45841
1.45844
1.45849
1.45854
1.45858
1.45862
1.45864
1.45866
1.45868
1.45871
1.45875
1.45882
1.45889
1.45898
1.45908
1.45915
1.45921
1.45924
1.45923
1.45919
1.45911
1.45902
1.4589
1.45879
1.4587
1.45861
1.45855
1.4585
1.45845
1.45842
1.45841
1.45841
1.45843
1.45849
1.45861
1.45879
1.45906
1.45939
1.45973
1.45996
1.45989
1.4594
1.45859
1.45783
1.45744
1.45745
1.45772
1.45808
1.4584
1.45865
1.45883
1.45893
1.45898
1.45899
1.45896
1.45893
1.45891
1.4589
1.45891
1.45893
1.45895
1.45897
1.45898
1.45897
1.45894
1.4589
1.45885
1.45881
1.45879
1.45877
1.45876
1.45873
1.45869
1.45863
1.45857
1.45854
1.45853
1.45856
1.45863
1.45877
1.45895
1.45917
1.45939
1.45961
1.45976
1.45982
1.45975
1.45952
1.45916
1.45877
1.45843
1.45822
1.45815
1.45821
1.45832
1.45845
1.45856
1.45864
1.45869
1.45872
1.45877
1.4588
1.45881
1.45883
1.45884
1.45883
1.45882
1.45881
1.45881
1.45882
1.45883
1.45883
1.45882
1.45879
1.45874
1.45868
1.45863
1.45862
1.45867
1.45877
1.45891
1.45907
1.45921
1.45929
1.45923
1.45903
1.45873
1.45842
1.4582
1.45811
1.45816
1.45829
1.45846
1.45863
1.45878
1.4589
1.459
1.4591
1.45919
1.45928
1.45941
1.45957
1.45976
1.45991
1.45995
1.45973
1.45922
1.45854
1.45793
1.45761
1.45761
1.45782
1.45811
1.45839
1.45857
1.45869
1.45873
1.45872
1.45864
1.45856
1.45848
1.45843
1.45841
1.45843
1.45848
1.45853
1.45859
1.45865
1.4587
1.45874
1.45878
1.45883
1.45889
1.45897
1.45907
1.4592
1.45932
1.45938
1.45934
1.45918
1.45891
1.45862
1.45844
1.45845
1.45863
1.45894
1.45926
1.45949
1.45949
1.45921
1.45873
1.45821
1.45786
1.45775
1.45783
1.458
1.4582
1.45837
1.4585
1.45862
1.4587
1.45877
1.45882
1.45888
1.45892
1.45894
1.45896
1.45896
1.45895
1.45893
1.4589
1.45889
1.45889
1.45889
1.4589
1.45891
1.45891
1.4589
1.45886
1.45878
1.45869
1.45856
1.45844
1.45834
1.45827
1.45825
1.45827
1.45832
1.45838
1.45845
1.45852
1.45857
1.45861
1.45864
1.45865
1.45867
1.45869
1.4587
1.4587
1.45872
1.45876
1.45881
1.42244
1.42251
1.42258
1.42267
1.42276
1.42284
1.4229
1.42295
1.42295
1.42293
1.42287
1.42279
1.42269
1.42259
1.42249
1.42238
1.42228
1.42218
1.42205
1.42194
1.42184
1.42176
1.4217
1.42166
1.42164
1.42166
1.42171
1.42177
1.42183
1.42191
1.422
1.42208
1.42215
1.42223
1.4223
1.42236
1.42241
1.42245
1.42248
1.42251
1.42253
1.42254
1.42256
1.42257
1.42257
1.42258
1.42259
1.42258
1.42258
1.42257
1.42257
1.42256
1.42255
1.42254
1.42253
1.42252
1.42252
1.42253
1.42254
1.42256
1.4226
1.42263
1.42268
1.42274
1.42282
1.42289
1.42299
1.42309
1.42316
1.42319
1.42317
1.42305
1.42284
1.42255
1.42224
1.42193
1.42167
1.42149
1.42139
1.42137
1.42142
1.42152
1.42168
1.42185
1.42203
1.42222
1.4224
1.42257
1.42273
1.42284
1.4229
1.4229
1.42283
1.42273
1.42264
1.42259
1.42261
1.42268
1.42276
1.42284
1.42288
1.42291
1.42293
1.42298
1.42307
1.42318
1.42328
1.42332
1.42325
1.423
1.4226
1.42212
1.42172
1.42147
1.42142
1.4215
1.42167
1.42186
1.42205
1.4222
1.4223
1.42233
1.42228
1.42218
1.42204
1.42189
1.42177
1.42173
1.42174
1.42181
1.42192
1.42204
1.42217
1.42229
1.42241
1.42251
1.42261
1.42269
1.42277
1.42284
1.42288
1.42289
1.42286
1.42279
1.42268
1.42253
1.42239
1.42225
1.42217
1.42215
1.42219
1.42229
1.42243
1.4226
1.42278
1.42296
1.42309
1.42315
1.42311
1.42297
1.42273
1.42243
1.42215
1.42196
1.42184
1.42182
1.42186
1.42191
1.42201
1.4221
1.42217
1.42223
1.42228
1.42231
1.42232
1.42232
1.42233
1.42233
1.42234
1.42236
1.42239
1.42242
1.42247
1.42251
1.42254
1.42256
1.42256
1.42254
1.42249
1.42242
1.42234
1.42226
1.42218
1.42214
1.42211
1.4221
1.4221
1.42212
1.42216
1.42221
1.42226
1.42232
1.42239
1.42246
1.42253
1.4226
1.42269
1.4228
1.42293
1.42309
1.42324
1.42332
1.42322
1.42282
1.42218
1.42151
1.42106
1.42092
1.42105
1.42131
1.4216
1.42185
1.42204
1.4222
1.42231
1.42239
1.42245
1.42251
1.42255
1.42256
1.42257
1.42255
1.42254
1.4225
1.42246
1.42243
1.42239
1.42236
1.42233
1.42228
1.42225
1.4222
1.42217
1.42213
1.4221
1.42206
1.42204
1.42203
1.42204
1.42205
1.42208
1.42211
1.42214
1.42218
1.4222
1.42221
1.42223
1.42224
1.42224
1.42223
1.42223
1.42222
1.42219
1.42219
1.42219
1.42217
1.42218
1.42219
1.42221
1.42225
1.42229
1.42231
1.42235
1.42236
1.42238
1.42239
1.42239
1.4224
1.42241
1.42241
1.42241
1.42241
1.4224
1.42237
1.42233
1.42228
1.42224
1.4222
1.42218
1.42217
1.42217
1.4222
1.42223
1.42226
1.42231
1.42235
1.4224
1.42245
1.42248
1.42247
1.42243
1.42238
1.42231
1.42223
1.42217
1.42212
1.42208
1.42207
1.42207
1.42209
1.42211
1.42214
1.42217
1.4222
1.42224
1.42227
1.4223
1.42233
1.42236
1.42238
1.42239
1.42241
1.42241
1.42241
1.42239
1.42236
1.42236
1.42235
1.42236
1.42239
1.42244
1.4225
1.42257
1.42264
1.42269
1.42269
1.42264
1.42251
1.42232
1.42211
1.42193
1.42183
1.4218
1.42185
1.42193
1.42204
1.42215
1.42225
1.42234
1.42242
1.42248
1.42253
1.42258
1.42262
1.42266
1.42268
1.42271
1.4227
1.4227
1.42267
1.42262
1.42256
1.42249
1.42244
1.42239
1.42236
1.42235
1.42232
1.42228
1.42222
1.42214
1.42203
1.42193
1.42187
1.42184
1.42184
1.42188
1.42194
1.42202
1.4221
1.42217
1.42224
1.4223
1.42237
1.42242
1.42246
1.42249
1.42251
1.42253
1.42255
1.42257
1.42258
1.42258
1.42257
1.42255
1.42253
1.4225
1.42246
1.42242
1.42238
1.42234
1.42231
1.42228
1.42226
1.42225
1.42224
1.42224
1.42223
1.42224
1.42224
1.42225
1.42227
1.4223
1.42233
1.42237
1.42242
1.42247
1.42252
1.42257
1.42261
1.42264
1.42263
1.42257
1.4225
1.4224
1.42231
1.42222
1.42219
1.42217
1.42218
1.42221
1.42224
1.42227
1.4223
1.42229
1.42229
1.4223
1.42229
1.42229
1.4223
1.42232
1.42235
1.42242
1.42249
1.4226
1.42269
1.42275
1.42272
1.42259
1.42238
1.42214
1.42195
1.42186
1.42188
1.42198
1.42212
1.42225
1.42238
1.42247
1.42255
1.42261
1.42266
1.42272
1.42277
1.42282
1.42286
1.42289
1.42292
1.42293
1.42291
1.42286
1.42281
1.42274
1.42266
1.42257
1.42248
1.4224
1.42232
1.42226
1.42219
1.42212
1.42207
1.42203
1.42202
1.42203
1.42207
1.42213
1.42219
1.42226
1.42232
1.42237
1.42241
1.42246
1.42252
1.42255
1.42259
1.42264
1.4227
1.42274
1.4228
