1	28.7715853
2	28.1937316
3	27.7017421
4	26.6498014
5	26.0206978
6	25.9683419
7	25.4854962
8	24.331921
9	23.8029095
10	23.6071228
11	22.8823806
12	22.8823806
13	20.6712516
14	19.549847
15	19.549847
16	21.4161588
17	20.1501047
18	20.0942372
19	19.5562608
20	19.5602859
21	19.4677919
22	19.4677919
23	19.3185516
24	19.3185516
25	18.8269152
26	18.2281534
27	18.2281534
28	18.2281534
29	17.5399568
30	17.5399568
31	17.5399568
32	17.5399568
33	17.0881863
34	17.0881863
35	17.4246473
36	14.7634801
37	15.5746897
38	16.115698
39	14.7903205
40	14.7903205
41	15.5052835
42	15.2458124
43	15.0803617
44	14.3476779
45	14.3476779
46	14.261396
47	14.3476779
48	14.2863431
49	14.2863431
50	14.2863431
51	12.4071327
52	12.4071327
53	12.345798
54	12.345798
55	12.345798
56	12.4071327
57	12.345798
58	12.345798
59	12.345798
60	12.345798
61	14.1705352
62	12.2124462
63	12.2124462
64	12.2124462
65	12.2124462
66	12.2124462
67	12.2124462
68	11.5860586
69	11.5860586
70	11.5860586
71	12.1734457
72	11.5097982
73	11.5097982
74	11.5080163
75	11.5080163
76	11.5080163
77	11.5080163
78	11.5080163
79	11.5080163
80	11.5080163
81	10.8224568
82	10.8224568
83	10.8224568
84	10.8224568
85	10.8224568
86	10.8224568
87	10.8224568
88	10.8224568
89	10.8224568
90	10.8224568
91	10.8224568
92	10.8224568
93	10.8224568
94	10.8224568
95	10.8224568
96	10.8224568
97	10.8224568
98	10.8224568
99	10.8224568
100	10.8224568
101	10.8224568
102	10.8224568
103	10.8224568
104	10.8224568
105	10.8224568
106	10.8224568
107	10.8224568
108	10.8224568
109	10.8224568
110	10.8224568
111	10.8224568
112	10.8224568
113	10.8224568
114	10.8224568
115	10.8224568
116	10.8224568
117	10.8224568
118	10.8224568
119	10.8224568
120	10.8224568
121	10.8224568
122	10.8224568
123	10.8224568
124	10.8224568
125	10.8224568
126	10.8224568
127	10.7763154
128	10.7763154
129	10.7763154
130	10.7763154
131	10.7763154
132	10.7763154
133	10.7763154
134	10.7763154
135	10.6196821
136	11.3770617
137	10.6196821
138	10.6196821
139	10.6196821
140	10.6196821
141	10.6196821
142	10.6196821
143	10.6196821
144	10.5087789
145	10.5087789
146	10.8224568
147	10.6196821
148	10.6196821
149	10.6196821
150	10.6196821
151	10.5900029
152	10.5900029
153	10.5900029
154	10.5900029
155	10.5438614
156	10.4377542
157	10.4377542
158	10.4377542
159	10.4377542
160	10.4377542
161	10.4786412
162	10.4377542
163	10.4377542
164	10.4377542
165	10.4377542
166	10.4377542
167	10.4377542
168	10.4377542
169	10.4377542
170	10.4377542
171	10.4377542
172	10.4377542
173	10.4377542
174	10.4377542
175	10.4377542
176	10.3263925
177	10.3263925
178	10.3263925
179	10.1965007
180	10.1965007
181	10.2871969
182	10.1965007
183	10.1965007
184	10.1965007
185	10.1965007
186	10.1965007
187	10.1965007
188	10.1965007
189	10.1965007
190	10.1965007
191	10.1965007
192	10.1965007
193	10.1965007
194	10.1965007
195	10.1965007
196	10.1758351
197	10.1758351
198	10.1758351
199	10.1758351
200	10.1758351
201	9.81900241
202	9.81900241
203	9.80257384
204	9.80257384
205	9.80257384
206	10.1594066
207	9.80257384
208	9.80257384
209	9.80257384
210	9.80257384
211	9.80257384
212	9.80257384
213	9.80257384
214	9.80257384
215	9.80257384
216	9.80257384
217	9.80257384
218	9.80257384
219	9.80257384
220	9.80257384
221	9.80257384
222	9.80257384
223	9.80257384
224	9.80257384
225	9.80257384
226	9.80257384
227	9.80257384
228	9.80257384
229	9.80257384
230	9.80257384
231	9.80257384
232	9.80257384
233	9.80257384
234	9.80257384
235	9.80257384
236	9.80257384
237	9.80257384
238	9.80257384
239	9.80257384
240	9.80257384
241	9.80257384
242	9.80257384
243	9.80257384
244	9.80257384
245	9.80257384
246	9.80257384
247	9.80257384
248	9.80257384
249	9.80257384
250	9.80257384
251	9.80257384
252	9.80257384
253	9.80257384
254	9.80257384
255	9.80257384
256	9.80257384
257	9.80257384
258	9.80257384
259	9.80257384
260	9.80257384
261	9.80257384
262	9.80257384
263	9.80257384
264	9.80257384
265	9.80257384
266	9.80257384
267	9.80257384
268	9.80257384
269	9.80257384
270	9.80257384
271	9.80257384
272	9.80257384
273	9.80257384
274	9.80257384
275	9.80257384
276	9.80257384
277	9.80257384
278	9.80257384
279	9.80257384
280	9.80257384
281	9.57004461
282	9.57004461
283	9.57004461
284	9.57004461
285	9.57004461
286	9.57004461
287	9.57004461
288	9.57004461
289	9.57004461
290	9.57004461
291	9.57004461
292	9.57004461
293	9.57004461
294	9.57004461
295	9.57004461
296	9.57004461
297	9.57004461
298	9.57004461
299	9.57004461
300	9.57004461
301	9.57004461
302	9.57004461
303	9.57004461
304	9.57004461
305	9.57004461
306	9.57004461
307	9.57004461
308	9.57004461
309	9.57004461
310	9.57004461
311	9.57004461
312	9.57004461
313	9.57004461
314	9.57004461
315	9.57004461
316	9.57004461
317	9.57004461
318	9.57004461
319	9.57004461
320	9.57004461
321	9.57004461
322	9.57004461
323	9.57004461
324	9.57004461
325	9.57004461
326	9.48908963
327	9.48908963
328	9.48908963
329	9.48908963
330	9.48908963
331	9.57004461
332	9.48908963
333	9.48908963
334	9.48908963
335	9.48908963
336	9.48908963
337	9.48908963
338	9.48908963
339	9.48908963
340	9.48908963
341	9.48908963
342	9.48908963
343	9.48908963
344	9.48908963
345	9.48908963
346	9.48908963
347	9.48908963
348	9.48908963
349	9.48908963
350	9.48908963
351	9.48908963
352	9.48908963
353	9.48908963
354	9.48908963
355	9.48908963
356	9.48908963
357	9.48908963
358	9.48908963
359	9.48908963
360	9.48908963
361	9.48908963
362	9.48908963
363	9.48908963
364	9.48908963
365	9.48908963
366	9.48908963
367	9.48908963
368	9.48908963
369	9.48908963
370	9.48908963
371	9.48908963
372	9.48908963
373	9.48908963
374	9.48908963
375	9.48908963
376	9.48908963
377	9.48908963
378	9.48908963
379	9.48908963
380	9.48908963
381	9.48908963
382	9.48908963
383	9.48908963
384	9.48908963
385	9.48908963
386	9.48908963
387	9.48908963
388	9.48908963
389	9.48908963
390	9.48908963
391	9.48908963
392	9.48908963
393	9.48908963
394	9.48908963
395	9.48908963
396	9.48908963
397	9.48908963
398	9.48908963
399	9.48908963
400	9.48908963
401	9.48908963
402	9.48908963
403	9.48908963
404	9.48908963
405	9.48908963
406	9.48908963
407	9.48908963
408	9.48908963
409	9.48908963
410	9.48908963
411	9.48908963
412	9.48908963
413	9.48908963
414	9.48908963
415	9.48908963
416	9.48908963
417	9.48908963
418	9.48908963
419	9.48908963
420	9.48908963
421	9.48908963
422	9.48908963
423	9.48908963
424	9.48908963
425	9.48908963
426	9.48908963
427	9.48908963
428	9.48908963
429	9.48908963
430	9.48908963
431	9.48908963
432	9.48908963
433	9.48908963
434	9.48908963
435	9.48908963
436	9.48908963
437	9.48908963
438	9.48908963
439	9.48908963
440	9.48908963
441	9.48908963
442	9.48908963
443	9.48908963
444	9.48908963
445	9.48908963
446	9.48908963
447	9.48908963
448	9.48908963
449	9.48908963
450	9.48908963
451	9.48908963
452	9.48908963
453	9.48908963
454	9.48908963
455	9.48908963
456	9.48908963
457	9.48908963
458	9.48908963
459	9.48908963
460	9.48908963
461	9.48908963
462	9.48908963
463	9.48908963
464	9.48908963
465	9.48908963
466	9.48908963
467	9.48908963
468	9.48908963
469	9.48908963
470	9.48908963
471	9.48908963
472	9.48908963
473	9.48908963
474	9.48908963
475	9.48908963
476	9.48908963
477	9.48908963
478	9.48908963
479	9.48908963
480	9.48908963
481	9.48908963
482	9.48908963
483	9.48908963
484	9.48908963
485	9.48908963
486	9.48908963
487	9.48908963
488	9.48908963
489	9.48908963
490	9.48908963
491	9.48908963
492	9.48908963
493	9.48908963
494	9.48908963
495	9.48908963
496	9.48908963
497	9.48908963
498	9.48908963
499	9.48908963
500	9.48908963
