1	29.0880934
2	28.0856375
3	26.511
4	26.3106236
5	25.6046132
6	24.98028
7	23.2697742
8	23.2697742
9	23.2685614
10	21.8992428
11	20.4674853
12	20.3376356
13	19.8030809
14	19.5497117
15	19.6533852
16	19.2651838
17	18.4673695
18	18.4673695
19	18.4673695
20	18.4673695
21	20.5485844
22	18.4673695
23	18.3815839
24	16.7198687
25	16.7198687
26	16.7198687
27	16.7198687
28	16.7198687
29	16.3810763
30	16.3810763
31	17.8060612
32	16.3810763
33	15.9808855
34	15.9384867
35	15.9384867
36	15.9384867
37	15.6669231
38	15.5052835
39	15.5052835
40	15.5052835
41	14.7903205
42	15.5052835
43	14.9642795
44	14.9642795
45	14.9642795
46	14.9257209
47	14.9029447
48	14.9029447
49	14.9029447
50	14.9011627
51	14.9011627
52	14.9011627
53	14.9011627
54	14.9011627
55	14.9011627
56	14.4752366
57	14.4694171
58	14.1705352
59	14.1705352
60	14.1705352
61	12.345798
62	11.8030119
63	11.8030119
64	11.8030119
65	11.8030119
66	11.8030119
67	11.8030119
68	11.8030119
69	11.8030119
70	11.5763448
71	11.5763448
72	11.7624217
73	11.8030119
74	11.8030119
75	11.8030119
76	11.3652429
77	10.8224568
78	10.8224568
79	10.8224568
80	10.8224568
81	11.5080163
82	10.8224568
83	10.8224568
84	10.8224568
85	10.8224568
86	10.8224568
87	10.8224568
88	10.8224568
89	10.8224568
90	10.8224568
91	10.8224568
92	10.8224568
93	10.8224568
94	10.8224568
95	10.8224568
96	10.8224568
97	10.8224568
98	10.8224568
99	10.8224568
100	10.8224568
101	10.8224568
102	10.8224568
103	10.8224568
104	10.8224568
105	10.8224568
106	10.8224568
107	10.8224568
108	10.8224568
109	10.8224568
110	10.8224568
111	10.8224568
112	10.8224568
113	10.8224568
114	10.8224568
115	10.8224568
116	10.8224568
117	10.8224568
118	10.8224568
119	10.8224568
120	10.8224568
121	10.8224568
122	10.8224568
123	10.8224568
124	10.8224568
125	10.8224568
126	10.8224568
127	10.8224568
128	10.8224568
129	10.8224568
130	10.8224568
131	10.8224568
132	10.8224568
133	10.8224568
134	10.8224568
135	10.8224568
136	10.8224568
137	10.7466361
138	10.7466361
139	10.7466361
140	10.7466361
141	10.6196821
142	10.6196821
143	10.5900029
144	10.5900029
145	10.5900029
146	10.5900029
147	10.5900029
148	10.5900029
149	10.5900029
150	10.5900029
151	10.6196821
152	10.5900029
153	10.5900029
154	10.5900029
155	10.5900029
156	10.5438614
157	10.5438614
158	10.5438614
159	10.5438614
160	10.5438614
161	10.5438614
162	10.5438614
163	10.4463958
164	10.4463958
165	10.4463958
166	10.5438614
167	10.4463958
168	10.4463958
169	10.4463958
170	10.4463958
171	10.2871969
172	10.2871969
173	10.2871969
174	10.2871969
175	10.2871969
176	10.2871969
177	10.2871969
178	10.2871969
179	10.2871969
180	10.2871969
181	10.1965007
182	10.1758351
183	10.1758351
184	10.1758351
185	10.1758351
186	10.3263925
187	10.1758351
188	10.1758351
189	10.1758351
190	10.1758351
191	10.2871969
192	10.1758351
193	10.1758351
194	10.1758351
195	10.1758351
196	10.1758351
197	10.1758351
198	10.1758351
199	10.1758351
200	10.1758351
201	10.1758351
202	10.1594066
203	10.1594066
204	10.1594066
205	10.1594066
206	9.80257384
207	9.80257384
208	9.80257384
209	9.80257384
210	9.80257384
211	9.80257384
212	9.80257384
213	9.80257384
214	9.80257384
215	9.80257384
216	9.80257384
217	9.80257384
218	9.80257384
219	9.80257384
220	9.80257384
221	9.80257384
222	9.80257384
223	9.80257384
224	9.80257384
225	9.80257384
226	9.80257384
227	9.80257384
228	9.80257384
229	9.80257384
230	9.80257384
231	9.80257384
232	9.80257384
233	9.80257384
234	9.80257384
235	9.80257384
236	9.80257384
237	9.80257384
238	9.80257384
239	9.80257384
240	9.80257384
241	9.80257384
242	9.80257384
243	9.80257384
244	9.80257384
245	9.80257384
246	9.80257384
247	9.80257384
248	9.80257384
249	9.80257384
250	9.80257384
251	9.58651047
252	9.58651047
253	9.58651047
254	9.58651047
255	9.58651047
256	9.58651047
257	9.58651047
258	9.58651047
259	9.58651047
260	9.58651047
261	9.58651047
262	9.58651047
263	9.58651047
264	9.58651047
265	9.58651047
266	9.58651047
267	9.58651047
268	9.58651047
269	9.58651047
270	9.58651047
271	9.58651047
272	9.58651047
273	9.58651047
274	9.58651047
275	9.58651047
276	9.58651047
277	9.58651047
278	9.58651047
279	9.58651047
280	9.58651047
281	9.58651047
282	9.58651047
283	9.58651047
284	9.58651047
285	9.58651047
286	9.58651047
287	9.58651047
288	9.58651047
289	9.58651047
290	9.58651047
291	9.58651047
292	9.58651047
293	9.58651047
294	9.58651047
295	9.58651047
296	9.58651047
297	9.58651047
298	9.57004461
299	9.57004461
300	9.57004461
301	9.57004461
302	9.57004461
303	9.57004461
304	9.57004461
305	9.57004461
306	9.57004461
307	9.57004461
308	9.57004461
309	9.57004461
310	9.57004461
311	9.57004461
312	9.57004461
313	9.57004461
314	9.57004461
315	9.57004461
316	9.57004461
317	9.57004461
318	9.57004461
319	9.57004461
320	9.57004461
321	9.57004461
322	9.57004461
323	9.57004461
324	9.57004461
325	9.57004461
326	9.57004461
327	9.57004461
328	9.57004461
329	9.57004461
330	9.57004461
331	9.48908963
332	9.48908963
333	9.48908963
334	9.48908963
335	9.46795055
336	9.57004461
337	9.48908963
338	9.48908963
339	9.48908963
340	9.48908963
341	9.48908963
342	9.48908963
343	9.48908963
344	9.48908963
345	9.48908963
346	9.48908963
347	9.48908963
348	9.48908963
349	9.48908963
350	9.48908963
351	9.57004461
352	9.48908963
353	9.48908963
354	9.48908963
355	9.48908963
356	9.48908963
357	9.48908963
358	9.48908963
359	9.48908963
360	9.48908963
361	9.48908963
362	9.48908963
363	9.48908963
364	9.48908963
365	9.48908963
366	9.48908963
367	9.48908963
368	9.48908963
369	9.48908963
370	9.48908963
371	9.48908963
372	9.48908963
373	9.48908963
374	9.48908963
375	9.48908963
376	9.48908963
377	9.48908963
378	9.48908963
379	9.48908963
380	9.48908963
381	9.48908963
382	9.48908963
383	9.48908963
384	9.48908963
385	9.48908963
386	9.48908963
387	9.48908963
388	9.48908963
389	9.48908963
390	9.48908963
391	9.48908963
392	9.48908963
393	9.48908963
394	9.48908963
395	9.48908963
396	9.48908963
397	9.48908963
398	9.48908963
399	9.48908963
400	9.48908963
401	9.48908963
402	9.48908963
403	9.48908963
404	9.48908963
405	9.48908963
406	9.48908963
407	9.48908963
408	9.48908963
409	9.48908963
410	9.48908963
411	9.48908963
412	9.48908963
413	9.48908963
414	9.48908963
415	9.48908963
416	9.48908963
417	9.48908963
418	9.48908963
419	9.48908963
420	9.48908963
421	9.48908963
422	9.48908963
423	9.48908963
424	9.48908963
425	9.48908963
426	9.48908963
427	9.48908963
428	9.48908963
429	9.48908963
430	9.48908963
431	9.48908963
432	9.48908963
433	9.48908963
434	9.48908963
435	9.48908963
436	9.48908963
437	9.48908963
438	9.48908963
439	9.48908963
440	9.48908963
441	9.48908963
442	9.48908963
443	9.48908963
444	9.48908963
445	9.48908963
446	9.48908963
447	9.48908963
448	9.48908963
449	9.48908963
450	9.48908963
451	9.48908963
452	9.48908963
453	9.48908963
454	9.48908963
455	9.48908963
456	9.48908963
457	9.48908963
458	9.48908963
459	9.48908963
460	9.48908963
461	9.48908963
462	9.48908963
463	9.48908963
464	9.48908963
465	9.48908963
466	9.48908963
467	9.48908963
468	9.48908963
469	9.48908963
470	9.48908963
471	9.48908963
472	9.48908963
473	9.48908963
474	9.48908963
475	9.48908963
476	9.48908963
477	9.48908963
478	9.48908963
479	9.48908963
480	9.48908963
481	9.48908963
482	9.48908963
483	9.48908963
484	9.48908963
485	9.48908963
486	9.48908963
487	9.48908963
488	9.48908963
489	9.48908963
490	9.48908963
491	9.48908963
492	9.48908963
493	9.48908963
494	9.48908963
495	9.48908963
496	9.48908963
497	9.48908963
498	9.48908963
499	9.48908963
500	9.48908963
