1	28.1315489
2	27.8793253
3	27.1906767
4	25.8599306
5	25.7912582
6	23.0051363
7	23.0051363
8	23.0051363
9	22.2122258
10	22.2122258
11	22.4021694
12	22.2122258
13	21.4071277
14	21.4071277
15	21.4071277
16	19.2537178
17	21.0284964
18	21.0284964
19	21.0284964
20	21.0284964
21	18.4673695
22	20.4864575
23	20.1321482
24	19.350517
25	19.2673632
26	19.6693628
27	18.461732
28	17.8389966
29	17.8389966
30	17.8060612
31	16.3810763
32	17.2666163
33	17.7739198
34	17.2769554
35	16.3477799
36	16.3477799
37	16.3477799
38	16.1436651
39	16.1436651
40	15.9860052
41	16.0681224
42	15.9578573
43	15.9578573
44	15.9578573
45	15.9578573
46	15.7090808
47	15.6954901
48	15.6954901
49	15.6954901
50	15.6954901
51	12.4071327
52	12.4279787
53	12.4279787
54	12.4279787
55	12.4279787
56	12.4279787
57	12.4279787
58	12.4279787
59	12.4279787
60	12.4279787
61	12.4279787
62	12.4279787
63	12.4279787
64	12.4279787
65	12.4279787
66	12.1734457
67	12.1734457
68	12.1734457
69	12.1734457
70	12.1734457
71	11.5860586
72	11.4422228
73	11.3652429
74	11.3652429
75	11.3652429
76	11.8030119
77	11.3634609
78	11.3634609
79	10.8242388
80	10.8242388
81	10.8224568
82	10.8224568
83	10.8224568
84	10.8224568
85	10.8224568
86	12.1734457
87	10.8224568
88	10.8224568
89	10.8224568
90	10.8224568
91	10.8224568
92	10.8224568
93	10.8224568
94	10.8224568
95	10.8224568
96	10.8224568
97	10.8224568
98	10.8224568
99	10.8224568
100	10.8224568
101	10.8224568
102	10.8224568
103	10.8224568
104	10.8224568
105	10.8224568
106	10.8224568
107	10.8224568
108	10.8224568
109	10.8224568
110	10.8224568
111	10.8224568
112	10.8224568
113	10.8224568
114	10.8224568
115	10.8224568
116	10.8224568
117	10.8224568
118	10.8224568
119	10.8224568
120	10.8224568
121	10.8224568
122	10.8224568
123	10.8224568
124	10.8224568
125	10.8224568
126	10.8224568
127	10.8224568
128	10.8224568
129	10.8224568
130	10.8224568
131	10.8224568
132	11.5544312
133	11.5544312
134	11.3770617
135	11.3770617
136	10.6196821
137	10.6196821
138	10.6196821
139	10.6196821
140	10.6196821
141	10.7466361
142	10.5900029
143	10.5900029
144	10.5900029
145	10.5900029
146	10.5900029
147	10.5900029
148	10.5544619
149	10.5544619
150	10.4786412
151	10.4786412
152	10.4786412
153	10.4786412
154	10.4786412
155	10.4786412
156	10.4786412
157	10.4786412
158	10.4786412
159	10.4786412
160	10.4786412
161	10.4377542
162	10.4377542
163	10.4377542
164	10.3263925
165	10.3263925
166	10.3263925
167	10.3263925
168	10.3263925
169	10.3263925
170	10.3263925
171	10.3263925
172	10.3263925
173	10.3263925
174	10.3263925
175	10.3263925
176	10.4377542
177	10.3263925
178	10.3263925
179	10.3263925
180	10.3263925
181	10.3263925
182	10.3263925
183	10.3263925
184	10.3263925
185	10.3263925
186	9.81900241
187	9.81900241
188	9.81900241
189	9.81900241
190	9.81900241
191	9.81900241
192	9.81900241
193	9.81900241
194	9.81900241
195	9.81900241
196	9.81900241
197	9.81900241
198	9.81900241
199	9.81900241
200	9.81900241
201	10.1758351
202	9.81900241
203	9.81900241
204	9.81900241
205	9.81900241
206	9.81900241
207	9.81900241
208	9.81900241
209	9.80257384
210	9.80257384
211	9.80257384
212	9.80257384
213	9.80257384
214	9.80257384
215	9.80257384
216	9.80257384
217	9.80257384
218	9.80257384
219	9.80257384
220	9.80257384
221	9.61143668
222	9.61143668
223	9.61143668
224	9.80257384
225	9.80257384
226	9.80257384
227	9.80257384
228	9.80257384
229	9.80257384
230	9.80257384
231	9.80257384
232	9.80257384
233	9.80257384
234	9.80257384
235	9.80257384
236	9.80257384
237	9.80257384
238	9.80257384
239	9.80257384
240	9.80257384
241	9.80257384
242	9.80257384
243	9.80257384
244	9.80257384
245	9.80257384
246	9.58651047
247	9.58651047
248	9.58651047
249	9.58651047
250	9.58651047
251	9.80257384
252	9.58651047
253	9.58651047
254	9.58651047
255	9.58651047
256	9.58651047
257	9.58651047
258	9.58651047
259	9.58651047
260	9.58651047
261	9.58651047
262	9.58651047
263	9.58651047
264	9.47560721
265	9.58651047
266	9.80257384
267	9.58651047
268	9.58651047
269	9.58651047
270	9.57004461
271	9.58651047
272	9.57004461
273	9.57004461
274	9.57004461
275	9.57004461
276	9.57004461
277	9.57004461
278	9.57004461
279	9.57004461
280	9.57004461
281	9.80257384
282	9.57004461
283	9.57004461
284	9.57004461
285	9.57004461
286	9.57004461
287	9.57004461
288	9.57004461
289	9.57004461
290	9.57004461
291	9.57004461
292	9.57004461
293	9.57004461
294	9.57004461
295	9.57004461
296	9.57004461
297	9.57004461
298	9.57004461
299	9.57004461
300	9.57004461
301	9.57004461
302	9.57004461
303	9.57004461
304	9.57004461
305	9.57004461
306	9.57004461
307	9.57004461
308	9.57004461
309	9.57004461
310	9.57004461
311	9.57004461
312	9.57004461
313	9.57004461
314	9.57004461
315	9.57004461
316	9.57004461
317	9.57004461
318	9.57004461
319	9.57004461
320	9.57004461
321	9.57004461
322	9.57004461
323	9.57004461
324	9.57004461
325	9.57004461
326	9.57004461
327	9.57004461
328	9.57004461
329	9.57004461
330	9.57004461
331	9.57004461
332	9.57004461
333	9.57004461
334	9.57004461
335	9.57004461
336	9.48908963
337	9.48908963
338	9.48908963
339	9.48908963
340	9.48908963
341	9.48908963
342	9.48908963
343	9.48908963
344	9.48908963
345	9.48908963
346	9.48908963
347	9.48908963
348	9.48908963
349	9.48908963
350	9.48908963
351	9.48908963
352	9.48908963
353	9.48908963
354	9.48908963
355	9.48908963
356	9.48908963
357	9.48908963
358	9.48908963
359	9.48908963
360	9.48908963
361	9.48908963
362	9.48908963
363	9.48908963
364	9.48908963
365	9.48908963
366	9.48908963
367	9.48908963
368	9.48908963
369	9.48908963
370	9.48908963
371	9.48908963
372	9.48908963
373	9.48908963
374	9.48908963
375	9.48908963
376	9.48908963
377	9.48908963
378	9.48908963
379	9.48908963
380	9.48908963
381	9.48908963
382	9.48908963
383	9.48908963
384	9.48908963
385	9.48908963
386	9.48908963
387	9.48908963
388	9.48908963
389	9.48908963
390	9.48908963
391	9.48908963
392	9.48908963
393	9.48908963
394	9.48908963
395	9.48908963
396	9.48908963
397	9.48908963
398	9.48908963
399	9.48908963
400	9.48908963
401	9.48908963
402	9.48908963
403	9.48908963
404	9.48908963
405	9.48908963
406	9.48908963
407	9.48908963
408	9.48908963
409	9.48908963
410	9.48908963
411	9.48908963
412	9.48908963
413	9.48908963
414	9.48908963
415	9.48908963
416	9.48908963
417	9.48908963
418	9.48908963
419	9.48908963
420	9.48908963
421	9.48908963
422	9.48908963
423	9.48908963
424	9.48908963
425	9.48908963
426	9.48908963
427	9.48908963
428	9.48908963
429	9.48908963
430	9.48908963
431	9.48908963
432	9.48908963
433	9.48908963
434	9.48908963
435	9.48908963
436	9.48908963
437	9.48908963
438	9.48908963
439	9.48908963
440	9.48908963
441	9.48908963
442	9.48908963
443	9.48908963
444	9.48908963
445	9.48908963
446	9.48908963
447	9.48908963
448	9.48908963
449	9.48908963
450	9.48908963
451	9.48908963
452	9.48908963
453	9.48908963
454	9.48908963
455	9.48908963
456	9.48908963
457	9.48908963
458	9.48908963
459	9.48908963
460	9.48908963
461	9.48908963
462	9.48908963
463	9.48908963
464	9.48908963
465	9.48908963
466	9.48908963
467	9.48908963
468	9.48908963
469	9.48908963
470	9.48908963
471	9.48908963
472	9.48908963
473	9.48908963
474	9.48908963
475	9.48908963
476	9.48908963
477	9.48908963
478	9.48908963
479	9.48908963
480	9.48908963
481	9.48908963
482	9.48908963
483	9.48908963
484	9.48908963
485	9.48908963
486	9.48908963
487	9.48908963
488	9.48908963
489	9.48908963
490	9.48908963
491	9.48908963
492	9.48908963
493	9.48908963
494	9.48908963
495	9.48908963
496	9.48908963
497	9.48908963
498	9.48908963
499	9.48908963
500	9.48908963
