              1       -7.55911   -1.25238e-20              0
              2        -7.5496   -1.25159e-20    7.87829e-24
              3       -7.54574   -1.25111e-20    6.58261e-24
              4       -7.55677   -1.25133e-20    5.14346e-24
              5       -7.54457   -1.25106e-20    4.82946e-24
              6       -7.55438   -1.25115e-20    4.04254e-24
              7       -7.54515   -1.25099e-20    3.75109e-24
              8       -7.54428   -1.25086e-20    3.51492e-24
              9       -7.54378   -1.25075e-20    3.30128e-24
             10       -7.55621   -1.25086e-20    3.16897e-24
             11       -7.54914   -1.25085e-20    2.86911e-24
             12       -7.54908   -1.25084e-20     2.6215e-24
             13       -7.54216   -1.25074e-20    2.60153e-24
             14       -7.54192   -1.25065e-20    2.55896e-24
             15       -7.54653   -1.25063e-20    2.39442e-24
             16       -7.55118   -1.25066e-20     2.2561e-24
             17        -7.5485   -1.25065e-20    2.11935e-24
             18       -7.54219   -1.25059e-20    2.08623e-24
             19       -7.54538   -1.25057e-20    1.99026e-24
             20       -7.54411   -1.25053e-20     1.9182e-24
