1.96065e-11    0
2.74491e-11    0
3.52916e-11    0
4.31342e-11    0
5.09768e-11    0
5.88194e-11    0
6.6662e-11    0
7.45046e-11    0
8.23472e-11    0
9.01897e-11    0
9.80323e-11    0
1.05875e-10    0
1.13717e-10    0
1.2156e-10    0
1.29403e-10    0
1.37245e-10    0
1.45088e-10    0
1.5293e-10    0
1.60773e-10    0
1.68616e-10    0
1.76458e-10    0
1.84301e-10    0
1.92143e-10    0
1.99986e-10    0
2.07829e-10    0
2.15671e-10    0
2.23514e-10    0
2.31356e-10    0
2.39199e-10    0
2.47041e-10    0
2.54884e-10    0
2.62727e-10    0
2.70569e-10    0
2.78412e-10    0
2.86254e-10    0
2.94097e-10    0
3.0194e-10    0
3.09782e-10    0
3.17625e-10    4.66395e-05
3.25467e-10    0.00259535
3.3331e-10    0.0427491
3.41152e-10    0.27299
3.48995e-10    0.947654
3.56838e-10    2.12634
3.6468e-10    3.44978
3.72523e-10    4.42223
3.80365e-10    4.72628
3.88208e-10    4.34282
3.96051e-10    3.52165
4.03893e-10    2.60616
4.11736e-10    1.74885
4.19578e-10    1.08382
4.27421e-10    0.623534
4.35264e-10    0.330107
4.43106e-10    0.165311
4.50949e-10    0.0790117
4.58791e-10    0.0426944
4.66634e-10    0.0357876
4.74476e-10    0.0543795
4.82319e-10    0.0957397
4.90162e-10    0.174331
4.98004e-10    0.286108
5.05847e-10    0.438936
5.13689e-10    0.607997
5.21532e-10    0.779567
5.29375e-10    0.904787
5.37217e-10    0.95047
5.4506e-10    0.912368
5.52902e-10    0.796344
5.60745e-10    0.621441
5.68587e-10    0.45165
5.7643e-10    0.303154
5.84273e-10    0.205341
5.92115e-10    0.175314
5.99958e-10    0.236569
6.078e-10    0.408766
6.15643e-10    0.721706
6.23486e-10    1.15656
6.31328e-10    1.68758
6.39171e-10    2.1931
6.47013e-10    2.55447
6.54856e-10    2.67202
6.62698e-10    2.51613
6.70541e-10    2.13717
6.78384e-10    1.65485
6.86226e-10    1.16457
6.94069e-10    0.776011
7.01911e-10    0.518907
7.09754e-10    0.409916
7.17597e-10    0.438436
7.25439e-10    0.570897
7.33282e-10    0.73967
7.41124e-10    0.903699
7.48967e-10    1.00149
7.5681e-10    1.00616
7.64652e-10    0.903541
7.72495e-10    0.767542
7.80337e-10    0.636089
7.8818e-10    0.547668
7.96022e-10    0.550169

1.96065e-11    0
2.74491e-11    0
3.52916e-11    0
4.31342e-11    0
5.09768e-11    0
5.88194e-11    0
6.6662e-11    0
7.45046e-11    0
8.23472e-11    0
9.01897e-11    0
9.80323e-11    0
1.05875e-10    0
1.13717e-10    0
1.2156e-10    0
1.29403e-10    0
1.37245e-10    0
1.45088e-10    0
1.5293e-10    0
1.60773e-10    0
1.68616e-10    0
1.76458e-10    0
1.84301e-10    0
1.92143e-10    0
1.99986e-10    0
2.07829e-10    0
2.15671e-10    0
2.23514e-10    0
2.31356e-10    0
2.39199e-10    0
2.47041e-10    0
2.54884e-10    0
2.62727e-10    0
2.70569e-10    0
2.78412e-10    0
2.86254e-10    0
2.94097e-10    0
3.0194e-10    0
3.09782e-10    0
3.17625e-10    0.000186558
3.25467e-10    0.00324973
3.3331e-10    0.045823
3.41152e-10    0.278671
3.48995e-10    0.951942
3.56838e-10    2.13724
3.6468e-10    3.47523
3.72523e-10    4.40923
3.80365e-10    4.7027
3.88208e-10    4.31356
3.96051e-10    3.52142
4.03893e-10    2.58946
4.11736e-10    1.75054
4.19578e-10    1.08603
4.27421e-10    0.62579
4.35264e-10    0.340121
4.43106e-10    0.172699
4.50949e-10    0.0831037
4.58791e-10    0.0457263
4.66634e-10    0.0411143
4.74476e-10    0.0582747
4.82319e-10    0.102663
4.90162e-10    0.179656
4.98004e-10    0.290914
5.05847e-10    0.440564
5.13689e-10    0.610109
5.21532e-10    0.769216
5.29375e-10    0.897275
5.37217e-10    0.943119
5.4506e-10    0.900869
5.52902e-10    0.778612
5.60745e-10    0.624424
5.68587e-10    0.450924
5.7643e-10    0.308688
5.84273e-10    0.215383
5.92115e-10    0.188124
5.99958e-10    0.244551
6.078e-10    0.418926
6.15643e-10    0.725829
6.23486e-10    1.16655
6.31328e-10    1.68028
6.39171e-10    2.182
6.47013e-10    2.54
6.54856e-10    2.65643
6.62698e-10    2.50733
6.70541e-10    2.13298
6.78384e-10    1.65112
6.86226e-10    1.16863
6.94069e-10    0.780531
7.01911e-10    0.526452
7.09754e-10    0.421926
7.17597e-10    0.447635
7.25439e-10    0.573742
7.33282e-10    0.741656
7.41124e-10    0.89562
7.48967e-10    0.995867
7.5681e-10    1.00355
7.64652e-10    0.905193
7.72495e-10    0.76825
7.80337e-10    0.639078
7.8818e-10    0.562615
7.96022e-10    0.559294

1.96065e-11    0
2.74491e-11    0
3.52916e-11    0
4.31342e-11    0
5.09768e-11    0
5.88194e-11    0
6.6662e-11    0
7.45046e-11    0
8.23472e-11    0
9.01897e-11    0
9.80323e-11    0
1.05875e-10    0
1.13717e-10    0
1.2156e-10    0
1.29403e-10    0
1.37245e-10    0
1.45088e-10    0
1.5293e-10    0
1.60773e-10    0
1.68616e-10    0
1.76458e-10    0
1.84301e-10    0
1.92143e-10    0
1.99986e-10    0
2.07829e-10    0
2.15671e-10    0
2.23514e-10    0
2.31356e-10    0
2.39199e-10    0
2.47041e-10    0
2.54884e-10    0
2.62727e-10    0
2.70569e-10    0
2.78412e-10    0
2.86254e-10    0
2.94097e-10    0
3.0194e-10    0
3.09782e-10    0
3.17625e-10    3.49796e-05
3.25467e-10    0.00267298
3.3331e-10    0.0436364
3.41152e-10    0.281027
3.48995e-10    0.961142
3.56838e-10    2.14624
3.6468e-10    3.46676
3.72523e-10    4.41983
3.80365e-10    4.69726
3.88208e-10    4.3138
3.96051e-10    3.51058
4.03893e-10    2.58339
4.11736e-10    1.74117
4.19578e-10    1.08747
4.27421e-10    0.629827
4.35264e-10    0.338927
4.43106e-10    0.174672
4.50949e-10    0.0860102
4.58791e-10    0.0473165
4.66634e-10    0.041125
4.74476e-10    0.0571288
4.82319e-10    0.102261
4.90162e-10    0.177371
4.98004e-10    0.290644
5.05847e-10    0.438426
5.13689e-10    0.610773
5.21532e-10    0.771785
5.29375e-10    0.897291
5.37217e-10    0.94732
5.4506e-10    0.901035
5.52902e-10    0.784661
5.60745e-10    0.622242
5.68587e-10    0.452166
5.7643e-10    0.30829
5.84273e-10    0.213315
5.92115e-10    0.18517
5.99958e-10    0.246993
6.078e-10    0.421437
6.15643e-10    0.728506
6.23486e-10    1.16952
6.31328e-10    1.68496
6.39171e-10    2.17872
6.47013e-10    2.53641
6.54856e-10    2.65798
6.62698e-10    2.50228
6.70541e-10    2.12771
6.78384e-10    1.64456
6.86226e-10    1.16834
6.94069e-10    0.782577
7.01911e-10    0.528217
7.09754e-10    0.423425
7.17597e-10    0.449687
7.25439e-10    0.575795
7.33282e-10    0.74492
7.41124e-10    0.90199
7.48967e-10    0.991897
7.5681e-10    1.00199
7.64652e-10    0.900288
7.72495e-10    0.759996
7.80337e-10    0.637259
7.8818e-10    0.556069
7.96022e-10    0.558467

1.96065e-11    0
2.74491e-11    0
3.52916e-11    0
4.31342e-11    0
5.09768e-11    0
5.88194e-11    0
6.6662e-11    0
7.45046e-11    0
8.23472e-11    0
9.01897e-11    0
9.80323e-11    0
1.05875e-10    0
1.13717e-10    0
1.2156e-10    0
1.29403e-10    0
1.37245e-10    0
1.45088e-10    0
1.5293e-10    0
1.60773e-10    0
1.68616e-10    0
1.76458e-10    0
1.84301e-10    0
1.92143e-10    0
1.99986e-10    0
2.07829e-10    0
2.15671e-10    0
2.23514e-10    0
2.31356e-10    0
2.39199e-10    0
2.47041e-10    0
2.54884e-10    0
2.62727e-10    0
2.70569e-10    0
2.78412e-10    0
2.86254e-10    0
2.94097e-10    0
3.0194e-10    0
3.09782e-10    0
3.17625e-10    8.16191e-05
3.25467e-10    0.00310554
3.3331e-10    0.0433301
3.41152e-10    0.270845
3.48995e-10    0.944808
3.56838e-10    2.12517
3.6468e-10    3.46687
3.72523e-10    4.442
3.80365e-10    4.71932
3.88208e-10    4.34027
3.96051e-10    3.50337
4.03893e-10    2.58414
4.11736e-10    1.74457
4.19578e-10    1.07984
4.27421e-10    0.626413
4.35264e-10    0.341751
4.43106e-10    0.169439
4.50949e-10    0.0829498
4.58791e-10    0.0453796
4.66634e-10    0.0388178
4.74476e-10    0.0555563
4.82319e-10    0.10152
4.90162e-10    0.174822
4.98004e-10    0.289331
5.05847e-10    0.43996
5.13689e-10    0.612781
5.21532e-10    0.772175
5.29375e-10    0.898805
5.37217e-10    0.947783
5.4506e-10    0.902629
5.52902e-10    0.786235
5.60745e-10    0.62461
5.68587e-10    0.451675
5.7643e-10    0.305494
5.84273e-10    0.21122
5.92115e-10    0.18185
5.99958e-10    0.24361
6.078e-10    0.414272
6.15643e-10    0.725744
6.23486e-10    1.16383
6.31328e-10    1.68508
6.39171e-10    2.19407
6.47013e-10    2.54445
6.54856e-10    2.65725
6.62698e-10    2.4999
6.70541e-10    2.13308
6.78384e-10    1.65554
6.86226e-10    1.16995
6.94069e-10    0.776803
7.01911e-10    0.524031
7.09754e-10    0.419475
7.17597e-10    0.445053
7.25439e-10    0.570936
7.33282e-10    0.743164
7.41124e-10    0.904477
7.48967e-10    0.997361
7.5681e-10    1.00112
7.64652e-10    0.898973
7.72495e-10    0.764227
7.80337e-10    0.639378
7.8818e-10    0.556773
7.96022e-10    0.556187

1.96065e-11    0
2.74491e-11    0
3.52916e-11    0
4.31342e-11    0
5.09768e-11    0
5.88194e-11    0
6.6662e-11    0
7.45046e-11    0
8.23472e-11    0
9.01897e-11    0
9.80323e-11    0
1.05875e-10    0
1.13717e-10    0
1.2156e-10    0
1.29403e-10    0
1.37245e-10    0
1.45088e-10    0
1.5293e-10    0
1.60773e-10    0
1.68616e-10    0
1.76458e-10    0
1.84301e-10    0
1.92143e-10    0
1.99986e-10    0
2.07829e-10    0
2.15671e-10    0
2.23514e-10    0
2.31356e-10    0
2.39199e-10    0
2.47041e-10    0
2.54884e-10    0
2.62727e-10    0
2.70569e-10    0
2.78412e-10    0
2.86254e-10    0
2.94097e-10    0
3.0194e-10    0
3.09782e-10    0
3.17625e-10    4.66395e-05
3.25467e-10    0.00377101
3.3331e-10    0.0453899
3.41152e-10    0.279063
3.48995e-10    0.969545
3.56838e-10    2.13937
3.6468e-10    3.46848
3.72523e-10    4.41927
3.80365e-10    4.68434
3.88208e-10    4.30753
3.96051e-10    3.51836
4.03893e-10    2.58227
4.11736e-10    1.75464
4.19578e-10    1.08953
4.27421e-10    0.628276
4.35264e-10    0.341646
4.43106e-10    0.17231
4.50949e-10    0.0845797
4.58791e-10    0.0459684
4.66634e-10    0.0385095
4.74476e-10    0.0558852
4.82319e-10    0.103265
4.90162e-10    0.17677
4.98004e-10    0.291464
5.05847e-10    0.435998
5.13689e-10    0.611792
5.21532e-10    0.769364
5.29375e-10    0.893305
5.37217e-10    0.946549
5.4506e-10    0.907316
5.52902e-10    0.793354
5.60745e-10    0.623597
5.68587e-10    0.451991
5.7643e-10    0.305643
5.84273e-10    0.212002
5.92115e-10    0.18478
5.99958e-10    0.244663
6.078e-10    0.420741
6.15643e-10    0.727719
6.23486e-10    1.16467
6.31328e-10    1.68175
6.39171e-10    2.18014
6.47013e-10    2.53736
6.54856e-10    2.65504
6.62698e-10    2.50204
6.70541e-10    2.12844
6.78384e-10    1.65768
6.86226e-10    1.17715
6.94069e-10    0.783461
7.01911e-10    0.5249
7.09754e-10    0.417895
7.17597e-10    0.447024
7.25439e-10    0.572842
7.33282e-10    0.737805
7.41124e-10    0.902519
7.48967e-10    0.996609
7.5681e-10    1.00103
7.64652e-10    0.899221
7.72495e-10    0.763422
7.80337e-10    0.640001
7.8818e-10    0.558146
7.96022e-10    0.557165

1.96065e-11    0
2.74491e-11    0
3.52916e-11    0
4.31342e-11    0
5.09768e-11    0
5.88194e-11    0
6.6662e-11    0
7.45046e-11    0
8.23472e-11    0
9.01897e-11    0
9.80323e-11    0
1.05875e-10    0
1.13717e-10    0
1.2156e-10    0
1.29403e-10    0
1.37245e-10    0
1.45088e-10    0
1.5293e-10    0
1.60773e-10    0
1.68616e-10    0
1.76458e-10    0
1.84301e-10    0
1.92143e-10    0
1.99986e-10    0
2.07829e-10    0
2.15671e-10    0
2.23514e-10    0
2.31356e-10    0
2.39199e-10    0
2.47041e-10    0
2.54884e-10    0
2.62727e-10    0
2.70569e-10    0
2.78412e-10    0
2.86254e-10    0
2.94097e-10    0
3.0194e-10    0
3.09782e-10    0
3.17625e-10    6.99593e-05
3.25467e-10    0.00410375
3.3331e-10    0.0424111
3.41152e-10    0.274017
3.48995e-10    0.951759
3.56838e-10    2.12638
3.6468e-10    3.4743
3.72523e-10    4.42249
3.80365e-10    4.70369
3.88208e-10    4.32088
3.96051e-10    3.52808
4.03893e-10    2.60134
4.11736e-10    1.74612
4.19578e-10    1.08324
4.27421e-10    0.626019
4.35264e-10    0.334817
4.43106e-10    0.169221
4.50949e-10    0.0818955
4.58791e-10    0.0444167
4.66634e-10    0.0376536
4.74476e-10    0.0548985
4.82319e-10    0.0982895
4.90162e-10    0.17298
4.98004e-10    0.289238
5.05847e-10    0.437135
5.13689e-10    0.614429
5.21532e-10    0.778299
5.29375e-10    0.896711
5.37217e-10    0.947647
5.4506e-10    0.907906
5.52902e-10    0.79083
5.60745e-10    0.625269
5.68587e-10    0.451255
5.7643e-10    0.302237
5.84273e-10    0.209782
5.92115e-10    0.179719
5.99958e-10    0.23926
6.078e-10    0.413908
6.15643e-10    0.721097
6.23486e-10    1.1662
6.31328e-10    1.68729
6.39171e-10    2.18063
6.47013e-10    2.54871
6.54856e-10    2.65775
6.62698e-10    2.52025
6.70541e-10    2.1395
6.78384e-10    1.65155
6.86226e-10    1.1726
6.94069e-10    0.774208
7.01911e-10    0.521402
7.09754e-10    0.413473
7.17597e-10    0.44532
7.25439e-10    0.567912
7.33282e-10    0.741307
7.41124e-10    0.90228
7.48967e-10    0.995242
7.5681e-10    1.00509
7.64652e-10    0.903912
7.72495e-10    0.766044
7.80337e-10    0.636569
7.8818e-10    0.556687
7.96022e-10    0.556972

1.96065e-11    0
2.74491e-11    0
3.52916e-11    0
4.31342e-11    0
5.09768e-11    0
5.88194e-11    0
6.6662e-11    0
7.45046e-11    0
8.23472e-11    0
9.01897e-11    0
9.80323e-11    0
1.05875e-10    0
1.13717e-10    0
1.2156e-10    0
1.29403e-10    0
1.37245e-10    0
1.45088e-10    0
1.5293e-10    0
1.60773e-10    0
1.68616e-10    0
1.76458e-10    0
1.84301e-10    0
1.92143e-10    0
1.99986e-10    0
2.07829e-10    0
2.15671e-10    0
2.23514e-10    0
2.31356e-10    0
2.39199e-10    0
2.47041e-10    0
2.54884e-10    0
2.62727e-10    0
2.70569e-10    0
2.78412e-10    0
2.86254e-10    0
2.94097e-10    0
3.0194e-10    0
3.09782e-10    0
3.17625e-10    5.82994e-05
3.25467e-10    0.00352701
3.3331e-10    0.0467209
3.41152e-10    0.278338
3.48995e-10    0.962748
3.56838e-10    2.13644
3.6468e-10    3.47721
3.72523e-10    4.42622
3.80365e-10    4.68373
3.88208e-10    4.32183
3.96051e-10    3.50273
4.03893e-10    2.58447
4.11736e-10    1.74647
4.19578e-10    1.08241
4.27421e-10    0.633926
4.35264e-10    0.339454
4.43106e-10    0.173148
4.50949e-10    0.0846538
4.58791e-10    0.0479108
4.66634e-10    0.0401043
4.74476e-10    0.0577454
4.82319e-10    0.102693
4.90162e-10    0.176592
4.98004e-10    0.289321
5.05847e-10    0.437244
5.13689e-10    0.605718
5.21532e-10    0.774482
5.29375e-10    0.900537
5.37217e-10    0.943067
5.4506e-10    0.907146
5.52902e-10    0.78793
5.60745e-10    0.625299
5.68587e-10    0.451326
5.7643e-10    0.307605
5.84273e-10    0.20985
5.92115e-10    0.18497
5.99958e-10    0.247539
6.078e-10    0.420738
6.15643e-10    0.73507
6.23486e-10    1.17169
6.31328e-10    1.68558
6.39171e-10    2.17668
6.47013e-10    2.533
6.54856e-10    2.63857
6.62698e-10    2.50013
6.70541e-10    2.13321
6.78384e-10    1.65215
6.86226e-10    1.1716
6.94069e-10    0.784171
7.01911e-10    0.529509
7.09754e-10    0.426362
7.17597e-10    0.453428
7.25439e-10    0.575904
7.33282e-10    0.738499
7.41124e-10    0.895876
7.48967e-10    0.995228
7.5681e-10    0.998837
7.64652e-10    0.897514
7.72495e-10    0.760006
7.80337e-10    0.638124
7.8818e-10    0.560616
7.96022e-10    0.560762

1.96065e-11    0
2.74491e-11    0
3.52916e-11    0
4.31342e-11    0
5.09768e-11    0
5.88194e-11    0
6.6662e-11    0
7.45046e-11    0
8.23472e-11    0
9.01897e-11    0
9.80323e-11    0
1.05875e-10    0
1.13717e-10    0
1.2156e-10    0
1.29403e-10    0
1.37245e-10    0
1.45088e-10    0
1.5293e-10    0
1.60773e-10    0
1.68616e-10    0
1.76458e-10    0
1.84301e-10    0
1.92143e-10    0
1.99986e-10    0
2.07829e-10    0
2.15671e-10    0
2.23514e-10    0
2.31356e-10    0
2.39199e-10    0
2.47041e-10    0
2.54884e-10    0
2.62727e-10    0
2.70569e-10    0
2.78412e-10    0
2.86254e-10    0
2.94097e-10    0
3.0194e-10    0
3.09782e-10    0
3.17625e-10    3.49796e-05
3.25467e-10    0.00343828
3.3331e-10    0.0449146
3.41152e-10    0.280202
3.48995e-10    0.969536
3.56838e-10    2.14618
3.6468e-10    3.46997
3.72523e-10    4.40537
3.80365e-10    4.68715
3.88208e-10    4.29856
3.96051e-10    3.5188
4.03893e-10    2.59501
4.11736e-10    1.74967
4.19578e-10    1.08986
4.27421e-10    0.634937
4.35264e-10    0.337537
4.43106e-10    0.170916
4.50949e-10    0.0850129
4.58791e-10    0.0476852
4.66634e-10    0.0392165
4.74476e-10    0.0576272
4.82319e-10    0.10071
4.90162e-10    0.17424
4.98004e-10    0.288222
5.05847e-10    0.44107
5.13689e-10    0.613122
5.21532e-10    0.773507
5.29375e-10    0.897188
5.37217e-10    0.941131
5.4506e-10    0.909705
5.52902e-10    0.786623
5.60745e-10    0.622019
5.68587e-10    0.448458
5.7643e-10    0.306705
5.84273e-10    0.213608
5.92115e-10    0.184151
5.99958e-10    0.244076
6.078e-10    0.420219
6.15643e-10    0.727255
6.23486e-10    1.16807
6.31328e-10    1.68961
6.39171e-10    2.18201
6.47013e-10    2.53594
6.54856e-10    2.65168
6.62698e-10    2.49888
6.70541e-10    2.13198
6.78384e-10    1.65559
6.86226e-10    1.17073
6.94069e-10    0.78396
7.01911e-10    0.522387
7.09754e-10    0.419366
7.17597e-10    0.447877
7.25439e-10    0.569161
7.33282e-10    0.740093
7.41124e-10    0.901437
7.48967e-10    0.994122
7.5681e-10    1.00674
7.64652e-10    0.90777
7.72495e-10    0.768769
7.80337e-10    0.639187
7.8818e-10    0.554561
7.96022e-10    0.555464

1.96065e-11    0
2.74491e-11    0
3.52916e-11    0
4.31342e-11    0
5.09768e-11    0
5.88194e-11    0
6.6662e-11    0
7.45046e-11    0
8.23472e-11    0
9.01897e-11    0
9.80323e-11    0
1.05875e-10    0
1.13717e-10    0
1.2156e-10    0
1.29403e-10    0
1.37245e-10    0
1.45088e-10    0
1.5293e-10    0
1.60773e-10    0
1.68616e-10    0
1.76458e-10    0
1.84301e-10    0
1.92143e-10    0
1.99986e-10    0
2.07829e-10    0
2.15671e-10    0
2.23514e-10    0
2.31356e-10    0
2.39199e-10    0
2.47041e-10    0
2.54884e-10    0
2.62727e-10    0
2.70569e-10    0
2.78412e-10    0
2.86254e-10    0
2.94097e-10    0
3.0194e-10    0
3.09782e-10    0
3.17625e-10    5.82994e-05
3.25467e-10    0.00320536
3.3331e-10    0.045823
3.41152e-10    0.283686
3.48995e-10    0.967526
3.56838e-10    2.14256
3.6468e-10    3.45695
3.72523e-10    4.42441
3.80365e-10    4.69327
3.88208e-10    4.31354
3.96051e-10    3.51206
4.03893e-10    2.58835
4.11736e-10    1.73429
4.19578e-10    1.08447
4.27421e-10    0.629541
4.35264e-10    0.340036
4.43106e-10    0.176905
4.50949e-10    0.0874122
4.58791e-10    0.048274
4.66634e-10    0.0418107
4.74476e-10    0.0578225
4.82319e-10    0.101784
4.90162e-10    0.177256
4.98004e-10    0.289191
5.05847e-10    0.438746
5.13689e-10    0.610721
5.21532e-10    0.777663
5.29375e-10    0.894765
5.37217e-10    0.942209
5.4506e-10    0.90523
5.52902e-10    0.785791
5.60745e-10    0.620621
5.68587e-10    0.452305
5.7643e-10    0.305407
5.84273e-10    0.212359
5.92115e-10    0.186708
5.99958e-10    0.24864
6.078e-10    0.423704
6.15643e-10    0.729254
6.23486e-10    1.16724
6.31328e-10    1.68336
6.39171e-10    2.18531
6.47013e-10    2.53765
6.54856e-10    2.64886
6.62698e-10    2.48963
6.70541e-10    2.13432
6.78384e-10    1.64746
6.86226e-10    1.16769
6.94069e-10    0.785429
7.01911e-10    0.531839
7.09754e-10    0.424352
7.17597e-10    0.449021
7.25439e-10    0.574728
7.33282e-10    0.743389
7.41124e-10    0.900777
7.48967e-10    0.993215
7.5681e-10    0.998989
7.64652e-10    0.89675
7.72495e-10    0.766543
7.80337e-10    0.63677
7.8818e-10    0.559221
7.96022e-10    0.560575

1.96065e-11    0
2.74491e-11    0
3.52916e-11    0
4.31342e-11    0
5.09768e-11    0
5.88194e-11    0
6.6662e-11    0
7.45046e-11    0
8.23472e-11    0
9.01897e-11    0
9.80323e-11    0
1.05875e-10    0
1.13717e-10    0
1.2156e-10    0
1.29403e-10    0
1.37245e-10    0
1.45088e-10    0
1.5293e-10    0
1.60773e-10    0
1.68616e-10    0
1.76458e-10    0
1.84301e-10    0
1.92143e-10    0
1.99986e-10    0
2.07829e-10    0
2.15671e-10    0
2.23514e-10    0
2.31356e-10    0
2.39199e-10    0
2.47041e-10    0
2.54884e-10    0
2.62727e-10    0
2.70569e-10    0
2.78412e-10    0
2.86254e-10    0
2.94097e-10    0
3.0194e-10    0
3.09782e-10    0
3.17625e-10    6.99593e-05
3.25467e-10    0.00279499
3.3331e-10    0.0449357
3.41152e-10    0.279043
3.48995e-10    0.941481
3.56838e-10    2.12002
3.6468e-10    3.45994
3.72523e-10    4.41981
3.80365e-10    4.71839
3.88208e-10    4.33395
3.96051e-10    3.54448
4.03893e-10    2.59796
4.11736e-10    1.7459
4.19578e-10    1.07955
4.27421e-10    0.618532
4.35264e-10    0.333782
4.43106e-10    0.166403
4.50949e-10    0.0819411
4.58791e-10    0.0461665
4.66634e-10    0.0379034
4.74476e-10    0.0550475
4.82319e-10    0.0996166
4.90162e-10    0.172489
4.98004e-10    0.286424
5.05847e-10    0.437641
5.13689e-10    0.609855
5.21532e-10    0.774219
5.29375e-10    0.899706
5.37217e-10    0.947228
5.4506e-10    0.916796
5.52902e-10    0.793399
5.60745e-10    0.624545
5.68587e-10    0.448696
5.7643e-10    0.306712
5.84273e-10    0.207998
5.92115e-10    0.179732
5.99958e-10    0.237131
6.078e-10    0.412326
6.15643e-10    0.719822
6.23486e-10    1.15945
6.31328e-10    1.68547
6.39171e-10    2.18375
6.47013e-10    2.5539
6.54856e-10    2.66643
6.62698e-10    2.51008
6.70541e-10    2.14769
6.78384e-10    1.6552
6.86226e-10    1.16801
6.94069e-10    0.774595
7.01911e-10    0.519811
7.09754e-10    0.410306
7.17597e-10    0.440635
7.25439e-10    0.568766
7.33282e-10    0.737803
7.41124e-10    0.90147
7.48967e-10    1.00369
7.5681e-10    1.01045
7.64652e-10    0.903986
7.72495e-10    0.767395
7.80337e-10    0.636048
7.8818e-10    0.553464
7.96022e-10    0.549264

1.96065e-11    0
2.74491e-11    0
3.52916e-11    0
4.31342e-11    0
5.09768e-11    0
5.88194e-11    0
6.6662e-11    0
7.45046e-11    0
8.23472e-11    0
9.01897e-11    0
9.80323e-11    0
1.05875e-10    0
1.13717e-10    0
1.2156e-10    0
1.29403e-10    0
1.37245e-10    0
1.45088e-10    0
1.5293e-10    0
1.60773e-10    0
1.68616e-10    0
1.76458e-10    0
1.84301e-10    0
1.92143e-10    0
1.99986e-10    0
2.07829e-10    0
2.15671e-10    0
2.23514e-10    0
2.31356e-10    0
2.39199e-10    0
2.47041e-10    0
2.54884e-10    0
2.62727e-10    0
2.70569e-10    0
2.78412e-10    0
2.86254e-10    0
2.94097e-10    0
3.0194e-10    0
3.09782e-10    0
3.17625e-10    1.16599e-05
3.25467e-10    0.003283
3.3331e-10    0.0443125
3.41152e-10    0.279789
3.48995e-10    0.957393
3.56838e-10    2.13261
3.6468e-10    3.47381
3.72523e-10    4.41524
3.80365e-10    4.68373
3.88208e-10    4.32342
3.96051e-10    3.52233
4.03893e-10    2.60186
4.11736e-10    1.7515
4.19578e-10    1.08402
4.27421e-10    0.624971
4.35264e-10    0.337316
4.43106e-10    0.170307
4.50949e-10    0.0819183
4.58791e-10    0.0448073
4.66634e-10    0.0390251
4.74476e-10    0.055474
4.82319e-10    0.100213
4.90162e-10    0.173985
4.98004e-10    0.288879
5.05847e-10    0.433941
5.13689e-10    0.607704
5.21532e-10    0.775504
5.29375e-10    0.903384
5.37217e-10    0.951504
5.4506e-10    0.90924
5.52902e-10    0.790838
5.60745e-10    0.623044
5.68587e-10    0.44924
5.7643e-10    0.307892
5.84273e-10    0.209705
5.92115e-10    0.18143
5.99958e-10    0.242502
6.078e-10    0.419277
6.15643e-10    0.724729
6.23486e-10    1.16939
6.31328e-10    1.68445
6.39171e-10    2.18489
6.47013e-10    2.53577
6.54856e-10    2.65336
6.62698e-10    2.50123
6.70541e-10    2.13374
6.78384e-10    1.65168
6.86226e-10    1.17667
6.94069e-10    0.780507
7.01911e-10    0.52595
7.09754e-10    0.420691
7.17597e-10    0.447088
7.25439e-10    0.574926
7.33282e-10    0.737733
7.41124e-10    0.899056
7.48967e-10    0.991302
7.5681e-10    1.00445
7.64652e-10    0.9023
7.72495e-10    0.765927
7.80337e-10    0.636978
7.8818e-10    0.554379
7.96022e-10    0.552545

1.96065e-11    0
2.74491e-11    0
3.52916e-11    0
4.31342e-11    0
5.09768e-11    0
5.88194e-11    0
6.6662e-11    0
7.45046e-11    0
8.23472e-11    0
9.01897e-11    0
9.80323e-11    0
1.05875e-10    0
1.13717e-10    0
1.2156e-10    0
1.29403e-10    0
1.37245e-10    0
1.45088e-10    0
1.5293e-10    0
1.60773e-10    0
1.68616e-10    0
1.76458e-10    0
1.84301e-10    0
1.92143e-10    0
1.99986e-10    0
2.07829e-10    0
2.15671e-10    0
2.23514e-10    0
2.31356e-10    0
2.39199e-10    0
2.47041e-10    0
2.54884e-10    0
2.62727e-10    0
2.70569e-10    0
2.78412e-10    0
2.86254e-10    0
2.94097e-10    0
3.0194e-10    0
3.09782e-10    0
3.17625e-10    3.49796e-05
3.25467e-10    0.00283935
3.3331e-10    0.0439005
3.41152e-10    0.275166
3.48995e-10    0.959998
3.56838e-10    2.14483
3.6468e-10    3.47292
3.72523e-10    4.40832
3.80365e-10    4.70145
3.88208e-10    4.31875
3.96051e-10    3.51759
4.03893e-10    2.58814
4.11736e-10    1.74557
4.19578e-10    1.08694
4.27421e-10    0.625015
4.35264e-10    0.338798
4.43106e-10    0.172174
4.50949e-10    0.0844088
4.58791e-10    0.0466892
4.66634e-10    0.0393813
4.74476e-10    0.0564093
4.82319e-10    0.101794
4.90162e-10    0.174947
4.98004e-10    0.28628
5.05847e-10    0.43413
5.13689e-10    0.607664
5.21532e-10    0.778197
5.29375e-10    0.902578
5.37217e-10    0.949584
5.4506e-10    0.911151
5.52902e-10    0.787083
5.60745e-10    0.621602
5.68587e-10    0.45234
5.7643e-10    0.301313
5.84273e-10    0.210837
5.92115e-10    0.184656
5.99958e-10    0.243916
6.078e-10    0.41969
6.15643e-10    0.723835
6.23486e-10    1.16614
6.31328e-10    1.69171
6.39171e-10    2.1847
6.47013e-10    2.53908
6.54856e-10    2.64879
6.62698e-10    2.50249
6.70541e-10    2.13142
6.78384e-10    1.65057
6.86226e-10    1.17205
6.94069e-10    0.779621
7.01911e-10    0.527119
7.09754e-10    0.422312
7.17597e-10    0.449118
7.25439e-10    0.572866
7.33282e-10    0.740134
7.41124e-10    0.896149
7.48967e-10    0.996132
7.5681e-10    1.00485
7.64652e-10    0.903783
7.72495e-10    0.760819
7.80337e-10    0.636862
7.8818e-10    0.560419
7.96022e-10    0.55585

1.96065e-11    0
2.74491e-11    0
3.52916e-11    0
4.31342e-11    0
5.09768e-11    0
5.88194e-11    0
6.6662e-11    0
7.45046e-11    0
8.23472e-11    0
9.01897e-11    0
9.80323e-11    0
1.05875e-10    0
1.13717e-10    0
1.2156e-10    0
1.29403e-10    0
1.37245e-10    0
1.45088e-10    0
1.5293e-10    0
1.60773e-10    0
1.68616e-10    0
1.76458e-10    0
1.84301e-10    0
1.92143e-10    0
1.99986e-10    0
2.07829e-10    0
2.15671e-10    0
2.23514e-10    0
2.31356e-10    0
2.39199e-10    0
2.47041e-10    0
2.54884e-10    0
2.62727e-10    0
2.70569e-10    0
2.78412e-10    0
2.86254e-10    0
2.94097e-10    0
3.0194e-10    0
3.09782e-10    0
3.17625e-10    0.000104939
3.25467e-10    0.00310554
3.3331e-10    0.045073
3.41152e-10    0.282256
3.48995e-10    0.963459
3.56838e-10    2.14605
3.6468e-10    3.47892
3.72523e-10    4.42311
3.80365e-10    4.68924
3.88208e-10    4.30828
3.96051e-10    3.4933
4.03893e-10    2.56829
4.11736e-10    1.74298
4.19578e-10    1.0851
4.27421e-10    0.640689
4.35264e-10    0.346816
4.43106e-10    0.177318
4.50949e-10    0.088153
4.58791e-10    0.0484555
4.66634e-10    0.0432567
4.74476e-10    0.0611525
4.82319e-10    0.104229
4.90162e-10    0.18121
4.98004e-10    0.291753
5.05847e-10    0.43811
5.13689e-10    0.608115
5.21532e-10    0.766476
5.29375e-10    0.890178
5.37217e-10    0.94032
5.4506e-10    0.901462
5.52902e-10    0.784604
5.60745e-10    0.624739
5.68587e-10    0.453543
5.7643e-10    0.310502
5.84273e-10    0.215565
5.92115e-10    0.190507
5.99958e-10    0.252234
6.078e-10    0.426411
6.15643e-10    0.73291
6.23486e-10    1.16692
6.31328e-10    1.68162
6.39171e-10    2.18172
6.47013e-10    2.53367
6.54856e-10    2.63987
6.62698e-10    2.48596
6.70541e-10    2.1248
6.78384e-10    1.64378
6.86226e-10    1.1733
6.94069e-10    0.789185
7.01911e-10    0.537887
7.09754e-10    0.429816
7.17597e-10    0.452213
7.25439e-10    0.579081
7.33282e-10    0.741429
7.41124e-10    0.896139
7.48967e-10    0.993942
7.5681e-10    1.00021
7.64652e-10    0.897101
7.72495e-10    0.761443
7.80337e-10    0.640889
7.8818e-10    0.560224
7.96022e-10    0.563698

1.96065e-11    0
2.74491e-11    0
3.52916e-11    0
4.31342e-11    0
5.09768e-11    0
5.88194e-11    0
6.6662e-11    0
7.45046e-11    0
8.23472e-11    0
9.01897e-11    0
9.80323e-11    0
1.05875e-10    0
1.13717e-10    0
1.2156e-10    0
1.29403e-10    0
1.37245e-10    0
1.45088e-10    0
1.5293e-10    0
1.60773e-10    0
1.68616e-10    0
1.76458e-10    0
1.84301e-10    0
1.92143e-10    0
1.99986e-10    0
2.07829e-10    0
2.15671e-10    0
2.23514e-10    0
2.31356e-10    0
2.39199e-10    0
2.47041e-10    0
2.54884e-10    0
2.62727e-10    0
2.70569e-10    0
2.78412e-10    0
2.86254e-10    0
2.94097e-10    0
3.0194e-10    0
3.09782e-10    0
3.17625e-10    6.99593e-05
3.25467e-10    0.00322754
3.3331e-10    0.0447984
3.41152e-10    0.28694
3.48995e-10    0.967497
3.56838e-10    2.13698
3.6468e-10    3.47773
3.72523e-10    4.43271
3.80365e-10    4.68187
3.88208e-10    4.30108
3.96051e-10    3.49316
4.03893e-10    2.57309
4.11736e-10    1.74005
4.19578e-10    1.09871
4.27421e-10    0.632947
4.35264e-10    0.345707
4.43106e-10    0.177879
4.50949e-10    0.0890763
4.58791e-10    0.0493249
4.66634e-10    0.0426666
4.74476e-10    0.0595903
4.82319e-10    0.104577
4.90162e-10    0.181854
4.98004e-10    0.292116
5.05847e-10    0.438805
5.13689e-10    0.608792
5.21532e-10    0.770556
5.29375e-10    0.890392
5.37217e-10    0.9379
5.4506e-10    0.897666
5.52902e-10    0.782604
5.60745e-10    0.622074
5.68587e-10    0.452611
5.7643e-10    0.307878
5.84273e-10    0.218165
5.92115e-10    0.190635
5.99958e-10    0.253236
6.078e-10    0.42911
6.15643e-10    0.738063
6.23486e-10    1.17942
6.31328e-10    1.68929
6.39171e-10    2.17476
6.47013e-10    2.51866
6.54856e-10    2.62758
6.62698e-10    2.48385
6.70541e-10    2.12094
6.78384e-10    1.65448
6.86226e-10    1.17733
6.94069e-10    0.794808
7.01911e-10    0.534401
7.09754e-10    0.427974
7.17597e-10    0.453099
7.25439e-10    0.579159
7.33282e-10    0.744212
7.41124e-10    0.893554
7.48967e-10    0.990408
7.5681e-10    0.99777
7.64652e-10    0.899512
7.72495e-10    0.763956
7.80337e-10    0.643873
7.8818e-10    0.561658
7.96022e-10    0.565847

1.96065e-11    0
2.74491e-11    0
3.52916e-11    0
4.31342e-11    0
5.09768e-11    0
5.88194e-11    0
6.6662e-11    0
7.45046e-11    0
8.23472e-11    0
9.01897e-11    0
9.80323e-11    0
1.05875e-10    0
1.13717e-10    0
1.2156e-10    0
1.29403e-10    0
1.37245e-10    0
1.45088e-10    0
1.5293e-10    0
1.60773e-10    0
1.68616e-10    0
1.76458e-10    0
1.84301e-10    0
1.92143e-10    0
1.99986e-10    0
2.07829e-10    0
2.15671e-10    0
2.23514e-10    0
2.31356e-10    0
2.39199e-10    0
2.47041e-10    0
2.54884e-10    0
2.62727e-10    0
2.70569e-10    0
2.78412e-10    0
2.86254e-10    0
2.94097e-10    0
3.0194e-10    0
3.09782e-10    0
3.17625e-10    4.66395e-05
3.25467e-10    0.00329409
3.3331e-10    0.0445132
3.41152e-10    0.282015
3.48995e-10    0.966824
3.56838e-10    2.13258
3.6468e-10    3.46157
3.72523e-10    4.43463
3.80365e-10    4.68395
3.88208e-10    4.30897
3.96051e-10    3.51468
4.03893e-10    2.58011
4.11736e-10    1.75114
4.19578e-10    1.09509
4.27421e-10    0.629649
4.35264e-10    0.341793
4.43106e-10    0.171577
4.50949e-10    0.0829498
4.58791e-10    0.0471734
4.66634e-10    0.0399767
4.74476e-10    0.0596879
4.82319e-10    0.101709
4.90162e-10    0.179906
4.98004e-10    0.292768
5.05847e-10    0.436684
5.13689e-10    0.608373
5.21532e-10    0.774669
5.29375e-10    0.896448
5.37217e-10    0.943874
5.4506e-10    0.898942
5.52902e-10    0.784834
5.60745e-10    0.618179
5.68587e-10    0.453493
5.7643e-10    0.309343
5.84273e-10    0.21477
5.92115e-10    0.186977
5.99958e-10    0.248602
6.078e-10    0.423704
6.15643e-10    0.729627
6.23486e-10    1.16332
6.31328e-10    1.68516
6.39171e-10    2.17984
6.47013e-10    2.53288
6.54856e-10    2.64176
6.62698e-10    2.49578
6.70541e-10    2.13106
6.78384e-10    1.66307
6.86226e-10    1.17481
6.94069e-10    0.783872
7.01911e-10    0.530844
7.09754e-10    0.425628
7.17597e-10    0.449889
7.25439e-10    0.573433
7.33282e-10    0.741809
7.41124e-10    0.896039
7.48967e-10    0.990188
7.5681e-10    0.998175
7.64652e-10    0.898889
7.72495e-10    0.761378
7.80337e-10    0.64178
7.8818e-10    0.56179
7.96022e-10    0.564892

1.96065e-11    0
2.74491e-11    0
3.52916e-11    0
4.31342e-11    0
5.09768e-11    0
5.88194e-11    0
6.6662e-11    0
7.45046e-11    0
8.23472e-11    0
9.01897e-11    0
9.80323e-11    0
1.05875e-10    0
1.13717e-10    0
1.2156e-10    0
1.29403e-10    0
1.37245e-10    0
1.45088e-10    0
1.5293e-10    0
1.60773e-10    0
1.68616e-10    0
1.76458e-10    0
1.84301e-10    0
1.92143e-10    0
1.99986e-10    0
2.07829e-10    0
2.15671e-10    0
2.23514e-10    0
2.31356e-10    0
2.39199e-10    0
2.47041e-10    0
2.54884e-10    0
2.62727e-10    0
2.70569e-10    0
2.78412e-10    0
2.86254e-10    0
2.94097e-10    0
3.0194e-10    0
3.09782e-10    0
3.17625e-10    8.16191e-05
3.25467e-10    0.00258425
3.3331e-10    0.0468371
3.41152e-10    0.278217
3.48995e-10    0.95571
3.56838e-10    2.13453
3.6468e-10    3.44647
3.72523e-10    4.43051
3.80365e-10    4.70353
3.88208e-10    4.32501
3.96051e-10    3.52998
4.03893e-10    2.57977
4.11736e-10    1.74516
4.19578e-10    1.08937
4.27421e-10    0.628841
4.35264e-10    0.336036
4.43106e-10    0.170744
4.50949e-10    0.0839813
4.58791e-10    0.0463591
4.66634e-10    0.0385945
4.74476e-10    0.0578328
4.82319e-10    0.10247
4.90162e-10    0.179122
4.98004e-10    0.28921
5.05847e-10    0.442324
5.13689e-10    0.609501
5.21532e-10    0.772739
5.29375e-10    0.894469
5.37217e-10    0.943079
5.4506e-10    0.901512
5.52902e-10    0.785508
5.60745e-10    0.620602
5.68587e-10    0.453493
5.7643e-10    0.308515
5.84273e-10    0.212389
5.92115e-10    0.184646
5.99958e-10    0.245257
6.078e-10    0.420144
6.15643e-10    0.729239
6.23486e-10    1.16567
6.31328e-10    1.68086
6.39171e-10    2.18736
6.47013e-10    2.529
6.54856e-10    2.65361
6.62698e-10    2.50696
6.70541e-10    2.13459
6.78384e-10    1.65188
6.86226e-10    1.17686
6.94069e-10    0.780125
7.01911e-10    0.52494
7.09754e-10    0.419662
7.17597e-10    0.448574
7.25439e-10    0.571856
7.33282e-10    0.741463
7.41124e-10    0.89967
7.48967e-10    0.996468
7.5681e-10    1.00087
7.64652e-10    0.901479
7.72495e-10    0.765732
7.80337e-10    0.640764
7.8818e-10    0.560445
7.96022e-10    0.561661

1.96065e-11    0
2.74491e-11    0
3.52916e-11    0
4.31342e-11    0
5.09768e-11    0
5.88194e-11    0
6.6662e-11    0
7.45046e-11    0
8.23472e-11    0
9.01897e-11    0
9.80323e-11    0
1.05875e-10    0
1.13717e-10    0
1.2156e-10    0
1.29403e-10    0
1.37245e-10    0
1.45088e-10    0
1.5293e-10    0
1.60773e-10    0
1.68616e-10    0
1.76458e-10    0
1.84301e-10    0
1.92143e-10    0
1.99986e-10    0
2.07829e-10    0
2.15671e-10    0
2.23514e-10    0
2.31356e-10    0
2.39199e-10    0
2.47041e-10    0
2.54884e-10    0
2.62727e-10    0
2.70569e-10    0
2.78412e-10    0
2.86254e-10    0
2.94097e-10    0
3.0194e-10    0
3.09782e-10    0
3.17625e-10    8.16191e-05
3.25467e-10    0.00309445
3.3331e-10    0.045823
3.41152e-10    0.277502
3.48995e-10    0.961498
3.56838e-10    2.13481
3.6468e-10    3.46122
3.72523e-10    4.42879
3.80365e-10    4.69197
3.88208e-10    4.32484
3.96051e-10    3.51415
4.03893e-10    2.58586
4.11736e-10    1.74531
4.19578e-10    1.07794
4.27421e-10    0.624971
4.35264e-10    0.341261
4.43106e-10    0.174956
4.50949e-10    0.0879251
4.58791e-10    0.04845
4.66634e-10    0.0432992
4.74476e-10    0.0607362
4.82319e-10    0.104691
4.90162e-10    0.178762
4.98004e-10    0.290705
5.05847e-10    0.439815
5.13689e-10    0.610375
5.21532e-10    0.769097
5.29375e-10    0.893465
5.37217e-10    0.946765
5.4506e-10    0.894777
5.52902e-10    0.781757
5.60745e-10    0.62226
5.68587e-10    0.449493
5.7643e-10    0.307944
5.84273e-10    0.217094
5.92115e-10    0.188127
5.99958e-10    0.251082
6.078e-10    0.423178
6.15643e-10    0.731614
6.23486e-10    1.17735
6.31328e-10    1.68337
6.39171e-10    2.1791
6.47013e-10    2.52157
6.54856e-10    2.64675
6.62698e-10    2.49345
6.70541e-10    2.12755
6.78384e-10    1.65143
6.86226e-10    1.17318
6.94069e-10    0.786308
7.01911e-10    0.532461
7.09754e-10    0.425206
7.17597e-10    0.45223
7.25439e-10    0.57292
7.33282e-10    0.740295
7.41124e-10    0.900128
7.48967e-10    0.995831
7.5681e-10    1.0022
7.64652e-10    0.900047
7.72495e-10    0.768715
7.80337e-10    0.638697
7.8818e-10    0.559928
7.96022e-10    0.563687

1.96065e-11    0
2.74491e-11    0
3.52916e-11    0
4.31342e-11    0
5.09768e-11    0
5.88194e-11    0
6.6662e-11    0
7.45046e-11    0
8.23472e-11    0
9.01897e-11    0
9.80323e-11    0
1.05875e-10    0
1.13717e-10    0
1.2156e-10    0
1.29403e-10    0
1.37245e-10    0
1.45088e-10    0
1.5293e-10    0
1.60773e-10    0
1.68616e-10    0
1.76458e-10    0
1.84301e-10    0
1.92143e-10    0
1.99986e-10    0
2.07829e-10    0
2.15671e-10    0
2.23514e-10    0
2.31356e-10    0
2.39199e-10    0
2.47041e-10    0
2.54884e-10    0
2.62727e-10    0
2.70569e-10    0
2.78412e-10    0
2.86254e-10    0
2.94097e-10    0
3.0194e-10    0
3.09782e-10    1.22734e-05
3.17625e-10    0.000116599
3.25467e-10    0.00358246
3.3331e-10    0.0464885
3.41152e-10    0.282508
3.48995e-10    0.967171
3.56838e-10    2.14281
3.6468e-10    3.47021
3.72523e-10    4.42281
3.80365e-10    4.68614
3.88208e-10    4.29641
3.96051e-10    3.50575
4.03893e-10    2.58378
4.11736e-10    1.75244
4.19578e-10    1.09214
4.27421e-10    0.633437
4.35264e-10    0.34104
4.43106e-10    0.175027
4.50949e-10    0.0844828
4.58791e-10    0.0474321
4.66634e-10    0.0402691
4.74476e-10    0.0581874
4.82319e-10    0.101883
4.90162e-10    0.175313
4.98004e-10    0.286993
5.05847e-10    0.432466
5.13689e-10    0.608307
5.21532e-10    0.7772
5.29375e-10    0.898172
5.37217e-10    0.949644
5.4506e-10    0.901919
5.52902e-10    0.78958
5.60745e-10    0.625866
5.68587e-10    0.451959
5.7643e-10    0.307159
5.84273e-10    0.211604
5.92115e-10    0.186472
5.99958e-10    0.248522
6.078e-10    0.42366
6.15643e-10    0.732232
6.23486e-10    1.16962
6.31328e-10    1.69008
6.39171e-10    2.17505
6.47013e-10    2.5241
6.54856e-10    2.64881
6.62698e-10    2.48782
6.70541e-10    2.13076
6.78384e-10    1.65363
6.86226e-10    1.17399
6.94069e-10    0.784704
7.01911e-10    0.531667
7.09754e-10    0.425683
7.17597e-10    0.449656
7.25439e-10    0.577605
7.33282e-10    0.741984
7.41124e-10    0.895262
7.48967e-10    0.995034
7.5681e-10    0.997164
7.64652e-10    0.899954
7.72495e-10    0.762078
7.80337e-10    0.640347
7.8818e-10    0.557029
7.96022e-10    0.559161

1.96065e-11    0
2.74491e-11    0
3.52916e-11    0
4.31342e-11    0
5.09768e-11    0
5.88194e-11    0
6.6662e-11    0
7.45046e-11    0
8.23472e-11    0
9.01897e-11    0
9.80323e-11    0
1.05875e-10    0
1.13717e-10    0
1.2156e-10    0
1.29403e-10    0
1.37245e-10    0
1.45088e-10    0
1.5293e-10    0
1.60773e-10    0
1.68616e-10    0
1.76458e-10    0
1.84301e-10    0
1.92143e-10    0
1.99986e-10    0
2.07829e-10    0
2.15671e-10    0
2.23514e-10    0
2.31356e-10    0
2.39199e-10    0
2.47041e-10    0
2.54884e-10    0
2.62727e-10    0
2.70569e-10    0
2.78412e-10    0
2.86254e-10    0
2.94097e-10    0
3.0194e-10    0
3.09782e-10    0
3.17625e-10    5.82994e-05
3.25467e-10    0.00307227
3.3331e-10    0.0448935
3.41152e-10    0.279164
3.48995e-10    0.974285
3.56838e-10    2.14437
3.6468e-10    3.45868
3.72523e-10    4.40424
3.80365e-10    4.67935
3.88208e-10    4.3191
3.96051e-10    3.51862
4.03893e-10    2.59859
4.11736e-10    1.74529
4.19578e-10    1.09271
4.27421e-10    0.62567
4.35264e-10    0.338615
4.43106e-10    0.172824
4.50949e-10    0.086278
4.58791e-10    0.0466782
4.66634e-10    0.0405721
4.74476e-10    0.0590867
4.82319e-10    0.105581
4.90162e-10    0.180195
4.98004e-10    0.290448
5.05847e-10    0.442843
5.13689e-10    0.609024
5.21532e-10    0.766497
5.29375e-10    0.892856
5.37217e-10    0.939018
5.4506e-10    0.901892
5.52902e-10    0.784574
5.60745e-10    0.620456
5.68587e-10    0.454703
5.7643e-10    0.310263
5.84273e-10    0.216164
5.92115e-10    0.18757
5.99958e-10    0.249045
6.078e-10    0.422569
6.15643e-10    0.729736
6.23486e-10    1.17066
6.31328e-10    1.67975
6.39171e-10    2.17495
6.47013e-10    2.53539
6.54856e-10    2.6489
6.62698e-10    2.49051
6.70541e-10    2.13279
6.78384e-10    1.647
6.86226e-10    1.1809
6.94069e-10    0.78439
7.01911e-10    0.530373
7.09754e-10    0.424483
7.17597e-10    0.451757
7.25439e-10    0.575734
7.33282e-10    0.740061
7.41124e-10    0.894861
7.48967e-10    0.991832
7.5681e-10    0.999767
7.64652e-10    0.906157
7.72495e-10    0.765066
7.80337e-10    0.642795
7.8818e-10    0.56281
7.96022e-10    0.562576

1.96065e-11    0
2.74491e-11    0
3.52916e-11    0
4.31342e-11    0
5.09768e-11    0
5.88194e-11    0
6.6662e-11    0
7.45046e-11    0
8.23472e-11    0
9.01897e-11    0
9.80323e-11    0
1.05875e-10    0
1.13717e-10    0
1.2156e-10    0
1.29403e-10    0
1.37245e-10    0
1.45088e-10    0
1.5293e-10    0
1.60773e-10    0
1.68616e-10    0
1.76458e-10    0
1.84301e-10    0
1.92143e-10    0
1.99986e-10    0
2.07829e-10    0
2.15671e-10    0
2.23514e-10    0
2.31356e-10    0
2.39199e-10    0
2.47041e-10    0
2.54884e-10    0
2.62727e-10    0
2.70569e-10    0
2.78412e-10    0
2.86254e-10    0
2.94097e-10    0
3.0194e-10    0
3.09782e-10    0
3.17625e-10    0
3.25467e-10    0.00305008
3.3331e-10    0.0441646
3.41152e-10    0.285066
3.48995e-10    0.967247
3.56838e-10    2.13936
3.6468e-10    3.46974
3.72523e-10    4.41365
3.80365e-10    4.67646
3.88208e-10    4.3184
3.96051e-10    3.50431
4.03893e-10    2.58718
4.11736e-10    1.74945
4.19578e-10    1.09123
4.27421e-10    0.628918
4.35264e-10    0.342963
4.43106e-10    0.173013
4.50949e-10    0.0861983
4.58791e-10    0.0496716
4.66634e-10    0.0441923
4.74476e-10    0.0601504
4.82319e-10    0.106168
4.90162e-10    0.179175
4.98004e-10    0.292223
5.05847e-10    0.440492
5.13689e-10    0.606772
5.21532e-10    0.770148
5.29375e-10    0.889989
5.37217e-10    0.938831
5.4506e-10    0.897965
5.52902e-10    0.782796
5.60745e-10    0.623853
5.68587e-10    0.454956
5.7643e-10    0.308173
5.84273e-10    0.214272
5.92115e-10    0.191615
5.99958e-10    0.252403
6.078e-10    0.424021
6.15643e-10    0.733486
6.23486e-10    1.17148
6.31328e-10    1.68063
6.39171e-10    2.18247
6.47013e-10    2.52536
6.54856e-10    2.63809
6.62698e-10    2.49106
6.70541e-10    2.13326
6.78384e-10    1.65276
6.86226e-10    1.17056
6.94069e-10    0.787434
7.01911e-10    0.531258
7.09754e-10    0.427879
7.17597e-10    0.453206
7.25439e-10    0.576352
7.33282e-10    0.74442
7.41124e-10    0.897325
7.48967e-10    0.99064
7.5681e-10    0.997598
7.64652e-10    0.897916
7.72495e-10    0.764838
7.80337e-10    0.641356
7.8818e-10    0.564881
7.96022e-10    0.565721

