              1        7.52427     3.1717e+08              0
              2        7.57663    3.18274e+08    1.10354e+06
              3        7.60129    3.18988e+08         957150
              4        7.53774    3.18675e+08         745499
              5        7.60504    3.19055e+08         691187
              6        7.55076    3.18927e+08         578707
              7        7.60359    3.19154e+08         539054
              8        7.60631    3.19338e+08         501904
              9        7.61048    3.19501e+08         471663
             10        7.53993    3.19334e+08         453755
             11        7.57879    3.19346e+08         410618
             12         7.5815    3.19366e+08         375358
             13        7.61893    3.19504e+08         371843
             14        7.61926    3.19623e+08         364353
             15        7.59377    3.19655e+08         340680
             16        7.56619     3.1961e+08         321819
             17        7.58137    3.19608e+08         302302
             18        7.61747    3.19691e+08         296803
             19        7.59826    3.19722e+08         282506
             20        7.60489    3.19765e+08         271328
