3.92129e-12    0    0
1.17639e-11    0    0
1.96065e-11    0    0
2.74491e-11    0    0
3.52916e-11    0    0
4.31342e-11    0    0
5.09768e-11    0    0
5.88194e-11    0    0
6.6662e-11    0    0
7.45046e-11    0    0
8.23472e-11    0    0
9.01897e-11    0    0
9.80323e-11    0    0
1.05875e-10    0    0
1.13717e-10    0    0
1.2156e-10    0    0
1.29403e-10    0    0
1.37245e-10    0    0
1.45088e-10    0    0
1.5293e-10    0    0
1.60773e-10    0    0
1.68616e-10    0    0
1.76458e-10    0    0
1.84301e-10    0    0
1.92143e-10    0    0
1.99986e-10    0    0
2.07829e-10    0    0
2.15671e-10    0    0
2.23514e-10    0    0
2.31356e-10    0    0
2.39199e-10    0    0
2.47041e-10    0    0
2.54884e-10    0    0
2.62727e-10    0    0
2.70569e-10    0    0
2.78412e-10    0    0
2.86254e-10    0    0
2.94097e-10    6.13671e-07    6.13671e-07
3.0194e-10    6.47123e-05    9.01088e-06
3.09782e-10    0.00317985    8.65732e-05
3.17625e-10    0.0448269    0.000277387
3.25467e-10    0.279325    0.000893618
3.3331e-10    0.960461    0.00202127
3.41152e-10    2.13674    0.00173708
3.48995e-10    3.46684    0.0020475
3.56838e-10    4.42124    0.00222504
3.6468e-10    4.69469    0.00316444
3.72523e-10    4.31755    0.00280302
3.80365e-10    3.51477    0.00276776
3.88208e-10    2.58796    0.00218084
3.96051e-10    1.74656    0.00106346
4.03893e-10    1.08697    0.00120736
4.11736e-10    0.628595    0.00109409
4.19578e-10    0.339426    0.000873744
4.27421e-10    0.172342    0.000742301
4.35264e-10    0.0845971    0.000562141
4.43106e-10    0.046829    0.000384078
4.50949e-10    0.0401638    0.000478552
4.58791e-10    0.0576337    0.000452644
4.66634e-10    0.102093    0.000551548
4.74476e-10    0.177049    0.000632149
4.82319e-10    0.289612    0.000456603
4.90162e-10    0.438267    0.000610467
4.98004e-10    0.609596    0.000496208
5.05847e-10    0.773068    0.000880264
5.13689e-10    0.896615    0.000957879
5.21532e-10    0.944852    0.000926395
5.29375e-10    0.904376    0.00126575
5.37217e-10    0.786898    0.000981942
5.4506e-10    0.622837    0.000452133
5.52902e-10    0.451814    0.000405752
5.60745e-10    0.306946    0.000552571
5.68587e-10    0.212571    0.000713848
5.7643e-10    0.185158    0.000908474
5.84273e-10    0.245992    0.00106896
5.92115e-10    0.42034    0.00109484
5.99958e-10    0.728374    0.00107027
6.078e-10    1.16769    0.00117615
6.15643e-10    1.68489    0.000789072
6.23486e-10    2.18206    0.00118712
6.31328e-10    2.53587    0.00215315
6.39171e-10    2.65048    0.00228393
6.47013e-10    2.49929    0.0021926
6.54856e-10    2.13235    0.00123073
6.62698e-10    1.6523    0.000997482
6.70541e-10    1.17245    0.000907787
6.78384e-10    0.782635    0.00113204
6.86226e-10    0.527718    0.00112244
6.94069e-10    0.421791    0.00124939
7.01911e-10    0.448547    0.000890912
7.09754e-10    0.573731    0.000718975
7.17597e-10    0.741092    0.000492624
7.25439e-10    0.898916    0.000744779
7.33282e-10    0.994825    0.000781111
7.41124e-10    1.00185    0.000798822
7.48967e-10    0.901214    0.000714501
7.5681e-10    0.764607    0.000645907
7.64652e-10    0.639142    0.00051638
7.72495e-10    0.558469    0.000894648
7.80337e-10    0.558998    0.0010869
