0 0.310306 0.00216191
1 0.910932 0.927057
2 2.10829 0.693832
3 0.287426 1.11007
4 0.821113 0.868777
5 0.118256 1.48923
6 2.42788 1.21754
7 1.26182 1.00649
8 0.950379 1.17543
9 -0.106473 1.07496
10 1.68556 1.09541
11 1.35223 1.21314
12 0.889494 0.902724
13 -0.405584 0.962414
14 -0.672082 0.9245
15 1.37851 0.800724
16 -0.935543 0.937559
17 1.77216 1.2873
18 -0.721247 0.883926
19 0.806027 1.06613
20 0.223745 1.07012
21 3.13494 0.907366
22 0.646036 1.04307
23 0.942114 0.956644
24 -0.387287 0.622703
25 0.236194 0.862623
26 1.4413 1.09314
27 0.517588 0.813105
28 0.506239 1.07535
29 0.934214 0.867446
30 -1.0963 0.91218
31 -0.0761413 0.801922
32 1.2912 1.10637
33 1.028 0.988427
34 -1.03027 0.808333
35 0.0975777 1.28015
36 0.922391 1.02632
37 -1.16055 0.893842
38 2.08906 0.741716
39 -0.277905 0.925023
40 0.216388 0.594388
41 1.10529 0.952339
42 1.80367 0.808978
43 -0.148523 0.829774
44 2.01037 1.08677
45 -0.297136 1.027
46 2.2458 0.797775
47 -1.17655 0.833261
48 0.766723 0.914531
49 -0.801756 0.744909
50 -0.554011 0.803822
51 -0.513647 1.01075
52 -1.4439 0.91112
53 1.12643 0.981709
54 -0.550932 1.02857
55 -1.08835 0.912452
56 -0.0256539 0.614837
57 0.779024 0.948058
58 0.214363 0.995681
59 0.251902 0.909552
60 1.67301 1.10729
61 2.58749 1.01898
62 1.46254 0.895291
63 -0.661196 0.700302
64 0.544493 0.804209
65 2.07114 0.955853
66 -0.216434 0.886793
67 0.668293 0.818511
68 1.17663 0.931994
69 0.887005 1.04918
70 -0.188326 0.927233
71 -0.689301 0.918006
72 0.223688 0.94221
73 -0.496701 0.758238
74 0.00644542 0.779552
75 -0.380521 0.77985
76 0.0988121 0.522
77 0.174305 0.965315
78 -0.373666 0.95736
79 -0.702283 0.993063
80 0.383254 0.657548
81 0.266539 0.846465
82 1.71671 1.00843
83 0.306183 0.754414
84 -0.491933 0.701614
85 -0.570687 1.15863
86 1.57226 1.05855
87 -0.400831 0.749396
88 -0.48417 0.998876
89 -0.0960082 0.777382
90 -0.332149 0.853748
91 -1.81676 0.91689
92 0.594581 0.867917
93 1.06533 0.918744
94 0.470446 0.888254
95 -0.807553 0.827479
96 -0.0594071 0.70833
97 2.21152 1.03362
98 1.03469 0.669425
99 0.258741 0.855794
100 0.536274 0.981837
101 0.562131 1.34368
102 -0.143042 1.09037
103 1.22205 0.745051
104 0.404541 0.868369
105 0.757839 1.0691
106 0.516483 1.02581
107 0.679437 0.918207
108 0.318631 0.828943
109 0.711837 1.04798
110 -0.505774 0.87951
111 -1.39329 0.905183
112 -0.71761 0.949764
113 1.30085 0.91002
114 0.36678 0.823284
115 0.626508 1.05726
116 0.410668 1.25135
117 1.4336 0.816366
118 0.463085 0.991151
119 1.8836 0.924587
120 0.261024 0.734291
121 0.376799 0.753251
122 0.0142526 0.865278
123 -0.0865225 0.768184
124 1.4118 0.805173
125 -0.129563 0.733
126 3.17605 0.978955
127 -1.48555 0.898083
128 -0.844064 0.597016
129 0.927415 0.827988
130 0.516946 0.885697
131 -1.72014 1.14086
132 1.84015 0.939065
133 0.491102 1.04157
134 1.50933 1.03252
135 -0.0453783 1.04545
136 1.4392 0.920515
137 0.682996 0.949999
138 -0.21312 0.916964
139 -0.804407 0.821868
140 1.44694 0.873333
141 -0.396641 0.973079
142 -0.0840887 0.97229
143 -1.73885 1.08766
144 1.05926 0.948291
145 -0.183686 0.825778
146 -0.14045 0.862709
147 1.69135 0.927051
148 0.0134193 0.86698
149 -0.201831 0.959973
150 0.717701 0.997694
151 -1.30754 1.07195
152 0.520467 0.782369
153 -0.469804 1.10995
154 -0.088776 0.751706
155 0.941307 0.832169
156 -0.722873 1.06535
157 0.176013 0.962442
158 0.285936 0.90433
159 0.195162 0.673405
160 0.490091 1.01915
161 -1.12053 0.971402
162 -0.0261493 0.727365
163 0.354768 1.15707
164 -0.66589 0.841858
165 0.0484066 0.854821
166 1.05285 0.889482
167 -0.287326 0.641142
168 0.571527 1.10802
169 -0.790258 0.939986
170 0.293068 0.91164
171 -0.513183 0.708412
172 0.185594 0.767588
173 0.664881 0.920975
174 -0.512144 0.915219
175 -0.0946666 1.02639
176 -0.831067 1.07876
177 0.633952 0.907437
178 0.0604167 0.931769
179 -0.363559 0.869633
180 1.34789 0.926656
181 1.29231 0.836496
182 0.0672493 1.11704
183 0.658364 1.05771
184 0.861353 0.896331
185 2.24738 1.01846
186 -0.238263 0.903454
187 0.424738 1.03107
188 -1.26297 0.629836
189 1.07881 0.781451
190 0.576407 0.808084
191 -1.05345 0.807862
192 -0.0296518 0.842885
193 0.899445 0.850901
194 -0.987695 1.02106
195 0.79474 0.854184
196 -1.32313 0.906206
197 0.282937 1.15161
198 1.39379 1.01038
199 0.284345 0.99944
200 -1.61079 0.696311
201 -0.211907 1.08669
202 0.47094 0.876232
203 3.2517 0.819126
204 -0.662775 0.73194
205 1.97055 0.912544
206 -1.02746 0.794811
207 -0.745863 1.05775
208 -0.667918 0.931564
209 2.55678 0.836006
210 -0.693745 0.976958
211 0.258684 1.18859
212 -1.14261 1.05237
213 -1.58438 0.651037
214 1.17235 0.945526
215 0.644509 0.791733
216 2.10767 1.04587
217 2.57686 0.931873
218 0.282633 1.23192
219 0.465879 0.891563
220 0.19368 1.0779
221 0.746592 0.887696
222 -0.457374 0.814488
223 1.13963 0.896831
224 0.365326 0.949909
225 0.709512 1.37803
226 -0.520941 1.20168
227 1.24417 0.828983
228 -0.774234 0.934788
229 -0.964842 0.9038
230 0.749908 1.14514
231 -0.182504 0.846236
232 0.0213292 0.78234
233 0.540612 0.97092
234 1.21257 1.07998
235 -0.0566496 1.02284
236 0.549402 0.933287
237 1.78423 1.02281
238 0.820171 1.16486
239 1.77925 0.869774
240 -0.0980366 0.864896
241 0.960986 0.835669
242 0.0909992 1.02149
243 0.214691 1.12349
244 0.610833 0.665836
245 -0.250153 0.695199
246 0.708287 0.801498
247 -2.01193 0.788825
248 1.78237 0.784936
249 -0.790307 0.653773
250 0.0555611 0.942288
251 0.759695 0.878701
252 0.50029 0.797521
253 1.42404 1.13707
254 -1.46871 0.799266
255 -1.12609 1.03239
256 1.64172 1.18564
257 -0.870649 0.817117
258 -0.624655 1.16205
259 1.13813 0.966312
260 0.181126 1.02249
261 -0.684392 0.966185
262 0.159993 0.969023
263 0.847468 0.920384
264 1.88222 1.02405
265 0.786882 0.98006
266 -1.82267 0.871185
267 0.474762 0.767959
268 -1.01195 1.22378
269 1.57377 0.79971
270 -0.822612 0.772527
271 2.48548 1.04533
272 0.158941 0.851573
273 -1.77567 0.927925
274 -0.435296 1.05963
275 -0.0285804 1.14739
276 2.16344 0.818075
277 0.24619 0.886988
278 -0.566465 0.965165
279 0.449087 1.08769
280 1.22525 1.12508
281 2.16229 1.09358
282 0.174682 1.03031
283 0.110011 1.0387
284 0.543823 0.745183
285 -0.0969338 0.910031
286 1.34921 1.0904
287 0.576558 0.816378
288 1.81864 0.966741
289 0.154239 0.988235
290 -0.837613 0.994133
291 1.36565 1.14331
292 0.149201 1.20866
293 0.66326 0.727588
294 -0.895744 1.03066
295 -0.38499 1.22601
296 1.35354 0.622317
297 0.818802 0.993843
298 0.768221 1.0986
299 0.313015 0.00383482
