0 0.320847 0.00404847
1 7.04499 6.11586
2 8.24932 6.04442
3 3.20302 9.657
4 5.21319 6.59747
5 -5.76685 10.8768
6 11.6416 9.03138
7 2.52603 7.96226
8 3.13985 8.3358
9 -1.60224 7.85306
10 10.556 7.53145
11 3.82784 7.54978
12 5.98818 5.34386
13 -4.85999 6.19387
14 -3.76954 6.04976
15 6.88638 6.04787
16 -8.39236 6.90831
17 10.2074 9.32015
18 -8.4776 7.62137
19 2.53791 8.46756
20 -0.586433 8.42226
21 24.1779 6.92229
22 8.70093 8.10398
23 5.3828 6.77477
24 -3.50654 4.54819
25 -1.36441 5.6859
26 6.75539 7.98537
27 -0.575468 7.00401
28 1.0333 9.08747
29 4.89567 7.24329
30 -10.7531 6.05673
31 -3.27721 5.27099
32 0.412019 8.26366
33 2.85872 6.21956
34 -11.1195 5.3273
35 1.95748 9.28472
36 8.10452 6.74842
37 -14.7401 7.53924
38 15.2409 6.14767
39 -13.0505 7.7089
40 -5.14289 5.30525
41 0.607934 5.94928
42 3.46448 6.75881
43 -0.785933 6.29076
44 8.16646 8.88709
45 -8.63131 7.93283
46 13.9991 5.34473
47 -12.0516 6.49115
48 5.62926 6.51526
49 -8.17067 6.64923
50 -6.64455 6.31542
51 -1.22004 7.76152
52 -12.6532 6.82177
53 6.39038 7.44166
54 0.0655487 7.91723
55 -11.9267 7.43728
56 -2.35714 4.26207
57 6.41613 6.35025
58 -0.732867 6.70174
59 -3.72936 7.51493
60 12.8795 8.61844
61 15.6797 7.53542
62 7.53854 7.82549
63 -9.25317 7.10474
64 -2.55372 6.64989
65 6.91307 7.20925
66 -4.42079 6.49071
67 4.73561 6.47187
68 5.39509 8.13637
69 4.16001 8.3845
70 1.20318 7.85844
71 -7.62732 6.64457
72 1.59989 6.95428
73 0.187052 6.43573
74 -4.50744 5.85048
75 -8.26892 6.94753
76 -1.32795 4.45169
77 0.412401 7.48861
78 -4.73961 7.59654
79 -5.91159 7.1949
80 -0.169393 5.79778
81 -3.88079 5.72306
82 6.92608 8.13208
83 -0.613153 6.18471
84 -6.27437 5.31588
85 0.0188351 9.91377
86 6.87197 8.29718
87 -3.55803 6.35976
88 -7.50587 7.52799
89 0.419175 7.75749
90 -3.67401 7.91595
91 -13.0715 6.8954
92 0.554199 7.43929
93 3.4239 6.98925
94 0.67017 6.42395
95 -7.85798 6.70965
96 -2.24361 5.95182
97 14.8082 9.13127
98 10.6844 5.39352
99 1.16686 7.14667
100 1.61209 6.66703
101 -1.39017 10.0356
102 -5.04868 8.2779
103 7.36541 6.18152
104 2.92932 6.62302
105 6.35931 8.68916
106 -1.12311 8.38208
107 9.91508 6.91025
108 4.90655 7.1102
109 2.48247 8.33244
110 -4.09543 7.61261
111 -11.5148 5.98787
112 -6.20251 8.25135
113 9.7239 7.88403
114 2.85248 6.8408
115 -1.46003 8.66482
116 1.14185 9.22162
117 7.34328 6.95985
118 3.37122 8.91514
119 10.6242 8.14494
120 3.77236 5.777
121 0.0612993 6.53782
122 1.38995 5.97813
123 1.73849 6.09987
124 7.5788 5.84422
125 -2.19655 6.98785
126 20.9161 7.55413
127 -13.7319 6.91681
128 -5.79644 5.76095
129 8.23611 7.45214
130 6.62293 6.67299
131 -17.091 8.08234
132 7.21001 7.43803
133 3.172 7.44081
134 7.75836 8.21812
135 -0.773456 8.56333
136 3.79886 8.13733
137 -1.32433 6.48595
138 -3.2693 7.34147
139 -6.73721 6.9381
140 6.81672 7.44641
141 -9.43212 8.46882
142 -2.3521 7.32918
143 -13.2553 8.06501
144 8.05029 7.55437
145 -0.420208 6.60898
146 -0.886702 5.55218
147 7.22442 8.60257
148 0.727322 6.80051
149 -7.12883 8.31248
150 2.25312 7.81535
151 -14.4901 8.87162
152 -2.59676 6.7135
153 -4.01396 9.01536
154 0.798172 4.93608
155 2.33698 6.68439
156 -7.15836 8.81782
157 -0.512754 7.56911
158 0.719776 7.30581
159 3.24838 5.45492
160 -0.918143 7.8704
161 -11.8049 8.30851
162 -4.10044 6.92498
163 -2.0523 8.49655
164 -10.1195 7.55871
165 -7.07906 7.76662
166 5.92344 6.77907
167 -1.07965 5.50989
168 0.453245 8.65156
169 -7.98015 7.3438
170 3.59667 7.70469
171 -6.63116 5.26818
172 -3.63635 6.07547
173 7.86088 6.83317
174 -6.07701 7.86846
175 0.299825 8.35183
176 -8.09867 7.79722
177 -0.0453935 6.49263
178 -0.29196 6.72328
179 -9.00837 8.4849
180 9.06941 7.09488
181 6.21425 7.4697
182 0.954969 9.36012
183 7.06202 8.81691
184 1.65551 7.72135
185 15.2503 7.67258
186 -1.35091 7.34046
187 -4.04745 8.43808
188 -9.35634 6.58427
189 4.03702 5.96988
190 1.45322 6.66436
191 -12.0392 5.87222
192 0.7448 7.27448
193 5.21003 6.34282
194 -9.36827 8.56508
195 5.37232 6.68283
196 -13.0654 6.394
197 -2.50823 8.74246
198 12.547 8.18135
199 0.433243 7.54522
200 -10.7447 7.22385
201 -6.97167 8.854
202 0.510226 8.86906
203 20.1558 7.03734
204 -8.10915 6.00891
205 8.37089 6.37564
206 -9.67715 6.01933
207 -6.67695 7.6901
208 -10.2982 7.37035
209 16.295 5.70757
210 -9.87728 7.43703
211 -1.07621 9.08929
212 -0.460602 8.50725
213 -10.288 5.61109
214 8.39007 7.38165
215 1.15831 5.87811
216 11.3296 8.70545
217 14.2718 7.54182
218 1.93969 10.715
219 0.653489 5.96288
220 -5.04316 8.76851
221 3.82474 7.25909
222 -5.26566 6.26934
223 5.12904 7.37285
224 -1.06343 7.48333
225 -0.964879 10.5841
226 -2.32397 9.20189
227 5.51348 7.59123
228 -2.22081 6.79835
229 -10.7964 7.15568
230 2.39154 8.66218
231 -6.0319 5.61606
232 5.22083 6.35321
233 -0.83345 8.29159
234 4.57618 7.65113
235 -1.719 8.9585
236 1.217 7.55123
237 14.2784 7.89985
238 1.31734 9.46795
239 8.77758 8.01219
240 -0.0133857 5.50832
241 3.60039 5.97039
242 0.897062 8.47622
243 0.470864 7.42465
244 -0.312147 4.97596
245 -2.87726 6.27161
246 1.48647 5.8244
247 -15.2238 6.4865
248 6.72947 6.37715
249 -8.81062 5.80865
250 -0.730015 6.44096
251 7.49487 7.38572
252 -0.339693 6.46538
253 6.66446 8.66802
254 -15.9509 6.73463
255 -8.91539 7.40751
256 13.7961 9.6526
257 -3.42206 5.48992
258 -6.52359 8.9396
259 4.18434 7.28539
260 -2.64317 8.01135
261 -3.74937 7.12289
262 -1.47014 8.54646
263 3.13102 7.98791
264 11.5493 8.3099
265 3.50701 7.9668
266 -14.3801 6.54676
267 1.51376 6.11675
268 -15.0229 10.0893
269 15.1767 6.91394
270 -7.16157 7.414
271 21.7439 7.51749
272 0.655441 5.51669
273 -12.8849 8.77705
274 -7.38163 7.61369
275 0.171994 9.32297
276 9.21532 7.19543
277 2.00095 7.13962
278 -6.17259 8.06893
279 1.14422 6.89584
280 5.40026 8.15969
281 17.6601 8.92807
282 -1.24063 6.95806
283 -0.412833 6.89166
284 5.71497 5.66788
285 -5.63877 7.37558
286 10.7422 7.39713
287 3.10157 8.15749
288 11.0168 6.74594
289 2.94681 8.25789
290 -11.8549 9.14601
291 9.30225 7.69053
292 -3.88725 7.8752
293 8.80736 5.91794
294 -15.1405 7.77255
295 -1.43859 7.27733
296 8.17768 7.03334
297 0.527657 7.62524
298 9.17034 8.93219
299 0.319535 0.00348565
