0 0.314165 0.00462079
1 0.209436 0.42788
2 1.0836 0.413634
3 0.329222 0.435537
4 1.12001 0.405307
5 -0.00836283 0.531437
6 1.41099 0.525056
7 1.06561 0.486379
8 0.819809 0.422609
9 -0.110534 0.383066
10 0.385673 0.503254
11 0.253433 0.514197
12 0.973902 0.463028
13 -0.0748934 0.443076
14 0.0359233 0.453576
15 0.82145 0.316257
16 -0.217473 0.384552
17 0.721408 0.561971
18 -0.470728 0.443861
19 0.568216 0.52655
20 0.376703 0.422804
21 1.43275 0.412254
22 0.850675 0.443553
23 1.0283 0.426508
24 0.468607 0.3917
25 0.421801 0.412017
26 1.0002 0.498103
27 0.380086 0.384875
28 0.313867 0.538654
29 0.900292 0.406683
30 -0.0177442 0.40278
31 0.420976 0.341261
32 0.770257 0.456462
33 0.448339 0.386124
34 -0.162954 0.258969
35 -0.359121 0.453498
36 0.532861 0.285299
37 -0.429343 0.447103
38 0.730636 0.344188
39 0.0925901 0.339707
40 0.0672438 0.31603
41 0.591081 0.388667
42 0.480114 0.360745
43 0.368528 0.379355
44 0.937773 0.472668
45 -0.0755518 0.395692
46 1.04037 0.353681
47 -0.493749 0.320038
48 -0.0430146 0.39424
49 0.143578 0.34986
50 0.172985 0.316995
51 0.00543107 0.362733
52 -0.443978 0.3375
53 0.648051 0.392937
54 -0.149469 0.400657
55 -0.0300269 0.471993
56 -0.170622 0.292259
57 0.5743 0.354036
58 0.0777764 0.384591
59 0.290477 0.346048
60 0.608455 0.443396
61 0.94923 0.376519
62 0.990226 0.424012
63 -0.194281 0.377731
64 0.46199 0.320062
65 0.685099 0.364923
66 0.126604 0.438622
67 0.563028 0.412041
68 0.47425 0.372331
69 0.709866 0.423007
70 0.212883 0.379077
71 0.255899 0.308578
72 0.303397 0.351498
73 0.0561425 0.376431
74 -0.0760293 0.294874
75 0.294801 0.326907
76 0.316763 0.289454
77 0.445384 0.381502
78 -0.359704 0.391861
79 -0.0129041 0.269702
80 0.0222386 0.407202
81 0.138029 0.304348
82 0.63265 0.453873
83 0.164442 0.350693
84 0.0680068 0.313418
85 0.365023 0.438011
86 0.71047 0.354945
87 0.0788881 0.350806
88 -0.0650427 0.461262
89 0.601615 0.290311
90 0.257888 0.39873
91 -0.168817 0.343433
92 0.180114 0.376705
93 -0.0512003 0.341152
94 0.404202 0.298311
95 -0.202823 0.376079
96 0.398819 0.321737
97 0.553872 0.390708
98 0.492535 0.296162
99 0.340058 0.385983
100 0.406437 0.372876
101 0.435456 0.50748
102 0.0734443 0.407558
103 0.578017 0.416399
104 0.109641 0.357069
105 0.521401 0.437659
106 -0.106076 0.410489
107 0.492899 0.342572
108 0.391827 0.269907
109 0.722188 0.42058
110 -0.259402 0.342913
111 -0.303793 0.312466
112 -0.123288 0.345115
113 0.958073 0.285451
114 0.384615 0.39362
115 0.162798 0.445711
116 0.631545 0.383321
117 0.560279 0.359231
118 0.67399 0.333305
119 0.796647 0.400182
120 0.33926 0.382938
121 0.380307 0.353925
122 0.405105 0.404779
123 0.278399 0.314449
124 0.492492 0.29854
125 -0.00317767 0.264469
126 1.0666 0.395805
127 -0.559257 0.372596
128 -0.315824 0.324224
129 0.581415 0.306526
130 0.447867 0.364719
131 -0.119752 0.419592
132 0.635824 0.373591
133 0.257774 0.319318
134 0.367677 0.40722
135 0.123403 0.441332
136 0.613099 0.357807
137 0.368953 0.334059
138 -0.0267606 0.319657
139 -0.175271 0.401119
140 0.942232 0.334389
141 -0.0800297 0.334974
142 0.315104 0.450863
143 -0.199343 0.404157
144 0.605582 0.355046
145 0.373077 0.328524
146 0.181518 0.279769
147 0.66361 0.381344
148 0.262369 0.406763
149 -0.142378 0.396881
150 0.051524 0.308924
151 -0.176669 0.376636
152 0.189099 0.355725
153 0.492955 0.375123
154 0.191839 0.353838
155 0.561478 0.385889
156 -0.493884 0.35712
157 0.153233 0.386567
158 0.0534931 0.36437
159 0.2193 0.233204
160 -0.0785411 0.379356
161 -0.459209 0.427193
162 0.18967 0.413493
163 0.243197 0.404995
164 0.0952944 0.3654
165 -0.0520908 0.347455
166 0.742058 0.37895
167 -0.156265 0.290318
168 0.515637 0.375986
169 -0.0257848 0.399106
170 0.279208 0.391346
171 -0.170047 0.261704
172 0.453695 0.357893
173 0.277904 0.315684
174 0.169644 0.300252
175 0.202165 0.369743
176 0.334084 0.363876
177 0.388211 0.367242
178 0.44428 0.438103
179 0.223704 0.317026
180 0.944804 0.33679
181 0.5784 0.423811
182 0.332484 0.387124
183 0.434335 0.360012
184 0.241388 0.372291
185 0.925329 0.36016
186 0.0471926 0.373483
187 0.504626 0.33107
188 -0.417892 0.345474
189 0.0772466 0.383218
190 0.494377 0.348467
191 -0.175696 0.250236
192 0.608679 0.350637
193 0.899198 0.299053
194 -0.219286 0.417667
195 0.315591 0.404572
196 -0.57865 0.415454
197 -0.145429 0.413668
198 0.799034 0.360466
199 0.250983 0.329025
200 -0.446458 0.347118
201 0.125769 0.410455
202 0.383334 0.419893
203 1.57564 0.366854
204 -0.144853 0.247973
205 0.384508 0.31024
206 0.240924 0.294388
207 0.28034 0.420496
208 0.080797 0.378246
209 1.11934 0.240039
210 -0.354779 0.336532
211 0.571566 0.429715
212 -0.0248532 0.436708
213 0.244829 0.255667
214 0.63882 0.390529
215 0.407693 0.383866
216 1.01885 0.393599
217 1.07838 0.347557
218 0.602773 0.477559
219 0.341958 0.39715
220 0.0428704 0.278804
221 0.536994 0.41146
222 -0.0319556 0.32428
223 0.415148 0.394579
224 0.286654 0.391535
225 0.0482488 0.444662
226 0.396424 0.544858
227 0.0926454 0.413725
228 0.246826 0.438653
229 -0.0308508 0.367778
230 0.112616 0.389412
231 0.178032 0.290742
232 0.138657 0.246157
233 0.525903 0.411976
234 0.530519 0.328637
235 0.47901 0.445221
236 0.0512098 0.33249
237 0.667458 0.375305
238 0.455747 0.420367
239 0.54599 0.456265
240 0.0981339 0.394181
241 0.126929 0.280849
242 -0.00882765 0.473571
243 0.381087 0.43439
244 0.611055 0.288361
245 0.096082 0.336546
246 0.80078 0.328089
247 -0.0893516 0.308267
248 0.746049 0.313388
249 -0.338797 0.413861
250 0.480548 0.341931
251 -0.034728 0.43527
252 0.41185 0.326796
253 0.816513 0.489119
254 -0.549484 0.280366
255 -0.347925 0.373638
256 1.09508 0.423746
257 -0.331918 0.318268
258 -0.213008 0.484276
259 0.405345 0.481558
260 0.625843 0.467141
261 0.0977972 0.343164
262 0.263437 0.36456
263 0.380097 0.438586
264 1.11837 0.470999
265 0.371165 0.452233
266 -0.254941 0.390411
267 0.231742 0.405483
268 -0.364264 0.512795
269 0.733286 0.420207
270 0.211874 0.347464
271 1.14538 0.505229
272 0.110219 0.342375
273 -0.130342 0.491782
274 0.0536962 0.49965
275 0.458679 0.333752
276 0.562926 0.467262
277 0.382028 0.380129
278 -0.264454 0.442667
279 0.53035 0.376926
280 0.357438 0.492097
281 0.749791 0.38585
282 0.686938 0.506363
283 0.108959 0.406641
284 0.301641 0.429476
285 -0.116224 0.399469
286 0.654404 0.49287
287 0.618988 0.381995
288 0.538254 0.388543
289 0.779741 0.434953
290 -0.316805 0.409638
291 1.03763 0.502053
292 0.128646 0.599756
293 0.246792 0.376519
294 -0.528969 0.407974
295 0.0226438 0.567433
296 1.22539 0.433928
297 0.24889 0.486128
298 0.391777 0.558734
299 0.31409 0.00306621
