0 0.31505 0.00437117
1 0.370527 0.183378
2 0.402773 0.18388
3 0.0397104 0.175719
4 0.780727 0.188211
5 0.292132 0.172985
6 0.655514 0.230956
7 0.846636 0.131025
8 0.350859 0.161291
9 0.198115 0.153058
10 0.40787 0.166144
11 0.499109 0.175529
12 0.387791 0.149738
13 0.392567 0.201597
14 0.376745 0.180601
15 0.388873 0.198931
16 0.326248 0.136249
17 0.529588 0.165875
18 0.312204 0.224155
19 0.406838 0.0938653
20 0.189095 0.173383
21 0.563863 0.194186
22 0.531156 0.168394
23 0.575326 0.147877
24 0.0173661 0.158407
25 0.488695 0.164445
26 0.365142 0.130491
27 0.391375 0.161209
28 0.468079 0.174975
29 0.221984 0.192701
30 0.351944 0.143539
31 0.676526 0.161702
32 0.367238 0.152573
33 0.394924 0.136822
34 0.214757 0.148349
35 0.187298 0.143817
36 0.310062 0.116954
37 0.0450697 0.108833
38 0.563118 0.156907
39 0.179021 0.118308
40 0.29145 0.199926
41 0.358807 0.142747
42 0.378821 0.104501
43 0.35033 0.168222
44 0.468603 0.162778
45 0.159033 0.125303
46 0.401681 0.173569
47 0.442314 0.13392
48 0.496992 0.131944
49 0.347083 0.13041
50 0.0775694 0.164518
51 0.111536 0.118707
52 -0.0891032 0.139447
53 0.578054 0.13406
54 0.36398 0.146052
55 0.181774 0.137519
56 0.353961 0.14
57 0.282161 0.137537
58 0.362612 0.149168
59 0.457596 0.116888
60 0.599171 0.139438
61 0.390376 0.172217
62 0.576186 0.0938931
63 0.109003 0.101961
64 0.364442 0.12287
65 0.425201 0.0856413
66 0.378002 0.151562
67 0.305006 0.126276
68 0.23733 0.114418
69 0.338357 0.100423
70 0.286778 0.13206
71 0.195742 0.119497
72 0.170187 0.139185
73 0.115881 0.107919
74 0.44218 0.147276
75 0.223737 0.140651
76 0.422686 0.100981
77 0.265957 0.154989
78 0.296065 0.123296
79 0.379041 0.121253
80 0.053179 0.139449
81 0.31262 0.14033
82 0.356135 0.114911
83 0.3623 0.0950748
84 0.455849 0.113962
85 0.155168 0.136514
86 0.398076 0.117744
87 0.284206 0.11151
88 0.267395 0.122462
89 0.208792 0.130371
90 0.382783 0.129662
91 0.15203 0.113055
92 0.120919 0.161023
93 0.489502 0.136109
94 0.325834 0.111497
95 0.288669 0.117388
96 0.421073 0.105466
97 0.420436 0.12351
98 0.390048 0.127434
99 0.208 0.0977932
100 0.439502 0.107886
101 0.524459 0.161763
102 0.217443 0.11716
103 0.611826 0.110764
104 0.347317 0.119713
105 0.504099 0.131996
106 0.269472 0.113466
107 0.287303 0.142591
108 0.376795 0.106209
109 0.486004 0.16291
110 0.0914968 0.114892
111 0.00631662 0.145053
112 0.381243 0.0973073
113 0.324103 0.106814
114 0.251758 0.120352
115 0.159042 0.110601
116 0.0887502 0.108047
117 0.433439 0.121147
118 0.334221 0.119173
119 0.373191 0.0746339
120 0.264509 0.105155
121 0.307828 0.154836
122 0.295724 0.0810651
123 0.21878 0.10277
124 0.357568 0.0989079
125 0.279812 0.147874
126 0.368392 0.142879
127 0.286439 0.116521
128 0.260179 0.1186
129 0.391886 0.112517
130 0.473661 0.112913
131 0.12857 0.101328
132 0.445375 0.100887
133 0.30637 0.100624
134 0.291966 0.121872
135 0.165198 0.127141
136 0.449259 0.0916784
137 0.40098 0.11695
138 0.34777 0.07861
139 0.26208 0.0790128
140 0.374767 0.114139
141 0.456511 0.0908829
142 0.445908 0.0872014
143 0.175906 0.128971
144 0.397565 0.131237
145 0.384591 0.0952268
146 0.231746 0.116036
147 0.326766 0.130328
148 0.484244 0.12372
149 0.264572 0.12628
150 0.297761 0.137937
151 0.223704 0.14859
152 0.391925 0.103335
153 0.244957 0.105197
154 0.202451 0.138186
155 0.293953 0.113401
156 0.170999 0.115579
157 0.216228 0.10522
158 0.387196 0.107079
159 0.176926 0.123524
160 -0.0459072 0.131723
161 0.1553 0.119018
162 0.1519 0.114333
163 0.20275 0.164798
164 0.258024 0.121327
165 0.23682 0.0765974
166 0.406308 0.123917
167 0.282802 0.10644
168 0.416368 0.0919636
169 0.141894 0.104541
170 0.257503 0.0889747
171 0.247899 0.105315
172 0.328411 0.121307
173 0.336463 0.123194
174 0.524606 0.120237
175 0.305014 0.097693
176 0.20113 0.13126
177 0.262982 0.118318
178 0.505945 0.110273
179 0.225454 0.0820408
180 0.44936 0.108273
181 0.320819 0.109238
182 0.491199 0.107063
183 0.504687 0.0813505
184 0.151607 0.0946402
185 0.683548 0.125043
186 0.274646 0.126687
187 0.172913 0.117456
188 0.145619 0.14189
189 0.277017 0.0933599
190 0.412449 0.126846
191 0.174281 0.119195
192 0.347125 0.124334
193 0.292897 0.118004
194 0.288139 0.140783
195 0.450703 0.128308
196 0.269772 0.127236
197 0.31499 0.150478
198 0.293674 0.130453
199 0.391249 0.115915
200 0.175942 0.0867835
201 0.185597 0.103854
202 0.24193 0.12161
203 0.552064 0.102836
204 0.328894 0.108284
205 0.332958 0.110055
206 0.476053 0.106699
207 0.181148 0.103878
208 0.279506 0.119319
209 0.575557 0.112128
210 0.160632 0.0738354
211 0.457679 0.149878
212 0.446601 0.137659
213 0.11666 0.100257
214 0.510685 0.130475
215 0.340219 0.103431
216 0.321535 0.148913
217 0.696308 0.127383
218 0.289687 0.133851
219 0.357605 0.141779
220 0.144214 0.13524
221 0.28963 0.183015
222 0.390045 0.13559
223 0.2827 0.0842836
224 0.194234 0.15174
225 0.105809 0.126832
226 0.32783 0.107788
227 0.320568 0.121955
228 0.443443 0.116646
229 0.0841607 0.132072
230 0.160557 0.143376
231 0.449787 0.118433
232 0.147644 0.119531
233 0.310836 0.135322
234 0.461682 0.100405
235 0.623096 0.140471
236 0.226693 0.142922
237 0.500651 0.117161
238 0.356888 0.145934
239 0.488435 0.138118
240 0.425147 0.12151
241 0.474887 0.0959384
242 0.337569 0.157497
243 0.189428 0.0870873
244 0.415346 0.121551
245 0.26506 0.133862
246 0.469714 0.140295
247 0.299891 0.121628
248 0.336886 0.103732
249 0.278676 0.171322
250 0.257177 0.166792
251 0.480218 0.13533
252 0.519393 0.136855
253 0.568782 0.127551
254 0.383381 0.10774
255 0.125348 0.154352
256 0.350351 0.18773
257 0.176169 0.132684
258 0.481278 0.117374
259 0.401238 0.163191
260 0.445048 0.158666
261 0.389319 0.183655
262 0.500844 0.114976
263 0.270019 0.151446
264 0.482728 0.172953
265 0.49041 0.16542
266 0.237813 0.149422
267 0.409337 0.163392
268 0.344777 0.163399
269 0.23024 0.140637
270 0.229824 0.121611
271 0.520346 0.142469
272 0.267147 0.111171
273 0.339105 0.150284
274 0.0858771 0.16443
275 0.58862 0.162665
276 0.33043 0.13562
277 0.47235 0.159968
278 0.0493622 0.172736
279 0.342343 0.142427
280 0.509447 0.210138
281 0.641335 0.159128
282 0.436003 0.133948
283 0.248182 0.185329
284 0.382803 0.177226
285 0.378983 0.190313
286 0.492813 0.165465
287 0.403866 0.123924
288 0.468526 0.196036
289 0.449485 0.166038
290 0.484231 0.176309
291 0.382627 0.19332
292 0.542663 0.241889
293 -0.0211405 0.217677
294 0.234441 0.108915
295 0.294404 0.193785
296 0.265754 0.2241
297 0.572522 0.167243
298 0.440235 0.285748
299 0.303903 0.0046857
