0 -0.777604 0.00410708
1 -0.777513 0.004197
2 -0.777319 0.00414128
3 -0.777552 0.00380341
4 -0.778202 0.00399234
5 -0.778408 0.00403809
6 -0.778523 0.00398788
7 -0.779652 0.0038153
8 -0.779661 0.00390055
9 -0.780089 0.00395546
10 -0.77935 0.00418246
11 -0.779308 0.00412038
12 -0.779683 0.00380388
13 -0.779512 0.0039434
14 -0.780063 0.00394426
15 -0.780485 0.00364412
16 -0.780558 0.003525
17 -0.780476 0.00348202
18 -0.780146 0.0035297
19 -0.779851 0.00371653
20 -0.780798 0.00360121
21 -0.780299 0.00378259
22 -0.78108 0.00363381
23 -0.781582 0.00370662
24 -0.781026 0.0037411
25 -0.780421 0.00353229
26 -0.781962 0.00313763
27 -0.781523 0.00306597
28 -0.780912 0.00313906
29 -0.780507 0.0030046
30 -0.7796 0.00326083
31 -0.779902 0.00313764
32 -0.779515 0.00332515
33 -0.778975 0.00330163
34 -0.779039 0.00307073
35 -0.779326 0.00317829
36 -0.778242 0.00314041
37 -0.778699 0.00314362
38 -0.778988 0.00303015
39 -0.778453 0.00295344
40 -0.778226 0.00322139
41 -0.778356 0.00311539
42 -0.779586 0.00297866
43 -0.780262 0.00295676
44 -0.78093 0.00298099
45 -0.779433 0.00277261
46 -0.778211 0.00273999
47 -0.780572 0.00271715
48 -0.780609 0.00282594
49 -0.780388 0.00275314
50 -0.780047 0.00271113
51 -0.780426 0.00266874
52 -0.78017 0.00277235
53 -0.780067 0.00271295
54 -0.77927 0.00291867
55 -0.780689 0.00306264
56 -0.780173 0.00295897
57 -0.77995 0.00293938
58 -0.779777 0.00291741
59 -0.780053 0.0030337
60 -0.780999 0.00306804
61 -0.781395 0.00288897
62 -0.78093 0.00297523
63 -0.779636 0.00291091
64 -0.780441 0.00296078
65 -0.781097 0.00286143
66 -0.782486 0.00280812
67 -0.782895 0.00270271
68 -0.782262 0.00274445
69 -0.782075 0.00279559
70 -0.781453 0.00282566
71 -0.780509 0.00265614
72 -0.781391 0.00271693
73 -0.781247 0.00272344
74 -0.78073 0.00267061
75 -0.780686 0.00297364
76 -0.780193 0.00303585
77 -0.779069 0.00300038
78 -0.779434 0.00307699
79 -0.779232 0.00310204
80 -0.779913 0.0029161
81 -0.779905 0.0031132
82 -0.779894 0.00343759
83 -0.78027 0.00337902
84 -0.780615 0.00354773
85 -0.780731 0.00337411
86 -0.779882 0.00322537
87 -0.779893 0.00310965
88 -0.779432 0.00309529
89 -0.778439 0.00304764
90 -0.778491 0.00285312
91 -0.779271 0.00297241
92 -0.778817 0.00287768
93 -0.778865 0.00263566
94 -0.779473 0.00258625
95 -0.779482 0.00266397
96 -0.780073 0.00267597
97 -0.780581 0.00265114
98 -0.780576 0.0027625
99 -0.780656 0.00267218
100 -0.781395 0.00266586
101 -0.781726 0.00278173
102 -0.780397 0.00251288
103 -0.780504 0.0024944
104 -0.779821 0.00261695
105 -0.780034 0.00274094
106 -0.779169 0.00276745
107 -0.778837 0.00289556
108 -0.77787 0.00284617
109 -0.778447 0.00270654
110 -0.779684 0.00263739
111 -0.778858 0.00254183
112 -0.778755 0.00254146
113 -0.778569 0.00252651
114 -0.778763 0.00285469
115 -0.779254 0.00283378
116 -0.779257 0.00255927
117 -0.779523 0.00258662
118 -0.779846 0.00272294
119 -0.779822 0.00294048
120 -0.780029 0.00289417
121 -0.780283 0.00291829
122 -0.778692 0.00288508
123 -0.779201 0.00299145
124 -0.778981 0.0030713
125 -0.779383 0.00324395
126 -0.778797 0.00335717
127 -0.777117 0.00328109
128 -0.777447 0.00334574
129 -0.778395 0.00306755
130 -0.779767 0.00282654
131 -0.779372 0.00297255
132 -0.779668 0.00309971
133 -0.779786 0.00332494
134 -0.779837 0.00306437
135 -0.779616 0.0030989
136 -0.780586 0.00307841
137 -0.781064 0.0031157
138 -0.781001 0.00310074
139 -0.781555 0.00291295
140 -0.783022 0.00284424
141 -0.783042 0.00274618
142 -0.783509 0.00283379
143 -0.784289 0.00269982
144 -0.785267 0.00275995
145 -0.785313 0.00278914
146 -0.785007 0.00293225
147 -0.785731 0.0029929
148 -0.786417 0.00268384
149 -0.786476 0.00275505
150 -0.786267 0.00278272
151 -0.785298 0.00292029
152 -0.785296 0.00278962
153 -0.785852 0.00282548
154 -0.785147 0.00271058
155 -0.783994 0.00243392
156 -0.783066 0.00246096
157 -0.783172 0.00235793
158 -0.782566 0.00222528
159 -0.781453 0.00207479
160 -0.781158 0.00201496
161 -0.779865 0.0019816
162 -0.780233 0.0020732
163 -0.781376 0.002189
164 -0.78142 0.00215875
165 -0.780895 0.00211587
166 -0.780931 0.00192777
167 -0.781379 0.00192718
168 -0.781702 0.00222667
169 -0.78136 0.00222494
170 -0.781945 0.00220608
171 -0.7816 0.002244
172 -0.781504 0.00227733
173 -0.781047 0.00245304
174 -0.780724 0.00266243
175 -0.781023 0.00273329
176 -0.781407 0.00269054
177 -0.781504 0.00259339
178 -0.782209 0.00268984
179 -0.782183 0.00279778
180 -0.782881 0.00276469
181 -0.782796 0.00285077
182 -0.782921 0.00300087
183 -0.782737 0.00313633
184 -0.782789 0.00327576
185 -0.782085 0.00319524
186 -0.782152 0.0030015
187 -0.781688 0.00293226
188 -0.781959 0.00301197
189 -0.781206 0.00289248
190 -0.781286 0.00292559
191 -0.782456 0.00294303
192 -0.782539 0.00303316
193 -0.782584 0.00314343
194 -0.782531 0.00321622
195 -0.783277 0.00333217
196 -0.784042 0.00330032
197 -0.783216 0.00346051
198 -0.783447 0.00359647
199 -0.783323 0.00356632
200 -0.784008 0.00371495
201 -0.784609 0.00381814
202 -0.784185 0.00363845
203 -0.785146 0.00355515
204 -0.78454 0.00364408
205 -0.783396 0.00347697
206 -0.783906 0.0033053
207 -0.783297 0.00360199
208 -0.782765 0.00366415
209 -0.783542 0.00361748
210 -0.783663 0.00362386
211 -0.782756 0.00368236
212 -0.782737 0.0038056
213 -0.783079 0.00377906
214 -0.783388 0.00377508
215 -0.783048 0.00349254
216 -0.783376 0.00359338
217 -0.78267 0.00335976
218 -0.783149 0.00323242
219 -0.783406 0.00311327
220 -0.782894 0.00302425
221 -0.782955 0.00287851
222 -0.783988 0.00283151
223 -0.78445 0.00275628
224 -0.783427 0.00287946
225 -0.783835 0.00319468
226 -0.783206 0.00309279
227 -0.783788 0.00323308
228 -0.784345 0.00325966
229 -0.783948 0.0030559
230 -0.784035 0.00284765
231 -0.783709 0.00293302
232 -0.783792 0.00304861
233 -0.784191 0.00296568
234 -0.78415 0.00307128
235 -0.783717 0.00307663
236 -0.784495 0.00313092
237 -0.783623 0.00307907
238 -0.78471 0.00330353
239 -0.784252 0.00350844
240 -0.783861 0.00349032
241 -0.784354 0.00348113
242 -0.783977 0.00367403
243 -0.782985 0.00357957
244 -0.783674 0.00358776
245 -0.783338 0.00357548
246 -0.78325 0.00357659
247 -0.783443 0.00347368
248 -0.783058 0.00348979
249 -0.783418 0.0035354
250 -0.784058 0.00350027
251 -0.784511 0.00313614
252 -0.784556 0.00307964
253 -0.784455 0.00307783
254 -0.784496 0.00297492
255 -0.784141 0.00275702
256 -0.783864 0.00269305
257 -0.783374 0.00256453
258 -0.783776 0.00250629
259 -0.784171 0.00253007
260 -0.784045 0.00245193
261 -0.783503 0.00263306
262 -0.782896 0.00258203
263 -0.783126 0.00282134
264 -0.78367 0.00292787
265 -0.784255 0.00267417
266 -0.784771 0.00300197
267 -0.785495 0.00315367
268 -0.784399 0.00302615
269 -0.784258 0.00299942
270 -0.785136 0.00291124
271 -0.784439 0.00291914
272 -0.78425 0.00311426
273 -0.783704 0.00300439
274 -0.783506 0.00297716
275 -0.783192 0.00315509
276 -0.783757 0.00333662
277 -0.784106 0.00339637
278 -0.785049 0.00331578
279 -0.785458 0.0034082
280 -0.785724 0.00355605
281 -0.785504 0.00334119
282 -0.785036 0.00344768
283 -0.784881 0.00329882
284 -0.784123 0.00347946
285 -0.783802 0.00360105
286 -0.784937 0.00374826
287 -0.784146 0.00376148
288 -0.781998 0.00365205
289 -0.781906 0.00340502
290 -0.782294 0.00359793
291 -0.782548 0.00374639
292 -0.782023 0.00387832
293 -0.7812 0.00365195
294 -0.780579 0.00365318
295 -0.780418 0.00363115
296 -0.781337 0.00357802
297 -0.779988 0.00317715
298 -0.780165 0.00312885
299 -0.778876 0.00316757
