              1        1.35575    5.71487e+07              0
              2        1.39557     5.7988e+07         839331
              3        1.41083    5.84823e+07         692172
              4        1.37744    5.83775e+07         500533
              5        1.38111    5.83456e+07         389023
              6        1.43713    5.87178e+07         489352
              7        1.43304    5.89591e+07         478806
              8        1.46766    5.93224e+07         551341
              9        1.39055    5.92439e+07         492538
             10        1.31997    5.88836e+07         569147
             11        1.49098    5.92441e+07         628491
             12        1.41858    5.92902e+07         575582
             13        1.39894    5.92655e+07         530032
             14        1.39434    5.92305e+07         491961
             15        1.39746     5.9209e+07         458498
             16        1.39352    5.91797e+07         429882
             17        1.41788    5.92143e+07         405282
             18        1.40938    5.92251e+07         382258
             19          1.424    5.92673e+07         364027
             20        1.37962    5.92116e+07         349796
