4.36044e-12    0    0
1.30813e-11    0    0
2.18022e-11    0    0
3.05231e-11    0    0
3.92439e-11    0    0
4.79648e-11    0    0
5.66857e-11    0    0
6.54066e-11    0    0
7.41275e-11    0    0
8.28483e-11    0    0
9.15692e-11    0    0
1.0029e-10    0    0
1.09011e-10    0    0
1.17732e-10    0    0
1.26453e-10    0    0
1.35174e-10    0    0
1.43894e-10    0    0
1.52615e-10    0    0
1.61336e-10    0    0
1.70057e-10    0    0
1.78778e-10    0    0
1.87499e-10    0    0
1.9622e-10    0    0
2.04941e-10    0    0
2.13661e-10    0    0
2.22382e-10    0    0
2.31103e-10    0    0
2.39824e-10    0    0
2.48545e-10    0    0
2.57266e-10    0    0
2.65987e-10    0    0
2.74708e-10    0    0
2.83429e-10    0    0
2.92149e-10    7.6421e-06    2.60044e-06
3.0087e-10    0.00119019    5.5765e-05
3.09591e-10    0.0227018    0.000187463
3.18312e-10    0.157084    0.000813161
3.27033e-10    0.537328    0.00157166
3.35754e-10    1.14396    0.0020799
3.44475e-10    1.77302    0.0018204
3.53196e-10    2.22655    0.00242893
3.61916e-10    2.43441    0.00157941
3.70637e-10    2.43508    0.00106813
3.79358e-10    2.29729    0.00176741
3.88079e-10    2.09947    0.00123983
3.968e-10    1.8894    0.00170244
4.05521e-10    1.68304    0.00184284
4.14242e-10    1.49405    0.00194746
4.22963e-10    1.33369    0.00201846
4.31683e-10    1.19584    0.00182472
4.40404e-10    1.08092    0.00129675
4.49125e-10    0.98498    0.00129094
4.57846e-10    0.907588    0.000905801
4.66567e-10    0.842411    0.0011778
4.75288e-10    0.787827    0.00107318
4.84009e-10    0.746983    0.00106862
4.9273e-10    0.712523    0.000784912
5.0145e-10    0.686756    0.000772303
5.10171e-10    0.667813    0.00080617
5.18892e-10    0.656618    0.000803522
5.27613e-10    0.649527    0.000566867
5.36334e-10    0.649443    0.000838272
5.45055e-10    0.653948    0.000814832
5.53776e-10    0.663286    0.000884104
5.62497e-10    0.680209    0.00112752
5.71217e-10    0.701114    0.0011291
5.79938e-10    0.727971    0.000921184
5.88659e-10    0.757491    0.00107662
5.9738e-10    0.791893    0.00099092
6.06101e-10    0.830078    0.00106116
6.14822e-10    0.869658    0.000899868
6.23543e-10    0.909949    0.00118548
6.32264e-10    0.951364    0.00088189
6.40984e-10    0.991996    0.00107024
6.49705e-10    1.03095    0.000815282
6.58426e-10    1.06786    0.000925103
6.67147e-10    1.10263    0.000744138
6.75868e-10    1.13179    0.000981275
6.84589e-10    1.15697    0.000635545
6.9331e-10    1.17357    0.000920877
7.02031e-10    1.18461    0.000772996
7.10752e-10    1.18537    0.000688946
7.19472e-10    1.17918    0.000876794
7.28193e-10    1.16632    0.00088502
7.36914e-10    1.14807    0.000924764
7.45635e-10    1.12363    0.00124981
7.54356e-10    1.09882    0.00115833
7.63077e-10    1.071    0.00109229
7.71798e-10    1.04262    0.00119655
7.80519e-10    1.01626    0.00103019
7.89239e-10    0.990853    0.00105271
7.9796e-10    0.965628    0.000989603
8.06681e-10    0.945995    0.000835676
8.15402e-10    0.927814    0.000771317
8.24123e-10    0.912568    0.000584277
8.32844e-10    0.899473    0.00068037
8.41565e-10    0.890127    0.000851386
8.50286e-10    0.877135    0.000565628
8.59006e-10    0.867769    0.000627832
8.67727e-10    0.867834    0.000693377
