              1        -5.4713   -9.06473e-21              0
              2       -5.46572   -9.06011e-21    4.62109e-24
              3       -5.46356   -9.05738e-21    3.81815e-24
              4       -5.46662   -9.05728e-21    2.70162e-24
              5       -5.46769   -9.05757e-21    2.11325e-24
              6       -5.45972   -9.05557e-21    2.64442e-24
              7       -5.45692   -9.05347e-21    3.06312e-24
              8       -5.45344   -9.05118e-21    3.50479e-24
              9       -5.46833   -9.05214e-21    3.23651e-24
             10       -5.47969   -9.05479e-21    3.92407e-24
             11       -5.44464   -9.05168e-21    4.72032e-24
             12       -5.46031   -9.05125e-21    4.33035e-24
             13       -5.46365   -9.05131e-21    3.98382e-24
             14       -5.46275   -9.05126e-21    3.68869e-24
             15       -5.46386   -9.05134e-21    3.43483e-24
             16       -5.46517   -9.05154e-21     3.2194e-24
             17       -5.45855   -9.05107e-21     3.0599e-24
             18       -5.46029   -9.05082e-21    2.89611e-24
             19       -5.46082   -9.05064e-21    2.74545e-24
             20       -5.47001   -9.05123e-21    2.67227e-24
