2.18022e-11    0
3.05231e-11    0
3.92439e-11    0
4.79648e-11    0
5.66857e-11    0
6.54066e-11    0
7.41275e-11    0
8.28483e-11    0
9.15692e-11    0
1.0029e-10    0
1.09011e-10    0
1.17732e-10    0
1.26453e-10    0
1.35174e-10    0
1.43894e-10    0
1.52615e-10    0
1.61336e-10    0
1.70057e-10    0
1.78778e-10    0
1.87499e-10    0
1.9622e-10    0
2.04941e-10    0
2.13661e-10    0
2.22382e-10    0
2.31103e-10    0
2.39824e-10    0
2.48545e-10    0
2.57266e-10    0
2.65987e-10    0
2.74708e-10    0
2.83429e-10    0
2.92149e-10    0
3.0087e-10    0
3.09591e-10    0
3.18312e-10    0.00109708
3.27033e-10    0.0221214
3.35754e-10    0.153054
3.44475e-10    0.531476
3.53196e-10    1.13656
3.61916e-10    1.76785
3.70637e-10    2.21002
3.79358e-10    2.43665
3.88079e-10    2.42601
3.968e-10    2.29234
4.05521e-10    2.09077
4.14242e-10    1.89054
4.22963e-10    1.68594
4.31683e-10    1.49999
4.40404e-10    1.3515
4.49125e-10    1.21312
4.57846e-10    1.09053
4.66567e-10    0.993698
4.75288e-10    0.912597
4.84009e-10    0.839762
4.9273e-10    0.793201
5.0145e-10    0.747243
5.10171e-10    0.712218
5.18892e-10    0.693091
5.27613e-10    0.668751
5.36334e-10    0.663587
5.45055e-10    0.649874
5.53776e-10    0.648406
5.62497e-10    0.65444
5.71217e-10    0.659813
5.79938e-10    0.672786
5.88659e-10    0.692795
5.9738e-10    0.720986
6.06101e-10    0.753053
6.14822e-10    0.784423
6.23543e-10    0.830818
6.32264e-10    0.864737
6.40984e-10    0.912421
6.49705e-10    0.949428
6.58426e-10    0.994425
6.67147e-10    1.0308
6.75868e-10    1.06622
6.84589e-10    1.09846
6.9331e-10    1.12673
7.02031e-10    1.15417
7.10752e-10    1.16777
7.19472e-10    1.18846
7.28193e-10    1.19175
7.36914e-10    1.18446
7.45635e-10    1.16533
7.54356e-10    1.15325
7.63077e-10    1.12656
7.71798e-10    1.10398
7.80519e-10    1.07036
7.89239e-10    1.04477
7.9796e-10    1.01666
8.06681e-10    0.99505
8.15402e-10    0.970864
8.24123e-10    0.950631
8.32844e-10    0.93256
8.41565e-10    0.914543
8.50286e-10    0.901857
8.59006e-10    0.889762
8.67727e-10    0.876297
8.76448e-10    0.868311
8.85169e-10    0.864843

2.18022e-11    0
3.05231e-11    0
3.92439e-11    0
4.79648e-11    0
5.66857e-11    0
6.54066e-11    0
7.41275e-11    0
8.28483e-11    0
9.15692e-11    0
1.0029e-10    0
1.09011e-10    0
1.17732e-10    0
1.26453e-10    0
1.35174e-10    0
1.43894e-10    0
1.52615e-10    0
1.61336e-10    0
1.70057e-10    0
1.78778e-10    0
1.87499e-10    0
1.9622e-10    0
2.04941e-10    0
2.13661e-10    0
2.22382e-10    0
2.31103e-10    0
2.39824e-10    0
2.48545e-10    0
2.57266e-10    0
2.65987e-10    0
2.74708e-10    0
2.83429e-10    0
2.92149e-10    0
3.0087e-10    0
3.09591e-10    0
3.18312e-10    0.00105378
3.27033e-10    0.0233777
3.35754e-10    0.154839
3.44475e-10    0.538373
3.53196e-10    1.13657
3.61916e-10    1.7773
3.70637e-10    2.22045
3.79358e-10    2.43367
3.88079e-10    2.43596
3.968e-10    2.3002
4.05521e-10    2.10861
4.14242e-10    1.89017
4.22963e-10    1.68874
4.31683e-10    1.49853
4.40404e-10    1.33829
4.49125e-10    1.19808
4.57846e-10    1.07817
4.66567e-10    0.989454
4.75288e-10    0.906673
4.84009e-10    0.837949
4.9273e-10    0.784412
5.0145e-10    0.741573
5.10171e-10    0.709016
5.18892e-10    0.686993
5.27613e-10    0.661829
5.36334e-10    0.651738
5.45055e-10    0.651991
5.53776e-10    0.644526
5.62497e-10    0.649427
5.71217e-10    0.663989
5.79938e-10    0.676717
5.88659e-10    0.699768
5.9738e-10    0.722831
6.06101e-10    0.75529
6.14822e-10    0.788936
6.23543e-10    0.830335
6.32264e-10    0.872271
6.40984e-10    0.911203
6.49705e-10    0.953624
6.58426e-10    0.998349
6.67147e-10    1.03538
6.75868e-10    1.07228
6.84589e-10    1.11005
6.9331e-10    1.13781
7.02031e-10    1.15568
7.10752e-10    1.18076
7.19472e-10    1.18513
7.28193e-10    1.18861
7.36914e-10    1.18182
7.45635e-10    1.16693
7.54356e-10    1.15072
7.63077e-10    1.12381
7.71798e-10    1.10138
7.80519e-10    1.07072
7.89239e-10    1.04228
7.9796e-10    1.00966
8.06681e-10    0.986903
8.15402e-10    0.961086
8.24123e-10    0.9392
8.32844e-10    0.923621
8.41565e-10    0.910003
8.50286e-10    0.895429
8.59006e-10    0.888049
8.67727e-10    0.876111
8.76448e-10    0.867539
8.85169e-10    0.864711

2.18022e-11    0
3.05231e-11    0
3.92439e-11    0
4.79648e-11    0
5.66857e-11    0
6.54066e-11    0
7.41275e-11    0
8.28483e-11    0
9.15692e-11    0
1.0029e-10    0
1.09011e-10    0
1.17732e-10    0
1.26453e-10    0
1.35174e-10    0
1.43894e-10    0
1.52615e-10    0
1.61336e-10    0
1.70057e-10    0
1.78778e-10    0
1.87499e-10    0
1.9622e-10    0
2.04941e-10    0
2.13661e-10    0
2.22382e-10    0
2.31103e-10    0
2.39824e-10    0
2.48545e-10    0
2.57266e-10    0
2.65987e-10    0
2.74708e-10    0
2.83429e-10    0
2.92149e-10    0
3.0087e-10    0
3.09591e-10    1.52842e-05
3.18312e-10    0.001227
3.27033e-10    0.0231456
3.35754e-10    0.158371
3.44475e-10    0.539183
3.53196e-10    1.14931
3.61916e-10    1.76856
3.70637e-10    2.21973
3.79358e-10    2.4316
3.88079e-10    2.44113
3.968e-10    2.30448
4.05521e-10    2.091
4.14242e-10    1.89742
4.22963e-10    1.68661
4.31683e-10    1.50456
4.40404e-10    1.33899
4.49125e-10    1.19374
4.57846e-10    1.07585
4.66567e-10    0.983897
4.75288e-10    0.905701
4.84009e-10    0.837147
4.9273e-10    0.779705
5.0145e-10    0.753131
5.10171e-10    0.713082
5.18892e-10    0.687961
5.27613e-10    0.666274
5.36334e-10    0.658015
5.45055e-10    0.644396
5.53776e-10    0.64808
5.62497e-10    0.656276
5.71217e-10    0.661059
5.79938e-10    0.680419
5.88659e-10    0.6969
5.9738e-10    0.728621
6.06101e-10    0.758345
6.14822e-10    0.79602
6.23543e-10    0.832879
6.32264e-10    0.868122
6.40984e-10    0.908908
6.49705e-10    0.947909
6.58426e-10    0.993786
6.67147e-10    1.03648
6.75868e-10    1.07505
6.84589e-10    1.10711
6.9331e-10    1.13626
7.02031e-10    1.15887
7.10752e-10    1.17591
7.19472e-10    1.18479
7.28193e-10    1.17873
7.36914e-10    1.17672
7.45635e-10    1.1666
7.54356e-10    1.14398
7.63077e-10    1.12084
7.71798e-10    1.09582
7.80519e-10    1.0694
7.89239e-10    1.03776
7.9796e-10    1.01561
8.06681e-10    0.990848
8.15402e-10    0.964779
8.24123e-10    0.943481
8.32844e-10    0.93291
8.41565e-10    0.912829
8.50286e-10    0.901052
8.59006e-10    0.891501
8.67727e-10    0.874778
8.76448e-10    0.867207
8.85169e-10    0.868336

2.18022e-11    0
3.05231e-11    0
3.92439e-11    0
4.79648e-11    0
5.66857e-11    0
6.54066e-11    0
7.41275e-11    0
8.28483e-11    0
9.15692e-11    0
1.0029e-10    0
1.09011e-10    0
1.17732e-10    0
1.26453e-10    0
1.35174e-10    0
1.43894e-10    0
1.52615e-10    0
1.61336e-10    0
1.70057e-10    0
1.78778e-10    0
1.87499e-10    0
1.9622e-10    0
2.04941e-10    0
2.13661e-10    0
2.22382e-10    0
2.31103e-10    0
2.39824e-10    0
2.48545e-10    0
2.57266e-10    0
2.65987e-10    0
2.74708e-10    0
2.83429e-10    0
2.92149e-10    0
3.0087e-10    0
3.09591e-10    0
3.18312e-10    0.00103934
3.27033e-10    0.0229954
3.35754e-10    0.159781
3.44475e-10    0.532409
3.53196e-10    1.13571
3.61916e-10    1.76933
3.70637e-10    2.21029
3.79358e-10    2.42729
3.88079e-10    2.43547
3.968e-10    2.28919
4.05521e-10    2.10894
4.14242e-10    1.90219
4.22963e-10    1.6833
4.31683e-10    1.48862
4.40404e-10    1.33766
4.49125e-10    1.20197
4.57846e-10    1.08487
4.66567e-10    0.983369
4.75288e-10    0.909997
4.84009e-10    0.842984
4.9273e-10    0.791671
5.0145e-10    0.753661
5.10171e-10    0.712664
5.18892e-10    0.689268
5.27613e-10    0.671583
5.36334e-10    0.660312
5.45055e-10    0.649788
5.53776e-10    0.655648
5.62497e-10    0.653948
5.71217e-10    0.664094
5.79938e-10    0.681848
5.88659e-10    0.700879
5.9738e-10    0.724492
6.06101e-10    0.755755
6.14822e-10    0.786495
6.23543e-10    0.825316
6.32264e-10    0.864214
6.40984e-10    0.90726
6.49705e-10    0.949613
6.58426e-10    0.988945
6.67147e-10    1.02814
6.75868e-10    1.06532
6.84589e-10    1.10213
6.9331e-10    1.13304
7.02031e-10    1.15568
7.10752e-10    1.17091
7.19472e-10    1.17862
7.28193e-10    1.18436
7.36914e-10    1.17624
7.45635e-10    1.16517
7.54356e-10    1.14816
7.63077e-10    1.12848
7.71798e-10    1.10447
7.80519e-10    1.07794
7.89239e-10    1.04932
7.9796e-10    1.01838
8.06681e-10    0.997282
8.15402e-10    0.968302
8.24123e-10    0.949763
8.32844e-10    0.930154
8.41565e-10    0.914305
8.50286e-10    0.902796
8.59006e-10    0.889513
8.67727e-10    0.876378
8.76448e-10    0.869007
8.85169e-10    0.869177

2.18022e-11    0
3.05231e-11    0
3.92439e-11    0
4.79648e-11    0
5.66857e-11    0
6.54066e-11    0
7.41275e-11    0
8.28483e-11    0
9.15692e-11    0
1.0029e-10    0
1.09011e-10    0
1.17732e-10    0
1.26453e-10    0
1.35174e-10    0
1.43894e-10    0
1.52615e-10    0
1.61336e-10    0
1.70057e-10    0
1.78778e-10    0
1.87499e-10    0
1.9622e-10    0
2.04941e-10    0
2.13661e-10    0
2.22382e-10    0
2.31103e-10    0
2.39824e-10    0
2.48545e-10    0
2.57266e-10    0
2.65987e-10    0
2.74708e-10    0
2.83429e-10    0
2.92149e-10    0
3.0087e-10    0
3.09591e-10    1.52842e-05
3.18312e-10    0.00115482
3.27033e-10    0.0233777
3.35754e-10    0.155615
3.44475e-10    0.53652
3.53196e-10    1.13378
3.61916e-10    1.76948
3.70637e-10    2.22298
3.79358e-10    2.42809
3.88079e-10    2.43386
3.968e-10    2.29748
4.05521e-10    2.09615
4.14242e-10    1.89354
4.22963e-10    1.6899
4.31683e-10    1.50526
4.40404e-10    1.34001
4.49125e-10    1.20898
4.57846e-10    1.08085
4.66567e-10    0.989375
4.75288e-10    0.908141
4.84009e-10    0.842874
4.9273e-10    0.779616
5.0145e-10    0.739185
5.10171e-10    0.712906
5.18892e-10    0.685983
5.27613e-10    0.668541
5.36334e-10    0.656867
5.45055e-10    0.651568
5.53776e-10    0.653659
5.62497e-10    0.655622
5.71217e-10    0.670325
5.79938e-10    0.679134
5.88659e-10    0.70287
5.9738e-10    0.727858
6.06101e-10    0.74968
6.14822e-10    0.790431
6.23543e-10    0.82685
6.32264e-10    0.862933
6.40984e-10    0.906156
6.49705e-10    0.947572
6.58426e-10    0.981173
6.67147e-10    1.02433
6.75868e-10    1.06525
6.84589e-10    1.09944
6.9331e-10    1.13233
7.02031e-10    1.15854
7.10752e-10    1.17628
7.19472e-10    1.18934
7.28193e-10    1.18667
7.36914e-10    1.18474
7.45635e-10    1.17182
7.54356e-10    1.15086
7.63077e-10    1.13174
7.71798e-10    1.10315
7.80519e-10    1.07698
7.89239e-10    1.04656
7.9796e-10    1.02259
8.06681e-10    0.992514
8.15402e-10    0.960918
8.24123e-10    0.943004
8.32844e-10    0.925904
8.41565e-10    0.913665
8.50286e-10    0.900139
8.59006e-10    0.889968
8.67727e-10    0.880167
8.76448e-10    0.867997
8.85169e-10    0.866831

2.18022e-11    0
3.05231e-11    0
3.92439e-11    0
4.79648e-11    0
5.66857e-11    0
6.54066e-11    0
7.41275e-11    0
8.28483e-11    0
9.15692e-11    0
1.0029e-10    0
1.09011e-10    0
1.17732e-10    0
1.26453e-10    0
1.35174e-10    0
1.43894e-10    0
1.52615e-10    0
1.61336e-10    0
1.70057e-10    0
1.78778e-10    0
1.87499e-10    0
1.9622e-10    0
2.04941e-10    0
2.13661e-10    0
2.22382e-10    0
2.31103e-10    0
2.39824e-10    0
2.48545e-10    0
2.57266e-10    0
2.65987e-10    0
2.74708e-10    0
2.83429e-10    0
2.92149e-10    0
3.0087e-10    0
3.09591e-10    3.05684e-05
3.18312e-10    0.000996036
3.27033e-10    0.0222443
3.35754e-10    0.161398
3.44475e-10    0.543221
3.53196e-10    1.14414
3.61916e-10    1.77102
3.70637e-10    2.23628
3.79358e-10    2.4471
3.88079e-10    2.44176
3.968e-10    2.30309
4.05521e-10    2.10613
4.14242e-10    1.8876
4.22963e-10    1.68397
4.31683e-10    1.49408
4.40404e-10    1.33192
4.49125e-10    1.18826
4.57846e-10    1.078
4.66567e-10    0.97692
4.75288e-10    0.90026
4.84009e-10    0.83447
4.9273e-10    0.777094
5.0145e-10    0.735583
5.10171e-10    0.711002
5.18892e-10    0.681932
5.27613e-10    0.664085
5.36334e-10    0.658005
5.45055e-10    0.650413
5.53776e-10    0.646454
5.62497e-10    0.653343
5.71217e-10    0.662454
5.79938e-10    0.685088
5.88659e-10    0.705828
5.9738e-10    0.730945
6.06101e-10    0.767352
6.14822e-10    0.794879
6.23543e-10    0.836363
6.32264e-10    0.876833
6.40984e-10    0.915906
6.49705e-10    0.961942
6.58426e-10    0.996477
6.67147e-10    1.03597
6.75868e-10    1.07493
6.84589e-10    1.10304
6.9331e-10    1.13475
7.02031e-10    1.15744
7.10752e-10    1.17951
7.19472e-10    1.18202
7.28193e-10    1.18497
7.36914e-10    1.17634
7.45635e-10    1.16354
7.54356e-10    1.145
7.63077e-10    1.11232
7.71798e-10    1.09241
7.80519e-10    1.06378
7.89239e-10    1.02984
7.9796e-10    1.01014
8.06681e-10    0.981406
8.15402e-10    0.954766
8.24123e-10    0.941776
8.32844e-10    0.923075
8.41565e-10    0.911293
8.50286e-10    0.899213
8.59006e-10    0.889146
8.67727e-10    0.877795
8.76448e-10    0.870584
8.85169e-10    0.871009

2.18022e-11    0
3.05231e-11    0
3.92439e-11    0
4.79648e-11    0
5.66857e-11    0
6.54066e-11    0
7.41275e-11    0
8.28483e-11    0
9.15692e-11    0
1.0029e-10    0
1.09011e-10    0
1.17732e-10    0
1.26453e-10    0
1.35174e-10    0
1.43894e-10    0
1.52615e-10    0
1.61336e-10    0
1.70057e-10    0
1.78778e-10    0
1.87499e-10    0
1.9622e-10    0
2.04941e-10    0
2.13661e-10    0
2.22382e-10    0
2.31103e-10    0
2.39824e-10    0
2.48545e-10    0
2.57266e-10    0
2.65987e-10    0
2.74708e-10    0
2.83429e-10    0
2.92149e-10    0
3.0087e-10    0
3.09591e-10    0
3.18312e-10    0.00140022
3.27033e-10    0.0233504
3.35754e-10    0.158164
3.44475e-10    0.545173
3.53196e-10    1.14333
3.61916e-10    1.77853
3.70637e-10    2.22729
3.79358e-10    2.44966
3.88079e-10    2.43509
3.968e-10    2.29554
4.05521e-10    2.09982
4.14242e-10    1.88119
4.22963e-10    1.66135
4.31683e-10    1.49173
4.40404e-10    1.32179
4.49125e-10    1.19565
4.57846e-10    1.08372
4.66567e-10    0.978761
4.75288e-10    0.909266
4.84009e-10    0.845275
4.9273e-10    0.788198
5.0145e-10    0.749056
5.10171e-10    0.710567
5.18892e-10    0.687923
5.27613e-10    0.671475
5.36334e-10    0.655227
5.45055e-10    0.648508
5.53776e-10    0.648657
5.62497e-10    0.656005
5.71217e-10    0.662004
5.79938e-10    0.688785
5.88659e-10    0.710176
5.9738e-10    0.733169
6.06101e-10    0.759214
6.14822e-10    0.801406
6.23543e-10    0.832578
6.32264e-10    0.864591
6.40984e-10    0.908721
6.49705e-10    0.954149
6.58426e-10    0.985237
6.67147e-10    1.028
6.75868e-10    1.06303
6.84589e-10    1.10004
6.9331e-10    1.12683
7.02031e-10    1.15927
7.10752e-10    1.17638
7.19472e-10    1.18257
7.28193e-10    1.18996
7.36914e-10    1.17534
7.45635e-10    1.16398
7.54356e-10    1.14266
7.63077e-10    1.12131
7.71798e-10    1.098
7.80519e-10    1.07213
7.89239e-10    1.04324
7.9796e-10    1.01627
8.06681e-10    0.985819
8.15402e-10    0.965002
8.24123e-10    0.944989
8.32844e-10    0.925275
8.41565e-10    0.911391
8.50286e-10    0.901057
8.59006e-10    0.88944
8.67727e-10    0.873387
8.76448e-10    0.870463
8.85169e-10    0.86887

2.18022e-11    0
3.05231e-11    0
3.92439e-11    0
4.79648e-11    0
5.66857e-11    0
6.54066e-11    0
7.41275e-11    0
8.28483e-11    0
9.15692e-11    0
1.0029e-10    0
1.09011e-10    0
1.17732e-10    0
1.26453e-10    0
1.35174e-10    0
1.43894e-10    0
1.52615e-10    0
1.61336e-10    0
1.70057e-10    0
1.78778e-10    0
1.87499e-10    0
1.9622e-10    0
2.04941e-10    0
2.13661e-10    0
2.22382e-10    0
2.31103e-10    0
2.39824e-10    0
2.48545e-10    0
2.57266e-10    0
2.65987e-10    0
2.74708e-10    0
2.83429e-10    0
2.92149e-10    0
3.0087e-10    0
3.09591e-10    1.52842e-05
3.18312e-10    0.00127031
3.27033e-10    0.022299
3.35754e-10    0.162873
3.44475e-10    0.547358
3.53196e-10    1.16234
3.61916e-10    1.78665
3.70637e-10    2.22598
3.79358e-10    2.43893
3.88079e-10    2.43175
3.968e-10    2.29427
4.05521e-10    2.09811
4.14242e-10    1.89382
4.22963e-10    1.6854
4.31683e-10    1.47724
4.40404e-10    1.33009
4.49125e-10    1.19404
4.57846e-10    1.08196
4.66567e-10    0.979204
4.75288e-10    0.905491
4.84009e-10    0.83428
4.9273e-10    0.785647
5.0145e-10    0.741909
5.10171e-10    0.708746
5.18892e-10    0.683851
5.27613e-10    0.670375
5.36334e-10    0.653999
5.45055e-10    0.650928
5.53776e-10    0.652038
5.62497e-10    0.65203
5.71217e-10    0.667251
5.79938e-10    0.679914
5.88659e-10    0.699867
5.9738e-10    0.725267
6.06101e-10    0.754666
6.14822e-10    0.798013
6.23543e-10    0.832611
6.32264e-10    0.869591
6.40984e-10    0.91491
6.49705e-10    0.95291
6.58426e-10    0.998093
6.67147e-10    1.03529
6.75868e-10    1.06891
6.84589e-10    1.10002
6.9331e-10    1.13225
7.02031e-10    1.15805
7.10752e-10    1.17521
7.19472e-10    1.18618
7.28193e-10    1.18269
7.36914e-10    1.18429
7.45635e-10    1.16975
7.54356e-10    1.14771
7.63077e-10    1.12068
7.71798e-10    1.09502
7.80519e-10    1.06836
7.89239e-10    1.03884
7.9796e-10    1.01276
8.06681e-10    0.983933
8.15402e-10    0.961473
8.24123e-10    0.943044
8.32844e-10    0.926595
8.41565e-10    0.915394
8.50286e-10    0.899176
8.59006e-10    0.890732
8.67727e-10    0.878958
8.76448e-10    0.86656
8.85169e-10    0.869094

2.18022e-11    0
3.05231e-11    0
3.92439e-11    0
4.79648e-11    0
5.66857e-11    0
6.54066e-11    0
7.41275e-11    0
8.28483e-11    0
9.15692e-11    0
1.0029e-10    0
1.09011e-10    0
1.17732e-10    0
1.26453e-10    0
1.35174e-10    0
1.43894e-10    0
1.52615e-10    0
1.61336e-10    0
1.70057e-10    0
1.78778e-10    0
1.87499e-10    0
1.9622e-10    0
2.04941e-10    0
2.13661e-10    0
2.22382e-10    0
2.31103e-10    0
2.39824e-10    0
2.48545e-10    0
2.57266e-10    0
2.65987e-10    0
2.74708e-10    0
2.83429e-10    0
2.92149e-10    0
3.0087e-10    0
3.09591e-10    0
3.18312e-10    0.0016745
3.27033e-10    0.0213841
3.35754e-10    0.162821
3.44475e-10    0.531341
3.53196e-10    1.14076
3.61916e-10    1.7668
3.70637e-10    2.22057
3.79358e-10    2.42555
3.88079e-10    2.43437
3.968e-10    2.30107
4.05521e-10    2.09945
4.14242e-10    1.89238
4.22963e-10    1.69754
4.31683e-10    1.50151
4.40404e-10    1.34942
4.49125e-10    1.21291
4.57846e-10    1.09247
4.66567e-10    0.995289
4.75288e-10    0.909247
4.84009e-10    0.842525
4.9273e-10    0.787803
5.0145e-10    0.745072
5.10171e-10    0.705307
5.18892e-10    0.68029
5.27613e-10    0.659733
5.36334e-10    0.648865
5.45055e-10    0.643857
5.53776e-10    0.640786
5.62497e-10    0.649617
5.71217e-10    0.654718
5.79938e-10    0.67318
5.88659e-10    0.696818
5.9738e-10    0.721885
6.06101e-10    0.758582
6.14822e-10    0.791094
6.23543e-10    0.825115
6.32264e-10    0.872136
6.40984e-10    0.909088
6.49705e-10    0.953792
6.58426e-10    0.990793
6.67147e-10    1.03113
6.75868e-10    1.0715
6.84589e-10    1.104
6.9331e-10    1.13269
7.02031e-10    1.15838
7.10752e-10    1.17556
7.19472e-10    1.1849
7.28193e-10    1.18201
7.36914e-10    1.18199
7.45635e-10    1.16719
7.54356e-10    1.15065
7.63077e-10    1.13309
7.71798e-10    1.1069
7.80519e-10    1.07953
7.89239e-10    1.05154
7.9796e-10    1.02005
8.06681e-10    0.996054
8.15402e-10    0.96917
8.24123e-10    0.949828
8.32844e-10    0.928265
8.41565e-10    0.907808
8.50286e-10    0.895398
8.59006e-10    0.88424
8.67727e-10    0.874043
8.76448e-10    0.861988
8.85169e-10    0.861356

2.18022e-11    0
3.05231e-11    0
3.92439e-11    0
4.79648e-11    0
5.66857e-11    0
6.54066e-11    0
7.41275e-11    0
8.28483e-11    0
9.15692e-11    0
1.0029e-10    0
1.09011e-10    0
1.17732e-10    0
1.26453e-10    0
1.35174e-10    0
1.43894e-10    0
1.52615e-10    0
1.61336e-10    0
1.70057e-10    0
1.78778e-10    0
1.87499e-10    0
1.9622e-10    0
2.04941e-10    0
2.13661e-10    0
2.22382e-10    0
2.31103e-10    0
2.39824e-10    0
2.48545e-10    0
2.57266e-10    0
2.65987e-10    0
2.74708e-10    0
2.83429e-10    0
2.92149e-10    0
3.0087e-10    0
3.09591e-10    0
3.18312e-10    0.00128474
3.27033e-10    0.0212748
3.35754e-10    0.149522
3.44475e-10    0.523363
3.53196e-10    1.11901
3.61916e-10    1.76231
3.70637e-10    2.21559
3.79358e-10    2.43738
3.88079e-10    2.43848
3.968e-10    2.3115
4.05521e-10    2.10791
4.14242e-10    1.90038
4.22963e-10    1.68679
4.31683e-10    1.50244
4.40404e-10    1.33948
4.49125e-10    1.19842
4.57846e-10    1.09049
4.66567e-10    0.983712
4.75288e-10    0.914745
4.84009e-10    0.846726
4.9273e-10    0.788499
5.0145e-10    0.749289
5.10171e-10    0.713864
5.18892e-10    0.688078
5.27613e-10    0.666644
5.36334e-10    0.655451
5.45055e-10    0.647166
5.53776e-10    0.650101
5.62497e-10    0.654061
5.71217e-10    0.661763
5.79938e-10    0.676848
5.88659e-10    0.699319
5.9738e-10    0.727235
6.06101e-10    0.751196
6.14822e-10    0.790148
6.23543e-10    0.825485
6.32264e-10    0.864232
6.40984e-10    0.898223
6.49705e-10    0.949947
6.58426e-10    0.990387
6.67147e-10    1.02682
6.75868e-10    1.06277
6.84589e-10    1.09749
6.9331e-10    1.12436
7.02031e-10    1.15558
7.10752e-10    1.17299
7.19472e-10    1.18738
7.28193e-10    1.18563
7.36914e-10    1.18078
7.45635e-10    1.17359
7.54356e-10    1.15241
7.63077e-10    1.12743
7.71798e-10    1.10616
7.80519e-10    1.07708
7.89239e-10    1.05191
7.9796e-10    1.02435
8.06681e-10    0.996085
8.15402e-10    0.970677
8.24123e-10    0.946442
8.32844e-10    0.93301
8.41565e-10    0.909679
8.50286e-10    0.897662
8.59006e-10    0.884947
8.67727e-10    0.875168
8.76448e-10    0.865661
8.85169e-10    0.863121

2.18022e-11    0
3.05231e-11    0
3.92439e-11    0
4.79648e-11    0
5.66857e-11    0
6.54066e-11    0
7.41275e-11    0
8.28483e-11    0
9.15692e-11    0
1.0029e-10    0
1.09011e-10    0
1.17732e-10    0
1.26453e-10    0
1.35174e-10    0
1.43894e-10    0
1.52615e-10    0
1.61336e-10    0
1.70057e-10    0
1.78778e-10    0
1.87499e-10    0
1.9622e-10    0
2.04941e-10    0
2.13661e-10    0
2.22382e-10    0
2.31103e-10    0
2.39824e-10    0
2.48545e-10    0
2.57266e-10    0
2.65987e-10    0
2.74708e-10    0
2.83429e-10    0
2.92149e-10    0
3.0087e-10    0
3.09591e-10    0
3.18312e-10    0.00114039
3.27033e-10    0.0239786
3.35754e-10    0.159872
3.44475e-10    0.554071
3.53196e-10    1.15784
3.61916e-10    1.79063
3.70637e-10    2.25387
3.79358e-10    2.44217
3.88079e-10    2.42922
3.968e-10    2.28633
4.05521e-10    2.09499
4.14242e-10    1.87437
4.22963e-10    1.66687
4.31683e-10    1.47221
4.40404e-10    1.31414
4.49125e-10    1.18447
4.57846e-10    1.06935
4.66567e-10    0.974788
4.75288e-10    0.901563
4.84009e-10    0.831463
4.9273e-10    0.7916
5.0145e-10    0.74766
5.10171e-10    0.717578
5.18892e-10    0.685101
5.27613e-10    0.671418
5.36334e-10    0.661549
5.45055e-10    0.653035
5.53776e-10    0.649146
5.62497e-10    0.661004
5.71217e-10    0.67246
5.79938e-10    0.690698
5.88659e-10    0.713982
5.9738e-10    0.737198
6.06101e-10    0.76917
6.14822e-10    0.798589
6.23543e-10    0.836158
6.32264e-10    0.870869
6.40984e-10    0.918021
6.49705e-10    0.947084
6.58426e-10    0.995943
6.67147e-10    1.028
6.75868e-10    1.06911
6.84589e-10    1.10573
6.9331e-10    1.12943
7.02031e-10    1.15899
7.10752e-10    1.16785
7.19472e-10    1.18271
7.28193e-10    1.18264
7.36914e-10    1.17426
7.45635e-10    1.15553
7.54356e-10    1.14107
7.63077e-10    1.11041
7.71798e-10    1.08596
7.80519e-10    1.059
7.89239e-10    1.04026
7.9796e-10    1.00708
8.06681e-10    0.983833
8.15402e-10    0.960782
8.24123e-10    0.941776
8.32844e-10    0.92657
8.41565e-10    0.91406
8.50286e-10    0.900129
8.59006e-10    0.895798
8.67727e-10    0.881722
8.76448e-10    0.871803
8.85169e-10    0.874335

2.18022e-11    0
3.05231e-11    0
3.92439e-11    0
4.79648e-11    0
5.66857e-11    0
6.54066e-11    0
7.41275e-11    0
8.28483e-11    0
9.15692e-11    0
1.0029e-10    0
1.09011e-10    0
1.17732e-10    0
1.26453e-10    0
1.35174e-10    0
1.43894e-10    0
1.52615e-10    0
1.61336e-10    0
1.70057e-10    0
1.78778e-10    0
1.87499e-10    0
1.9622e-10    0
2.04941e-10    0
2.13661e-10    0
2.22382e-10    0
2.31103e-10    0
2.39824e-10    0
2.48545e-10    0
2.57266e-10    0
2.65987e-10    0
2.74708e-10    0
2.83429e-10    0
2.92149e-10    0
3.0087e-10    0
3.09591e-10    0
3.18312e-10    0.00119813
3.27033e-10    0.0222443
3.35754e-10    0.160467
3.44475e-10    0.540791
3.53196e-10    1.14487
3.61916e-10    1.77217
3.70637e-10    2.22898
3.79358e-10    2.43788
3.88079e-10    2.4358
3.968e-10    2.30136
4.05521e-10    2.09864
4.14242e-10    1.87492
4.22963e-10    1.68714
4.31683e-10    1.48623
4.40404e-10    1.328
4.49125e-10    1.19522
4.57846e-10    1.07815
4.66567e-10    0.991461
4.75288e-10    0.906444
4.84009e-10    0.843939
4.9273e-10    0.792386
5.0145e-10    0.747671
5.10171e-10    0.715976
5.18892e-10    0.690943
5.27613e-10    0.66499
5.36334e-10    0.658696
5.45055e-10    0.651399
5.53776e-10    0.648788
5.62497e-10    0.65864
5.71217e-10    0.660714
5.79938e-10    0.673575
5.88659e-10    0.701409
5.9738e-10    0.723398
6.06101e-10    0.755135
6.14822e-10    0.787188
6.23543e-10    0.830174
6.32264e-10    0.873428
6.40984e-10    0.906959
6.49705e-10    0.94738
6.58426e-10    0.989226
6.67147e-10    1.02689
6.75868e-10    1.06822
6.84589e-10    1.10629
6.9331e-10    1.13662
7.02031e-10    1.15742
7.10752e-10    1.17409
7.19472e-10    1.1908
7.28193e-10    1.18766
7.36914e-10    1.17903
7.45635e-10    1.16519
7.54356e-10    1.14679
7.63077e-10    1.12736
7.71798e-10    1.10093
7.80519e-10    1.06984
7.89239e-10    1.03836
7.9796e-10    1.01642
8.06681e-10    0.988496
8.15402e-10    0.970052
8.24123e-10    0.946471
8.32844e-10    0.928844
8.41565e-10    0.910158
8.50286e-10    0.898576
8.59006e-10    0.891086
8.67727e-10    0.87778
8.76448e-10    0.866486
8.85169e-10    0.869946

2.18022e-11    0
3.05231e-11    0
3.92439e-11    0
4.79648e-11    0
5.66857e-11    0
6.54066e-11    0
7.41275e-11    0
8.28483e-11    0
9.15692e-11    0
1.0029e-10    0
1.09011e-10    0
1.17732e-10    0
1.26453e-10    0
1.35174e-10    0
1.43894e-10    0
1.52615e-10    0
1.61336e-10    0
1.70057e-10    0
1.78778e-10    0
1.87499e-10    0
1.9622e-10    0
2.04941e-10    0
2.13661e-10    0
2.22382e-10    0
2.31103e-10    0
2.39824e-10    0
2.48545e-10    0
2.57266e-10    0
2.65987e-10    0
2.74708e-10    0
2.83429e-10    0
2.92149e-10    0
3.0087e-10    0
3.09591e-10    0
3.18312e-10    0.00177554
3.27033e-10    0.0228998
3.35754e-10    0.154011
3.44475e-10    0.533992
3.53196e-10    1.14975
3.61916e-10    1.7657
3.70637e-10    2.23883
3.79358e-10    2.43374
3.88079e-10    2.43326
3.968e-10    2.2875
4.05521e-10    2.09355
4.14242e-10    1.88671
4.22963e-10    1.68633
4.31683e-10    1.49087
4.40404e-10    1.33717
4.49125e-10    1.1938
4.57846e-10    1.08225
4.66567e-10    0.982339
4.75288e-10    0.913843
4.84009e-10    0.85012
4.9273e-10    0.792539
5.0145e-10    0.751204
5.10171e-10    0.718788
5.18892e-10    0.690007
5.27613e-10    0.66443
5.36334e-10    0.654695
5.45055e-10    0.648253
5.53776e-10    0.644079
5.62497e-10    0.649558
5.71217e-10    0.663434
5.79938e-10    0.674321
5.88659e-10    0.695917
5.9738e-10    0.730366
6.06101e-10    0.759144
6.14822e-10    0.793798
6.23543e-10    0.828248
6.32264e-10    0.87547
6.40984e-10    0.91014
6.49705e-10    0.95653
6.58426e-10    0.995589
6.67147e-10    1.02829
6.75868e-10    1.06628
6.84589e-10    1.10106
6.9331e-10    1.12571
7.02031e-10    1.15246
7.10752e-10    1.17091
7.19472e-10    1.17827
7.28193e-10    1.18179
7.36914e-10    1.17316
7.45635e-10    1.16445
7.54356e-10    1.14322
7.63077e-10    1.12299
7.71798e-10    1.0949
7.80519e-10    1.07144
7.89239e-10    1.04616
7.9796e-10    1.02377
8.06681e-10    0.998271
8.15402e-10    0.97248
8.24123e-10    0.951076
8.32844e-10    0.935475
8.41565e-10    0.919013
8.50286e-10    0.906696
8.59006e-10    0.895874
8.67727e-10    0.882596
8.76448e-10    0.871023
8.85169e-10    0.86663

2.18022e-11    0
3.05231e-11    0
3.92439e-11    0
4.79648e-11    0
5.66857e-11    0
6.54066e-11    0
7.41275e-11    0
8.28483e-11    0
9.15692e-11    0
1.0029e-10    0
1.09011e-10    0
1.17732e-10    0
1.26453e-10    0
1.35174e-10    0
1.43894e-10    0
1.52615e-10    0
1.61336e-10    0
1.70057e-10    0
1.78778e-10    0
1.87499e-10    0
1.9622e-10    0
2.04941e-10    0
2.13661e-10    0
2.22382e-10    0
2.31103e-10    0
2.39824e-10    0
2.48545e-10    0
2.57266e-10    0
2.65987e-10    0
2.74708e-10    0
2.83429e-10    0
2.92149e-10    0
3.0087e-10    0
3.09591e-10    0
3.18312e-10    0.00153014
3.27033e-10    0.0232139
3.35754e-10    0.158798
3.44475e-10    0.532703
3.53196e-10    1.1495
3.61916e-10    1.75993
3.70637e-10    2.22396
3.79358e-10    2.435
3.88079e-10    2.43249
3.968e-10    2.29021
4.05521e-10    2.09767
4.14242e-10    1.88716
4.22963e-10    1.68531
4.31683e-10    1.49295
4.40404e-10    1.34112
4.49125e-10    1.19357
4.57846e-10    1.07954
4.66567e-10    0.987005
4.75288e-10    0.906419
4.84009e-10    0.84389
4.9273e-10    0.791205
5.0145e-10    0.747095
5.10171e-10    0.71497
5.18892e-10    0.690831
5.27613e-10    0.6722
5.36334e-10    0.660759
5.45055e-10    0.652472
5.53776e-10    0.649607
5.62497e-10    0.658487
5.71217e-10    0.66869
5.79938e-10    0.680932
5.88659e-10    0.697073
5.9738e-10    0.726125
6.06101e-10    0.757077
6.14822e-10    0.787625
6.23543e-10    0.820722
6.32264e-10    0.869926
6.40984e-10    0.908652
6.49705e-10    0.947286
6.58426e-10    0.992645
6.67147e-10    1.02801
6.75868e-10    1.07207
6.84589e-10    1.10487
6.9331e-10    1.13111
7.02031e-10    1.16372
7.10752e-10    1.17391
7.19472e-10    1.18657
7.28193e-10    1.18478
7.36914e-10    1.18177
7.45635e-10    1.16351
7.54356e-10    1.14768
7.63077e-10    1.1212
7.71798e-10    1.09786
7.80519e-10    1.07158
7.89239e-10    1.04076
7.9796e-10    1.01837
8.06681e-10    0.992221
8.15402e-10    0.965349
8.24123e-10    0.944966
8.32844e-10    0.928015
8.41565e-10    0.911914
8.50286e-10    0.898727
8.59006e-10    0.88643
8.67727e-10    0.875982
8.76448e-10    0.866523
8.85169e-10    0.869708

2.18022e-11    0
3.05231e-11    0
3.92439e-11    0
4.79648e-11    0
5.66857e-11    0
6.54066e-11    0
7.41275e-11    0
8.28483e-11    0
9.15692e-11    0
1.0029e-10    0
1.09011e-10    0
1.17732e-10    0
1.26453e-10    0
1.35174e-10    0
1.43894e-10    0
1.52615e-10    0
1.61336e-10    0
1.70057e-10    0
1.78778e-10    0
1.87499e-10    0
1.9622e-10    0
2.04941e-10    0
2.13661e-10    0
2.22382e-10    0
2.31103e-10    0
2.39824e-10    0
2.48545e-10    0
2.57266e-10    0
2.65987e-10    0
2.74708e-10    0
2.83429e-10    0
2.92149e-10    0
3.0087e-10    0
3.09591e-10    0
3.18312e-10    0.00111152
3.27033e-10    0.0227905
3.35754e-10    0.154839
3.44475e-10    0.541221
3.53196e-10    1.14565
3.61916e-10    1.76245
3.70637e-10    2.21787
3.79358e-10    2.44071
3.88079e-10    2.4376
3.968e-10    2.29312
4.05521e-10    2.09723
4.14242e-10    1.88874
4.22963e-10    1.68598
4.31683e-10    1.49854
4.40404e-10    1.32728
4.49125e-10    1.19856
4.57846e-10    1.07889
4.66567e-10    0.984279
4.75288e-10    0.910074
4.84009e-10    0.84424
4.9273e-10    0.790449
5.0145e-10    0.748566
5.10171e-10    0.715828
5.18892e-10    0.689944
5.27613e-10    0.668808
5.36334e-10    0.657558
5.45055e-10    0.651543
5.53776e-10    0.652486
5.62497e-10    0.65735
5.71217e-10    0.663079
5.79938e-10    0.677327
5.88659e-10    0.700677
5.9738e-10    0.729619
6.06101e-10    0.755019
6.14822e-10    0.791629
6.23543e-10    0.827933
6.32264e-10    0.871492
6.40984e-10    0.906257
6.49705e-10    0.945926
6.58426e-10    0.987614
6.67147e-10    1.03584
6.75868e-10    1.06059
6.84589e-10    1.09908
6.9331e-10    1.13139
7.02031e-10    1.15244
7.10752e-10    1.1656
7.19472e-10    1.18862
7.28193e-10    1.18535
7.36914e-10    1.18608
7.45635e-10    1.16826
7.54356e-10    1.15672
7.63077e-10    1.12787
7.71798e-10    1.10407
7.80519e-10    1.07174
7.89239e-10    1.04393
7.9796e-10    1.01491
8.06681e-10    0.991306
8.15402e-10    0.967922
8.24123e-10    0.943374
8.32844e-10    0.926259
8.41565e-10    0.913617
8.50286e-10    0.897963
8.59006e-10    0.890032
8.67727e-10    0.878455
8.76448e-10    0.869489
8.85169e-10    0.87022

2.18022e-11    0
3.05231e-11    0
3.92439e-11    0
4.79648e-11    0
5.66857e-11    0
6.54066e-11    0
7.41275e-11    0
8.28483e-11    0
9.15692e-11    0
1.0029e-10    0
1.09011e-10    0
1.17732e-10    0
1.26453e-10    0
1.35174e-10    0
1.43894e-10    0
1.52615e-10    0
1.61336e-10    0
1.70057e-10    0
1.78778e-10    0
1.87499e-10    0
1.9622e-10    0
2.04941e-10    0
2.13661e-10    0
2.22382e-10    0
2.31103e-10    0
2.39824e-10    0
2.48545e-10    0
2.57266e-10    0
2.65987e-10    0
2.74708e-10    0
2.83429e-10    0
2.92149e-10    0
3.0087e-10    0
3.09591e-10    0
3.18312e-10    0.00102491
3.27033e-10    0.0210973
3.35754e-10    0.157452
3.44475e-10    0.530727
3.53196e-10    1.1443
3.61916e-10    1.77918
3.70637e-10    2.22891
3.79358e-10    2.43396
3.88079e-10    2.43499
3.968e-10    2.29926
4.05521e-10    2.09704
4.14242e-10    1.88696
4.22963e-10    1.68426
4.31683e-10    1.50144
4.40404e-10    1.32607
4.49125e-10    1.19233
4.57846e-10    1.07699
4.66567e-10    0.98424
4.75288e-10    0.903247
4.84009e-10    0.848166
4.9273e-10    0.786521
5.0145e-10    0.751934
5.10171e-10    0.710276
5.18892e-10    0.682219
5.27613e-10    0.672986
5.36334e-10    0.657578
5.45055e-10    0.649749
5.53776e-10    0.650865
5.62497e-10    0.649788
5.71217e-10    0.662493
5.79938e-10    0.682509
5.88659e-10    0.698752
5.9738e-10    0.731109
6.06101e-10    0.760896
6.14822e-10    0.792608
6.23543e-10    0.835459
6.32264e-10    0.870559
6.40984e-10    0.914885
6.49705e-10    0.952567
6.58426e-10    0.989528
6.67147e-10    1.03158
6.75868e-10    1.06245
6.84589e-10    1.10164
6.9331e-10    1.12805
7.02031e-10    1.15525
7.10752e-10    1.17469
7.19472e-10    1.18367
7.28193e-10    1.18572
7.36914e-10    1.17875
7.45635e-10    1.16742
7.54356e-10    1.14564
7.63077e-10    1.12306
7.71798e-10    1.09593
7.80519e-10    1.07191
7.89239e-10    1.04039
7.9796e-10    1.01217
8.06681e-10    0.989027
8.15402e-10    0.966837
8.24123e-10    0.951728
8.32844e-10    0.924523
8.41565e-10    0.910954
8.50286e-10    0.898944
8.59006e-10    0.894284
8.67727e-10    0.876708
8.76448e-10    0.870582
8.85169e-10    0.870517

2.18022e-11    0
3.05231e-11    0
3.92439e-11    0
4.79648e-11    0
5.66857e-11    0
6.54066e-11    0
7.41275e-11    0
8.28483e-11    0
9.15692e-11    0
1.0029e-10    0
1.09011e-10    0
1.17732e-10    0
1.26453e-10    0
1.35174e-10    0
1.43894e-10    0
1.52615e-10    0
1.61336e-10    0
1.70057e-10    0
1.78778e-10    0
1.87499e-10    0
1.9622e-10    0
2.04941e-10    0
2.13661e-10    0
2.22382e-10    0
2.31103e-10    0
2.39824e-10    0
2.48545e-10    0
2.57266e-10    0
2.65987e-10    0
2.74708e-10    0
2.83429e-10    0
2.92149e-10    0
3.0087e-10    0
3.09591e-10    3.05684e-05
3.18312e-10    0.00109708
3.27033e-10    0.0229271
3.35754e-10    0.155111
3.44475e-10    0.54111
3.53196e-10    1.14837
3.61916e-10    1.77887
3.70637e-10    2.23216
3.79358e-10    2.42474
3.88079e-10    2.42603
3.968e-10    2.30525
4.05521e-10    2.10526
4.14242e-10    1.88585
4.22963e-10    1.67996
4.31683e-10    1.49018
4.40404e-10    1.32725
4.49125e-10    1.18786
4.57846e-10    1.07414
4.66567e-10    0.980834
4.75288e-10    0.901264
4.84009e-10    0.841471
4.9273e-10    0.789781
5.0145e-10    0.742302
5.10171e-10    0.715586
5.18892e-10    0.687594
5.27613e-10    0.670858
5.36334e-10    0.656514
5.45055e-10    0.649461
5.53776e-10    0.654251
5.62497e-10    0.653587
5.71217e-10    0.662283
5.79938e-10    0.686661
5.88659e-10    0.703627
5.9738e-10    0.728884
6.06101e-10    0.757554
6.14822e-10    0.793214
6.23543e-10    0.837593
6.32264e-10    0.870456
6.40984e-10    0.91897
6.49705e-10    0.951967
6.58426e-10    0.989423
6.67147e-10    1.03104
6.75868e-10    1.06929
6.84589e-10    1.09955
6.9331e-10    1.13357
7.02031e-10    1.15742
7.10752e-10    1.16899
7.19472e-10    1.18041
7.28193e-10    1.18673
7.36914e-10    1.17986
7.45635e-10    1.16898
7.54356e-10    1.14422
7.63077e-10    1.12078
7.71798e-10    1.09761
7.80519e-10    1.06864
7.89239e-10    1.03822
7.9796e-10    1.01523
8.06681e-10    0.990976
8.15402e-10    0.966019
8.24123e-10    0.946113
8.32844e-10    0.926674
8.41565e-10    0.913529
8.50286e-10    0.898451
8.59006e-10    0.890537
8.67727e-10    0.877658
8.76448e-10    0.863493
8.85169e-10    0.865227

2.18022e-11    0
3.05231e-11    0
3.92439e-11    0
4.79648e-11    0
5.66857e-11    0
6.54066e-11    0
7.41275e-11    0
8.28483e-11    0
9.15692e-11    0
1.0029e-10    0
1.09011e-10    0
1.17732e-10    0
1.26453e-10    0
1.35174e-10    0
1.43894e-10    0
1.52615e-10    0
1.61336e-10    0
1.70057e-10    0
1.78778e-10    0
1.87499e-10    0
1.9622e-10    0
2.04941e-10    0
2.13661e-10    0
2.22382e-10    0
2.31103e-10    0
2.39824e-10    0
2.48545e-10    0
2.57266e-10    0
2.65987e-10    0
2.74708e-10    0
2.83429e-10    0
2.92149e-10    0
3.0087e-10    0
3.09591e-10    0
3.18312e-10    0.00109708
3.27033e-10    0.0227223
3.35754e-10    0.156236
3.44475e-10    0.536471
3.53196e-10    1.15125
3.61916e-10    1.77781
3.70637e-10    2.22576
3.79358e-10    2.42608
3.88079e-10    2.44213
3.968e-10    2.28567
4.05521e-10    2.09486
4.14242e-10    1.88127
4.22963e-10    1.67008
4.31683e-10    1.49121
4.40404e-10    1.3366
4.49125e-10    1.18847
4.57846e-10    1.08467
4.66567e-10    0.994358
4.75288e-10    0.911815
4.84009e-10    0.851553
4.9273e-10    0.793933
5.0145e-10    0.751757
5.10171e-10    0.713517
5.18892e-10    0.684457
5.27613e-10    0.667513
5.36334e-10    0.651703
5.45055e-10    0.650023
5.53776e-10    0.654502
5.62497e-10    0.649382
5.71217e-10    0.663753
5.79938e-10    0.680448
5.88659e-10    0.704524
5.9738e-10    0.732802
6.06101e-10    0.76168
6.14822e-10    0.794209
6.23543e-10    0.825829
6.32264e-10    0.869421
6.40984e-10    0.902027
6.49705e-10    0.949492
6.58426e-10    0.987397
6.67147e-10    1.02994
6.75868e-10    1.06829
6.84589e-10    1.10479
6.9331e-10    1.13035
7.02031e-10    1.15214
7.10752e-10    1.16977
7.19472e-10    1.18517
7.28193e-10    1.18284
7.36914e-10    1.17426
7.45635e-10    1.1644
7.54356e-10    1.14724
7.63077e-10    1.12479
7.71798e-10    1.09456
7.80519e-10    1.0711
7.89239e-10    1.04608
7.9796e-10    1.02045
8.06681e-10    0.994133
8.15402e-10    0.968987
8.24123e-10    0.952019
8.32844e-10    0.927997
8.41565e-10    0.915877
8.50286e-10    0.904859
8.59006e-10    0.898468
8.67727e-10    0.879487
8.76448e-10    0.871126
8.85169e-10    0.870466

2.18022e-11    0
3.05231e-11    0
3.92439e-11    0
4.79648e-11    0
5.66857e-11    0
6.54066e-11    0
7.41275e-11    0
8.28483e-11    0
9.15692e-11    0
1.0029e-10    0
1.09011e-10    0
1.17732e-10    0
1.26453e-10    0
1.35174e-10    0
1.43894e-10    0
1.52615e-10    0
1.61336e-10    0
1.70057e-10    0
1.78778e-10    0
1.87499e-10    0
1.9622e-10    0
2.04941e-10    0
2.13661e-10    0
2.22382e-10    0
2.31103e-10    0
2.39824e-10    0
2.48545e-10    0
2.57266e-10    0
2.65987e-10    0
2.74708e-10    0
2.83429e-10    0
2.92149e-10    0
3.0087e-10    0
3.09591e-10    3.05684e-05
3.18312e-10    0.000866118
3.27033e-10    0.024238
3.35754e-10    0.15722
3.44475e-10    0.536667
3.53196e-10    1.14688
3.61916e-10    1.77942
3.70637e-10    2.24481
3.79358e-10    2.42695
3.88079e-10    2.43338
3.968e-10    2.29447
4.05521e-10    2.10098
4.14242e-10    1.89506
4.22963e-10    1.68082
4.31683e-10    1.49199
4.40404e-10    1.3296
4.49125e-10    1.18659
4.57846e-10    1.08209
4.66567e-10    0.983831
4.75288e-10    0.907112
4.84009e-10    0.845342
4.9273e-10    0.787619
5.0145e-10    0.747483
5.10171e-10    0.706375
5.18892e-10    0.682671
5.27613e-10    0.667919
5.36334e-10    0.653661
5.45055e-10    0.64593
5.53776e-10    0.647917
5.62497e-10    0.6573
5.71217e-10    0.660652
5.79938e-10    0.683222
5.88659e-10    0.704528
5.9738e-10    0.729264
6.06101e-10    0.758171
6.14822e-10    0.787806
6.23543e-10    0.835646
6.32264e-10    0.874751
6.40984e-10    0.91492
6.49705e-10    0.954416
6.58426e-10    0.996156
6.67147e-10    1.03428
6.75868e-10    1.0648
6.84589e-10    1.10249
6.9331e-10    1.13049
7.02031e-10    1.15944
7.10752e-10    1.17685
7.19472e-10    1.18531
7.28193e-10    1.18632
7.36914e-10    1.17786
7.45635e-10    1.16296
7.54356e-10    1.15008
7.63077e-10    1.12088
7.71798e-10    1.09854
7.80519e-10    1.06492
7.89239e-10    1.03728
7.9796e-10    1.01573
8.06681e-10    0.99118
8.15402e-10    0.96486
8.24123e-10    0.94639
8.32844e-10    0.926758
8.41565e-10    0.910918
8.50286e-10    0.896603
8.59006e-10    0.888636
8.67727e-10    0.874979
8.76448e-10    0.863263
8.85169e-10    0.866088

2.18022e-11    0
3.05231e-11    0
3.92439e-11    0
4.79648e-11    0
5.66857e-11    0
6.54066e-11    0
7.41275e-11    0
8.28483e-11    0
9.15692e-11    0
1.0029e-10    0
1.09011e-10    0
1.17732e-10    0
1.26453e-10    0
1.35174e-10    0
1.43894e-10    0
1.52615e-10    0
1.61336e-10    0
1.70057e-10    0
1.78778e-10    0
1.87499e-10    0
1.9622e-10    0
2.04941e-10    0
2.13661e-10    0
2.22382e-10    0
2.31103e-10    0
2.39824e-10    0
2.48545e-10    0
2.57266e-10    0
2.65987e-10    0
2.74708e-10    0
2.83429e-10    0
2.92149e-10    0
3.0087e-10    0
3.09591e-10    1.52842e-05
3.18312e-10    0.000765071
3.27033e-10    0.0223536
3.35754e-10    0.151243
3.44475e-10    0.530383
3.53196e-10    1.13932
3.61916e-10    1.77634
3.70637e-10    2.22668
3.79358e-10    2.43111
3.88079e-10    2.44275
3.968e-10    2.31355
4.05521e-10    2.10228
4.14242e-10    1.89775
4.22963e-10    1.68439
4.31683e-10    1.50145
4.40404e-10    1.32737
4.49125e-10    1.19073
4.57846e-10    1.07551
4.66567e-10    0.982788
4.75288e-10    0.907855
4.84009e-10    0.844037
4.9273e-10    0.784654
5.0145e-10    0.748292
5.10171e-10    0.712191
5.18892e-10    0.685972
5.27613e-10    0.665848
5.36334e-10    0.657573
5.45055e-10    0.650192
5.53776e-10    0.648857
5.62497e-10    0.649093
5.71217e-10    0.6607
5.79938e-10    0.679774
5.88659e-10    0.696575
5.9738e-10    0.727359
6.06101e-10    0.752847
6.14822e-10    0.789342
6.23543e-10    0.825441
6.32264e-10    0.867136
6.40984e-10    0.90535
6.49705e-10    0.953739
6.58426e-10    0.998736
6.67147e-10    1.03284
6.75868e-10    1.07082
6.84589e-10    1.1053
6.9331e-10    1.14205
7.02031e-10    1.15851
7.10752e-10    1.17754
7.19472e-10    1.18126
7.28193e-10    1.18809
7.36914e-10    1.17587
7.45635e-10    1.17179
7.54356e-10    1.15334
7.63077e-10    1.12704
7.71798e-10    1.09877
7.80519e-10    1.0736
7.89239e-10    1.04488
7.9796e-10    1.01465
8.06681e-10    0.991725
8.15402e-10    0.962236
8.24123e-10    0.94382
8.32844e-10    0.923786
8.41565e-10    0.910411
8.50286e-10    0.894728
8.59006e-10    0.884095
8.67727e-10    0.874257
8.76448e-10    0.866275
8.85169e-10    0.866205

