              1      -0.416809    -6.9056e-22              0
              2      -0.415776   -6.89704e-22    8.55675e-25
              3      -0.414727    -6.8884e-22    9.95391e-25
              4      -0.410643   -6.86716e-22    2.23735e-24
              5      -0.411936    -6.8587e-22    1.92847e-24
              6      -0.413431   -6.85719e-22    1.58181e-24
              7      -0.412163   -6.85311e-22    1.39772e-24
              8      -0.415847   -6.85768e-22    1.29381e-24
              9      -0.417695   -6.86464e-22    1.33631e-24
             10      -0.414742   -6.86531e-22    1.19712e-24
             11      -0.412137   -6.86193e-22    1.13419e-24
             12      -0.417058   -6.86592e-22    1.10933e-24
             13      -0.411912   -6.86273e-22    1.06908e-24
             14      -0.416227    -6.8651e-22    1.01785e-24
             15       -0.41804   -6.86916e-22    1.03087e-24
             16        -0.4145   -6.86905e-22    9.64357e-25
             17      -0.413268   -6.86775e-22     9.1514e-25
             18      -0.411428    -6.8649e-22    9.08637e-25
             19       -0.41205   -6.86289e-22    8.82615e-25
             20      -0.413433   -6.86223e-22     8.3993e-25
