1.09876e-11    0    0
3.29629e-11    0    0
5.49381e-11    0    0
7.69133e-11    0    0
9.88886e-11    0    0
1.20864e-10    0    0
1.42839e-10    0    0
1.64814e-10    0    0
1.86789e-10    0    0
2.08765e-10    0    0
2.3074e-10    0    0
2.52715e-10    0    0
2.7469e-10    0    0
2.96666e-10    0.000890924    8.27991e-05
3.18641e-10    0.129781    0.00109986
3.40616e-10    0.940167    0.00235105
3.62591e-10    1.81094    0.00431039
3.84567e-10    2.02538    0.00583741
4.06542e-10    1.87797    0.0047764
4.28517e-10    1.65568    0.00305016
4.50492e-10    1.47403    0.0029408
4.72468e-10    1.32891    0.00226696
4.94443e-10    1.22712    0.00287358
5.16418e-10    1.14912    0.00231824
5.38393e-10    1.09703    0.00180728
5.60368e-10    1.05864    0.00201262
5.82344e-10    1.03058    0.00174403
6.04319e-10    1.0142    0.00143145
6.26294e-10    1.00444    0.00122313
6.48269e-10    0.99807    0.00148169
6.70245e-10    0.993315    0.00168272
6.9222e-10    0.992976    0.00141669
7.14195e-10    0.995498    0.00162777
7.3617e-10    0.993322    0.00120374
7.58146e-10    0.989983    0.00117685
7.80121e-10    0.987356    0.00113346
8.02096e-10    0.983079    0.00154257
8.24071e-10    0.977036    0.00129816
8.46047e-10    0.974363    0.00126397
8.68022e-10    0.972349    0.00115358
8.89997e-10    0.968922    0.000953117
9.11972e-10    0.965838    0.000891853
9.33947e-10    0.963831    0.000865056
9.55923e-10    0.963941    0.000848099
9.77898e-10    0.96108    0.00106862
9.99873e-10    0.960893    0.00122447
1.02185e-09    0.961178    0.000928198
1.04382e-09    0.959156    0.00108444
1.0658e-09    0.958642    0.000929619
1.08777e-09    0.958871    0.00107884
1.10975e-09    0.957546    0.00107113
1.13172e-09    0.957366    0.00099618
1.1537e-09    0.95897    0.000846831
1.17568e-09    0.95763    0.000829456
1.19765e-09    0.957439    0.000640626
1.21963e-09    0.957613    0.000656695
1.2416e-09    0.957501    0.000914146
1.26358e-09    0.958282    0.000806745
1.28555e-09    0.957788    0.00093442
1.30753e-09    0.957748    0.000823169
1.3295e-09    0.957812    0.000759838
1.35148e-09    0.958129    0.000736717
1.37345e-09    0.958597    0.00111933
1.39543e-09    0.959037    0.000555012
1.4174e-09    0.958129    0.000646006
1.43938e-09    0.95827    0.000589084
1.46135e-09    0.959126    0.000567601
1.48333e-09    0.958924    0.000750648
1.5053e-09    0.959759    0.000711221
1.52728e-09    0.960083    0.000692366
1.54925e-09    0.961209    0.000751679
1.57123e-09    0.960068    0.000560924
1.5932e-09    0.960721    0.000583912
1.61518e-09    0.960675    0.000732575
1.63715e-09    0.961678    0.000642306
1.65913e-09    0.961535    0.00049631
1.68111e-09    0.961576    0.000560383
1.70308e-09    0.960499    0.00045527
1.72506e-09    0.962007    0.000411374
1.74703e-09    0.962194    0.000446975
1.76901e-09    0.962532    0.000608874
1.79098e-09    0.962406    0.000447982
1.81296e-09    0.963043    0.000562805
1.83493e-09    0.963124    0.000557624
1.85691e-09    0.962787    0.000611003
1.87888e-09    0.963253    0.000294129
1.90086e-09    0.964033    0.000395508
1.92283e-09    0.964889    0.000423726
1.94481e-09    0.964163    0.000472279
1.96678e-09    0.964113    0.000519044
1.98876e-09    0.964255    0.000499074
2.01073e-09    0.964796    0.000408326
2.03271e-09    0.965008    0.000512883
2.05468e-09    0.964894    0.000375375
2.07666e-09    0.964955    0.000420631
2.09863e-09    0.965544    0.000547562
2.12061e-09    0.965605    0.000459301
2.14259e-09    0.966492    0.00038793
2.16456e-09    0.9662    0.000467367
2.18654e-09    0.966602    0.00037718
