5.49381e-11    0
7.69133e-11    0
9.88886e-11    0
1.20864e-10    0
1.42839e-10    0
1.64814e-10    0
1.86789e-10    0
2.08765e-10    0
2.3074e-10    0
2.52715e-10    0
2.7469e-10    0
2.96666e-10    0
3.18641e-10    0
3.40616e-10    0.000778477
3.62591e-10    0.128388
3.84567e-10    0.937478
4.06542e-10    1.85387
4.28517e-10    2.01924
4.50492e-10    1.88887
4.72468e-10    1.66791
4.94443e-10    1.4857
5.16418e-10    1.34265
5.38393e-10    1.24256
5.60368e-10    1.16321
5.82344e-10    1.09286
6.04319e-10    1.07406
6.26294e-10    1.02588
6.48269e-10    1.01236
6.70245e-10    1.00516
6.9222e-10    1.00856
7.14195e-10    0.993402
7.3617e-10    0.999506
7.58146e-10    1.00625
7.80121e-10    0.988536
8.02096e-10    0.989194
8.24071e-10    0.997404
8.46047e-10    0.987095
8.68022e-10    0.973797
8.89997e-10    0.978427
9.11972e-10    0.978223
9.33947e-10    0.97572
9.55923e-10    0.974421
9.77898e-10    0.968468
9.99873e-10    0.962383
1.02185e-09    0.959502
1.04382e-09    0.96137
1.0658e-09    0.962352
1.08777e-09    0.957681
1.10975e-09    0.963646
1.13172e-09    0.963341
1.1537e-09    0.957449
1.17568e-09    0.966986
1.19765e-09    0.958533
1.21963e-09    0.95599
1.2416e-09    0.958458
1.26358e-09    0.956861
1.28555e-09    0.956636
1.30753e-09    0.959861
1.3295e-09    0.954195
1.35148e-09    0.956731
1.37345e-09    0.95654
1.39543e-09    0.956762
1.4174e-09    0.957835
1.43938e-09    0.957743
1.46135e-09    0.956689
1.48333e-09    0.957117
1.5053e-09    0.95973
1.52728e-09    0.95886
1.54925e-09    0.962246
1.57123e-09    0.955245
1.5932e-09    0.961595
1.61518e-09    0.961871
1.63715e-09    0.956325
1.65913e-09    0.955858
1.68111e-09    0.95941
1.70308e-09    0.958336
1.72506e-09    0.962334
1.74703e-09    0.960464
1.76901e-09    0.959617
1.79098e-09    0.96321
1.81296e-09    0.95986
1.83493e-09    0.964526
1.85691e-09    0.95965
1.87888e-09    0.961297
1.90086e-09    0.960542
1.92283e-09    0.961974
1.94481e-09    0.962938
1.96678e-09    0.965209
1.98876e-09    0.959896
2.01073e-09    0.964068
2.03271e-09    0.965653
2.05468e-09    0.96223
2.07666e-09    0.966818
2.09863e-09    0.968059
2.12061e-09    0.965416
2.14259e-09    0.960557
2.16456e-09    0.964588
2.18654e-09    0.962766
2.20851e-09    0.963299
2.23049e-09    0.963539

5.49381e-11    0
7.69133e-11    0
9.88886e-11    0
1.20864e-10    0
1.42839e-10    0
1.64814e-10    0
1.86789e-10    0
2.08765e-10    0
2.3074e-10    0
2.52715e-10    0
2.7469e-10    0
2.96666e-10    0
3.18641e-10    0
3.40616e-10    0.000778477
3.62591e-10    0.130583
3.84567e-10    0.936209
4.06542e-10    1.82305
4.28517e-10    2.02939
4.50492e-10    1.89375
4.72468e-10    1.66696
4.94443e-10    1.48086
5.16418e-10    1.3267
5.38393e-10    1.23683
5.60368e-10    1.16166
5.82344e-10    1.08989
6.04319e-10    1.06901
6.26294e-10    1.02511
6.48269e-10    1.01115
6.70245e-10    0.998304
6.9222e-10    1.01218
7.14195e-10    0.995217
7.3617e-10    0.993667
7.58146e-10    0.997919
7.80121e-10    0.997111
8.02096e-10    0.984661
8.24071e-10    0.990426
8.46047e-10    0.985258
8.68022e-10    0.979161
8.89997e-10    0.975547
9.11972e-10    0.973842
9.33947e-10    0.968442
9.55923e-10    0.964641
9.77898e-10    0.967892
9.99873e-10    0.964156
1.02185e-09    0.959212
1.04382e-09    0.962615
1.0658e-09    0.964304
1.08777e-09    0.961865
1.10975e-09    0.964262
1.13172e-09    0.953561
1.1537e-09    0.954603
1.17568e-09    0.959072
1.19765e-09    0.960465
1.21963e-09    0.959224
1.2416e-09    0.959929
1.26358e-09    0.95588
1.28555e-09    0.95717
1.30753e-09    0.956969
1.3295e-09    0.96364
1.35148e-09    0.954589
1.37345e-09    0.958489
1.39543e-09    0.959584
1.4174e-09    0.953973
1.43938e-09    0.959755
1.46135e-09    0.957444
1.48333e-09    0.955561
1.5053e-09    0.96106
1.52728e-09    0.955867
1.54925e-09    0.960027
1.57123e-09    0.96347
1.5932e-09    0.963466
1.61518e-09    0.962449
1.63715e-09    0.960184
1.65913e-09    0.959467
1.68111e-09    0.960623
1.70308e-09    0.962548
1.72506e-09    0.960417
1.74703e-09    0.960537
1.76901e-09    0.961004
1.79098e-09    0.961918
1.81296e-09    0.962958
1.83493e-09    0.964438
1.85691e-09    0.962385
1.87888e-09    0.965239
1.90086e-09    0.961047
1.92283e-09    0.962072
1.94481e-09    0.962741
1.96678e-09    0.964661
1.98876e-09    0.966158
2.01073e-09    0.963277
2.03271e-09    0.964671
2.05468e-09    0.966446
2.07666e-09    0.967506
2.09863e-09    0.967154
2.12061e-09    0.963625
2.14259e-09    0.965871
2.16456e-09    0.963505
2.18654e-09    0.967922
2.20851e-09    0.965195
2.23049e-09    0.964519

5.49381e-11    0
7.69133e-11    0
9.88886e-11    0
1.20864e-10    0
1.42839e-10    0
1.64814e-10    0
1.86789e-10    0
2.08765e-10    0
2.3074e-10    0
2.52715e-10    0
2.7469e-10    0
2.96666e-10    0
3.18641e-10    0
3.40616e-10    0.00112447
3.62591e-10    0.125208
3.84567e-10    0.958722
4.06542e-10    1.82834
4.28517e-10    2.02822
4.50492e-10    1.87801
4.72468e-10    1.66566
4.94443e-10    1.46043
5.16418e-10    1.32882
5.38393e-10    1.22036
5.60368e-10    1.14212
5.82344e-10    1.09286
6.04319e-10    1.06489
6.26294e-10    1.02449
6.48269e-10    1.01411
6.70245e-10    1.00953
6.9222e-10    0.996518
7.14195e-10    0.99782
7.3617e-10    1.00011
7.58146e-10    1.00003
7.80121e-10    1.00488
8.02096e-10    0.99146
8.24071e-10    0.991764
8.46047e-10    0.98302
8.68022e-10    0.984942
8.89997e-10    0.975838
9.11972e-10    0.977691
9.33947e-10    0.973681
9.55923e-10    0.966544
9.77898e-10    0.962181
9.99873e-10    0.968299
1.02185e-09    0.960267
1.04382e-09    0.971584
1.0658e-09    0.96207
1.08777e-09    0.961246
1.10975e-09    0.965012
1.13172e-09    0.96195
1.1537e-09    0.953443
1.17568e-09    0.960465
1.19765e-09    0.965321
1.21963e-09    0.959641
1.2416e-09    0.955966
1.26358e-09    0.958804
1.28555e-09    0.960444
1.30753e-09    0.964246
1.3295e-09    0.957931
1.35148e-09    0.955344
1.37345e-09    0.960138
1.39543e-09    0.961559
1.4174e-09    0.962459
1.43938e-09    0.96286
1.46135e-09    0.958483
1.48333e-09    0.95863
1.5053e-09    0.963196
1.52728e-09    0.959368
1.54925e-09    0.962811
1.57123e-09    0.961976
1.5932e-09    0.964338
1.61518e-09    0.962609
1.63715e-09    0.961868
1.65913e-09    0.960978
1.68111e-09    0.964747
1.70308e-09    0.959082
1.72506e-09    0.961892
1.74703e-09    0.960419
1.76901e-09    0.963109
1.79098e-09    0.960756
1.81296e-09    0.965673
1.83493e-09    0.962457
1.85691e-09    0.965681
1.87888e-09    0.965886
1.90086e-09    0.969069
1.92283e-09    0.963477
1.94481e-09    0.966009
1.96678e-09    0.96274
1.98876e-09    0.964182
2.01073e-09    0.964867
2.03271e-09    0.967281
2.05468e-09    0.964513
2.07666e-09    0.962726
2.09863e-09    0.962901
2.12061e-09    0.964626
2.14259e-09    0.966322
2.16456e-09    0.96662
2.18654e-09    0.966325
2.20851e-09    0.965629
2.23049e-09    0.967803

5.49381e-11    0
7.69133e-11    0
9.88886e-11    0
1.20864e-10    0
1.42839e-10    0
1.64814e-10    0
1.86789e-10    0
2.08765e-10    0
2.3074e-10    0
2.52715e-10    0
2.7469e-10    0
2.96666e-10    0
3.18641e-10    0
3.40616e-10    0.000778477
3.62591e-10    0.129069
3.84567e-10    0.926322
4.06542e-10    1.76509
4.28517e-10    2.02334
4.50492e-10    1.84892
4.72468e-10    1.63857
4.94443e-10    1.4892
5.16418e-10    1.3074
5.38393e-10    1.20194
5.60368e-10    1.14412
5.82344e-10    1.09051
6.04319e-10    1.06453
6.26294e-10    1.03399
6.48269e-10    1.00772
6.70245e-10    0.998074
6.9222e-10    0.994289
7.14195e-10    0.976369
7.3617e-10    0.981146
7.58146e-10    0.996427
7.80121e-10    0.987619
8.02096e-10    0.98801
8.24071e-10    0.985961
8.46047e-10    0.974301
8.68022e-10    0.972779
8.89997e-10    0.967653
9.11972e-10    0.964315
9.33947e-10    0.968061
9.55923e-10    0.964691
9.77898e-10    0.964046
9.99873e-10    0.961087
1.02185e-09    0.953615
1.04382e-09    0.952157
1.0658e-09    0.954773
1.08777e-09    0.94905
1.10975e-09    0.953578
1.13172e-09    0.95446
1.1537e-09    0.95203
1.17568e-09    0.955745
1.19765e-09    0.95777
1.21963e-09    0.954532
1.2416e-09    0.955186
1.26358e-09    0.95062
1.28555e-09    0.954105
1.30753e-09    0.953864
1.3295e-09    0.952021
1.35148e-09    0.952655
1.37345e-09    0.95061
1.39543e-09    0.950698
1.4174e-09    0.954261
1.43938e-09    0.95791
1.46135e-09    0.954582
1.48333e-09    0.959519
1.5053e-09    0.956627
1.52728e-09    0.953905
1.54925e-09    0.954837
1.57123e-09    0.958894
1.5932e-09    0.96205
1.61518e-09    0.956603
1.63715e-09    0.959433
1.65913e-09    0.954009
1.68111e-09    0.958335
1.70308e-09    0.959915
1.72506e-09    0.96215
1.74703e-09    0.961739
1.76901e-09    0.959942
1.79098e-09    0.962909
1.81296e-09    0.959428
1.83493e-09    0.959993
1.85691e-09    0.960697
1.87888e-09    0.960666
1.90086e-09    0.961886
1.92283e-09    0.96267
1.94481e-09    0.962076
1.96678e-09    0.964573
1.98876e-09    0.963689
2.01073e-09    0.963732
2.03271e-09    0.960603
2.05468e-09    0.965976
2.07666e-09    0.967575
2.09863e-09    0.96394
2.12061e-09    0.967008
2.14259e-09    0.967961
2.16456e-09    0.969592
2.18654e-09    0.966162
2.20851e-09    0.968464
2.23049e-09    0.970465

5.49381e-11    0
7.69133e-11    0
9.88886e-11    0
1.20864e-10    0
1.42839e-10    0
1.64814e-10    0
1.86789e-10    0
2.08765e-10    0
2.3074e-10    0
2.52715e-10    0
2.7469e-10    0
2.96666e-10    0
3.18641e-10    0
3.40616e-10    0.00198944
3.62591e-10    0.117562
3.84567e-10    0.926856
4.06542e-10    1.80428
4.28517e-10    2.01356
4.50492e-10    1.84715
4.72468e-10    1.66194
4.94443e-10    1.48263
5.16418e-10    1.30852
5.38393e-10    1.20955
5.60368e-10    1.13839
5.82344e-10    1.08251
6.04319e-10    1.05365
6.26294e-10    1.02833
6.48269e-10    1.01762
6.70245e-10    1.00437
6.9222e-10    0.994699
7.14195e-10    0.99694
7.3617e-10    0.983334
7.58146e-10    0.982519
7.80121e-10    0.986504
8.02096e-10    0.981341
8.24071e-10    0.984186
8.46047e-10    0.987289
8.68022e-10    0.967931
8.89997e-10    0.968493
9.11972e-10    0.966056
9.33947e-10    0.964164
9.55923e-10    0.959897
9.77898e-10    0.963834
9.99873e-10    0.96445
1.02185e-09    0.959827
1.04382e-09    0.9602
1.0658e-09    0.954047
1.08777e-09    0.95533
1.10975e-09    0.953132
1.13172e-09    0.956906
1.1537e-09    0.952867
1.17568e-09    0.955362
1.19765e-09    0.955539
1.21963e-09    0.956511
1.2416e-09    0.954602
1.26358e-09    0.956194
1.28555e-09    0.955228
1.30753e-09    0.953131
1.3295e-09    0.962278
1.35148e-09    0.958789
1.37345e-09    0.956045
1.39543e-09    0.956752
1.4174e-09    0.949722
1.43938e-09    0.953983
1.46135e-09    0.953942
1.48333e-09    0.954706
1.5053e-09    0.959287
1.52728e-09    0.956755
1.54925e-09    0.956879
1.57123e-09    0.952836
1.5932e-09    0.959353
1.61518e-09    0.957704
1.63715e-09    0.962303
1.65913e-09    0.960896
1.68111e-09    0.965928
1.70308e-09    0.965079
1.72506e-09    0.957927
1.74703e-09    0.959489
1.76901e-09    0.961733
1.79098e-09    0.961789
1.81296e-09    0.962263
1.83493e-09    0.961161
1.85691e-09    0.960099
1.87888e-09    0.964923
1.90086e-09    0.965935
1.92283e-09    0.962342
1.94481e-09    0.965719
1.96678e-09    0.964396
1.98876e-09    0.963089
2.01073e-09    0.969041
2.03271e-09    0.963294
2.05468e-09    0.968672
2.07666e-09    0.964143
2.09863e-09    0.965855
2.12061e-09    0.964928
2.14259e-09    0.965459
2.16456e-09    0.965036
2.18654e-09    0.965785
2.20851e-09    0.967505
2.23049e-09    0.965609

5.49381e-11    0
7.69133e-11    0
9.88886e-11    0
1.20864e-10    0
1.42839e-10    0
1.64814e-10    0
1.86789e-10    0
2.08765e-10    0
2.3074e-10    0
2.52715e-10    0
2.7469e-10    0
2.96666e-10    0
3.18641e-10    0
3.40616e-10    0.00121096
3.62591e-10    0.13293
3.84567e-10    0.945361
4.06542e-10    1.8148
4.28517e-10    1.99549
4.50492e-10    1.89647
4.72468e-10    1.67739
4.94443e-10    1.45256
5.16418e-10    1.32907
5.38393e-10    1.21074
5.60368e-10    1.14078
5.82344e-10    1.10366
6.04319e-10    1.05582
6.26294e-10    1.03861
6.48269e-10    1.00784
6.70245e-10    0.999558
6.9222e-10    1.00025
7.14195e-10    0.992247
7.3617e-10    0.989189
7.58146e-10    0.995601
7.80121e-10    0.992969
8.02096e-10    0.986177
8.24071e-10    0.988105
8.46047e-10    0.990989
8.68022e-10    0.976596
8.89997e-10    0.968003
9.11972e-10    0.976182
9.33947e-10    0.967755
9.55923e-10    0.965789
9.77898e-10    0.962979
9.99873e-10    0.957927
1.02185e-09    0.959687
1.04382e-09    0.956986
1.0658e-09    0.964465
1.08777e-09    0.952808
1.10975e-09    0.955337
1.13172e-09    0.95441
1.1537e-09    0.95618
1.17568e-09    0.956564
1.19765e-09    0.955564
1.21963e-09    0.960272
1.2416e-09    0.958748
1.26358e-09    0.963534
1.28555e-09    0.960318
1.30753e-09    0.957936
1.3295e-09    0.957124
1.35148e-09    0.962556
1.37345e-09    0.956685
1.39543e-09    0.958695
1.4174e-09    0.966046
1.43938e-09    0.95857
1.46135e-09    0.958441
1.48333e-09    0.963403
1.5053e-09    0.959518
1.52728e-09    0.96606
1.54925e-09    0.958999
1.57123e-09    0.95978
1.5932e-09    0.957178
1.61518e-09    0.958774
1.63715e-09    0.960248
1.65913e-09    0.956625
1.68111e-09    0.965449
1.70308e-09    0.959623
1.72506e-09    0.962952
1.74703e-09    0.957432
1.76901e-09    0.965314
1.79098e-09    0.965559
1.81296e-09    0.964739
1.83493e-09    0.961859
1.85691e-09    0.961365
1.87888e-09    0.958892
1.90086e-09    0.960084
1.92283e-09    0.963985
1.94481e-09    0.963048
1.96678e-09    0.96842
1.98876e-09    0.964184
2.01073e-09    0.963168
2.03271e-09    0.961583
2.05468e-09    0.963975
2.07666e-09    0.959842
2.09863e-09    0.963536
2.12061e-09    0.968099
2.14259e-09    0.965296
2.16456e-09    0.963855
2.18654e-09    0.964615
2.20851e-09    0.962191
2.23049e-09    0.968347

5.49381e-11    0
7.69133e-11    0
9.88886e-11    0
1.20864e-10    0
1.42839e-10    0
1.64814e-10    0
1.86789e-10    0
2.08765e-10    0
2.3074e-10    0
2.52715e-10    0
2.7469e-10    0
2.96666e-10    0
3.18641e-10    0
3.40616e-10    0.000778477
3.62591e-10    0.133535
3.84567e-10    0.928793
4.06542e-10    1.78581
4.28517e-10    1.9966
4.50492e-10    1.85792
4.72468e-10    1.65609
4.94443e-10    1.48109
5.16418e-10    1.31419
5.38393e-10    1.22935
5.60368e-10    1.15306
5.82344e-10    1.09965
6.04319e-10    1.05285
6.26294e-10    1.04308
6.48269e-10    1.02109
6.70245e-10    1.00961
6.9222e-10    0.999158
7.14195e-10    0.989221
7.3617e-10    0.987484
7.58146e-10    1.00161
7.80121e-10    0.994023
8.02096e-10    0.987072
8.24071e-10    0.981018
8.46047e-10    0.998958
8.68022e-10    0.972337
8.89997e-10    0.972667
9.11972e-10    0.97656
9.33947e-10    0.972097
9.55923e-10    0.968307
9.77898e-10    0.966161
9.99873e-10    0.965286
1.02185e-09    0.970698
1.04382e-09    0.963684
1.0658e-09    0.958539
1.08777e-09    0.967573
1.10975e-09    0.955352
1.13172e-09    0.967143
1.1537e-09    0.956983
1.17568e-09    0.952029
1.19765e-09    0.95716
1.21963e-09    0.967119
1.2416e-09    0.955198
1.26358e-09    0.955498
1.28555e-09    0.960153
1.30753e-09    0.955693
1.3295e-09    0.95977
1.35148e-09    0.960523
1.37345e-09    0.955444
1.39543e-09    0.95841
1.4174e-09    0.962685
1.43938e-09    0.957665
1.46135e-09    0.96009
1.48333e-09    0.960823
1.5053e-09    0.960493
1.52728e-09    0.962168
1.54925e-09    0.962513
1.57123e-09    0.962961
1.5932e-09    0.968961
1.61518e-09    0.958646
1.63715e-09    0.960046
1.65913e-09    0.964419
1.68111e-09    0.961143
1.70308e-09    0.959312
1.72506e-09    0.963661
1.74703e-09    0.960307
1.76901e-09    0.961278
1.79098e-09    0.962084
1.81296e-09    0.962588
1.83493e-09    0.963339
1.85691e-09    0.968415
1.87888e-09    0.960406
1.90086e-09    0.959771
1.92283e-09    0.962881
1.94481e-09    0.963352
1.96678e-09    0.967161
1.98876e-09    0.96192
2.01073e-09    0.965567
2.03271e-09    0.964476
2.05468e-09    0.966438
2.07666e-09    0.967843
2.09863e-09    0.96209
2.12061e-09    0.965656
2.14259e-09    0.959379
2.16456e-09    0.963348
2.18654e-09    0.967731
2.20851e-09    0.967432
2.23049e-09    0.966207

5.49381e-11    0
7.69133e-11    0
9.88886e-11    0
1.20864e-10    0
1.42839e-10    0
1.64814e-10    0
1.86789e-10    0
2.08765e-10    0
2.3074e-10    0
2.52715e-10    0
2.7469e-10    0
2.96666e-10    0
3.18641e-10    0
3.40616e-10    0.000172995
3.62591e-10    0.131794
3.84567e-10    0.916835
4.06542e-10    1.83006
4.28517e-10    2.06548
4.50492e-10    1.88093
4.72468e-10    1.65852
4.94443e-10    1.47421
5.16418e-10    1.33482
5.38393e-10    1.22306
5.60368e-10    1.13784
5.82344e-10    1.1168
6.04319e-10    1.061
6.26294e-10    1.03264
6.48269e-10    1.01505
6.70245e-10    0.999914
6.9222e-10    0.989126
7.14195e-10    0.991715
7.3617e-10    0.991859
7.58146e-10    0.992148
7.80121e-10    0.992327
8.02096e-10    0.987707
8.24071e-10    0.987736
8.46047e-10    0.976461
8.68022e-10    0.973847
8.89997e-10    0.97107
9.11972e-10    0.960455
9.33947e-10    0.966202
9.55923e-10    0.962133
9.77898e-10    0.959489
9.99873e-10    0.965295
1.02185e-09    0.95713
1.04382e-09    0.953907
1.0658e-09    0.953547
1.08777e-09    0.954564
1.10975e-09    0.952523
1.13172e-09    0.955123
1.1537e-09    0.949184
1.17568e-09    0.947917
1.19765e-09    0.953028
1.21963e-09    0.956278
1.2416e-09    0.954779
1.26358e-09    0.954849
1.28555e-09    0.950617
1.30753e-09    0.950005
1.3295e-09    0.955649
1.35148e-09    0.951964
1.37345e-09    0.950239
1.39543e-09    0.95387
1.4174e-09    0.954198
1.43938e-09    0.958277
1.46135e-09    0.956223
1.48333e-09    0.953414
1.5053e-09    0.956088
1.52728e-09    0.953262
1.54925e-09    0.954265
1.57123e-09    0.955088
1.5932e-09    0.956819
1.61518e-09    0.953263
1.63715e-09    0.958743
1.65913e-09    0.958631
1.68111e-09    0.955957
1.70308e-09    0.960083
1.72506e-09    0.956591
1.74703e-09    0.95651
1.76901e-09    0.962092
1.79098e-09    0.958316
1.81296e-09    0.959444
1.83493e-09    0.960795
1.85691e-09    0.962609
1.87888e-09    0.963718
1.90086e-09    0.960716
1.92283e-09    0.962135
1.94481e-09    0.960904
1.96678e-09    0.966882
1.98876e-09    0.963326
2.01073e-09    0.961333
2.03271e-09    0.964006
2.05468e-09    0.962797
2.07666e-09    0.967762
2.09863e-09    0.965555
2.12061e-09    0.965015
2.14259e-09    0.96565
2.16456e-09    0.968021
2.18654e-09    0.966212
2.20851e-09    0.966739
2.23049e-09    0.967239

5.49381e-11    0
7.69133e-11    0
9.88886e-11    0
1.20864e-10    0
1.42839e-10    0
1.64814e-10    0
1.86789e-10    0
2.08765e-10    0
2.3074e-10    0
2.52715e-10    0
2.7469e-10    0
2.96666e-10    0
3.18641e-10    0
3.40616e-10    0.000864974
3.62591e-10    0.13134
3.84567e-10    0.946096
4.06542e-10    1.82269
4.28517e-10    2.04879
4.50492e-10    1.89781
4.72468e-10    1.67207
4.94443e-10    1.48755
5.16418e-10    1.34096
5.38393e-10    1.23976
5.60368e-10    1.1656
5.82344e-10    1.10349
6.04319e-10    1.06077
6.26294e-10    1.03562
6.48269e-10    1.01207
6.70245e-10    1.008
6.9222e-10    0.998337
7.14195e-10    1.00719
7.3617e-10    0.997732
7.58146e-10    1.01081
7.80121e-10    1.00364
8.02096e-10    0.9953
8.24071e-10    0.997991
8.46047e-10    0.985789
8.68022e-10    0.978989
8.89997e-10    0.980036
9.11972e-10    0.973509
9.33947e-10    0.96129
9.55923e-10    0.971057
9.77898e-10    0.961594
9.99873e-10    0.970991
1.02185e-09    0.972851
1.04382e-09    0.967647
1.0658e-09    0.96694
1.08777e-09    0.963652
1.10975e-09    0.961485
1.13172e-09    0.960987
1.1537e-09    0.966675
1.17568e-09    0.956023
1.19765e-09    0.96419
1.21963e-09    0.957687
1.2416e-09    0.958039
1.26358e-09    0.959625
1.28555e-09    0.962403
1.30753e-09    0.962747
1.3295e-09    0.964102
1.35148e-09    0.955295
1.37345e-09    0.957291
1.39543e-09    0.961163
1.4174e-09    0.962252
1.43938e-09    0.961382
1.46135e-09    0.960345
1.48333e-09    0.95991
1.5053e-09    0.960113
1.52728e-09    0.961691
1.54925e-09    0.954607
1.57123e-09    0.963693
1.5932e-09    0.967541
1.61518e-09    0.960532
1.63715e-09    0.961548
1.65913e-09    0.961591
1.68111e-09    0.961182
1.70308e-09    0.96488
1.72506e-09    0.959926
1.74703e-09    0.960514
1.76901e-09    0.960895
1.79098e-09    0.963805
1.81296e-09    0.962794
1.83493e-09    0.960014
1.85691e-09    0.961378
1.87888e-09    0.967797
1.90086e-09    0.962817
1.92283e-09    0.964596
1.94481e-09    0.966006
1.96678e-09    0.96347
1.98876e-09    0.965115
2.01073e-09    0.961866
2.03271e-09    0.961898
2.05468e-09    0.965566
2.07666e-09    0.965604
2.09863e-09    0.964478
2.12061e-09    0.964638
2.14259e-09    0.964933
2.16456e-09    0.963401
2.18654e-09    0.96808
2.20851e-09    0.963574
2.23049e-09    0.966165

5.49381e-11    0
7.69133e-11    0
9.88886e-11    0
1.20864e-10    0
1.42839e-10    0
1.64814e-10    0
1.86789e-10    0
2.08765e-10    0
2.3074e-10    0
2.52715e-10    0
2.7469e-10    0
2.96666e-10    0
3.18641e-10    0
3.40616e-10    0.000778477
3.62591e-10    0.12536
3.84567e-10    0.93367
4.06542e-10    1.81361
4.28517e-10    2.07366
4.50492e-10    1.87322
4.72468e-10    1.64649
4.94443e-10    1.49109
5.16418e-10    1.31811
5.38393e-10    1.22866
5.60368e-10    1.12896
5.82344e-10    1.08816
6.04319e-10    1.03982
6.26294e-10    1.02367
6.48269e-10    1.00479
6.70245e-10    1.00104
6.9222e-10    0.993722
7.14195e-10    0.990358
7.3617e-10    0.989827
7.58146e-10    0.991159
7.80121e-10    0.995338
8.02096e-10    0.986682
8.24071e-10    0.987804
8.46047e-10    0.977625
8.68022e-10    0.970741
8.89997e-10    0.967537
9.11972e-10    0.971635
9.33947e-10    0.96579
9.55923e-10    0.9645
9.77898e-10    0.96194
9.99873e-10    0.963926
1.02185e-09    0.959107
1.04382e-09    0.959687
1.0658e-09    0.95816
1.08777e-09    0.95997
1.10975e-09    0.96049
1.13172e-09    0.959931
1.1537e-09    0.962127
1.17568e-09    0.953415
1.19765e-09    0.957586
1.21963e-09    0.959059
1.2416e-09    0.962687
1.26358e-09    0.957533
1.28555e-09    0.953621
1.30753e-09    0.960254
1.3295e-09    0.956595
1.35148e-09    0.959127
1.37345e-09    0.961456
1.39543e-09    0.956217
1.4174e-09    0.957988
1.43938e-09    0.959624
1.46135e-09    0.959196
1.48333e-09    0.960441
1.5053e-09    0.961255
1.52728e-09    0.961284
1.54925e-09    0.962046
1.57123e-09    0.959689
1.5932e-09    0.962968
1.61518e-09    0.961449
1.63715e-09    0.962195
1.65913e-09    0.966714
1.68111e-09    0.959669
1.70308e-09    0.962893
1.72506e-09    0.965148
1.74703e-09    0.964759
1.76901e-09    0.963506
1.79098e-09    0.965116
1.81296e-09    0.963503
1.83493e-09    0.964171
1.85691e-09    0.967964
1.87888e-09    0.964796
1.90086e-09    0.966951
1.92283e-09    0.964914
1.94481e-09    0.965011
1.96678e-09    0.965233
1.98876e-09    0.968865
2.01073e-09    0.962619
2.03271e-09    0.96657
2.05468e-09    0.964084
2.07666e-09    0.964732
2.09863e-09    0.964076
2.12061e-09    0.964598
2.14259e-09    0.968854
2.16456e-09    0.967089
2.18654e-09    0.969914
2.20851e-09    0.96949
2.23049e-09    0.965762

5.49381e-11    0
7.69133e-11    0
9.88886e-11    0
1.20864e-10    0
1.42839e-10    0
1.64814e-10    0
1.86789e-10    0
2.08765e-10    0
2.3074e-10    0
2.52715e-10    0
2.7469e-10    0
2.96666e-10    0
3.18641e-10    0
3.40616e-10    0.000518985
3.62591e-10    0.139364
3.84567e-10    0.932401
4.06542e-10    1.79264
4.28517e-10    2.02121
4.50492e-10    1.84658
4.72468e-10    1.63406
4.94443e-10    1.47145
5.16418e-10    1.33938
5.38393e-10    1.23291
5.60368e-10    1.15094
5.82344e-10    1.09521
6.04319e-10    1.05759
6.26294e-10    1.03014
6.48269e-10    1.00967
6.70245e-10    1.01289
6.9222e-10    1.00297
7.14195e-10    0.990413
7.3617e-10    0.996544
7.58146e-10    0.98863
7.80121e-10    0.988399
8.02096e-10    0.98967
8.24071e-10    0.982656
8.46047e-10    0.979424
8.68022e-10    0.973331
8.89997e-10    0.976328
9.11972e-10    0.97301
9.33947e-10    0.96673
9.55923e-10    0.963452
9.77898e-10    0.95547
9.99873e-10    0.960665
1.02185e-09    0.962437
1.04382e-09    0.965913
1.0658e-09    0.963038
1.08777e-09    0.96079
1.10975e-09    0.959503
1.13172e-09    0.961579
1.1537e-09    0.953533
1.17568e-09    0.95327
1.19765e-09    0.961202
1.21963e-09    0.961503
1.2416e-09    0.959433
1.26358e-09    0.961084
1.28555e-09    0.960268
1.30753e-09    0.958085
1.3295e-09    0.951045
1.35148e-09    0.958098
1.37345e-09    0.960999
1.39543e-09    0.961834
1.4174e-09    0.961959
1.43938e-09    0.963043
1.46135e-09    0.956236
1.48333e-09    0.955356
1.5053e-09    0.959674
1.52728e-09    0.960314
1.54925e-09    0.960461
1.57123e-09    0.962661
1.5932e-09    0.958388
1.61518e-09    0.962557
1.63715e-09    0.959814
1.65913e-09    0.963662
1.68111e-09    0.960361
1.70308e-09    0.960723
1.72506e-09    0.965173
1.74703e-09    0.958394
1.76901e-09    0.964076
1.79098e-09    0.960686
1.81296e-09    0.964889
1.83493e-09    0.965833
1.85691e-09    0.960598
1.87888e-09    0.963323
1.90086e-09    0.96045
1.92283e-09    0.962643
1.94481e-09    0.966883
1.96678e-09    0.966178
1.98876e-09    0.963977
2.01073e-09    0.962111
2.03271e-09    0.961803
2.05468e-09    0.962119
2.07666e-09    0.962372
2.09863e-09    0.967509
2.12061e-09    0.965243
2.14259e-09    0.965136
2.16456e-09    0.967208
2.18654e-09    0.967741
2.20851e-09    0.964503
2.23049e-09    0.96437

5.49381e-11    0
7.69133e-11    0
9.88886e-11    0
1.20864e-10    0
1.42839e-10    0
1.64814e-10    0
1.86789e-10    0
2.08765e-10    0
2.3074e-10    0
2.52715e-10    0
2.7469e-10    0
2.96666e-10    0
3.18641e-10    0
3.40616e-10    0.000605482
3.62591e-10    0.133005
3.84567e-10    0.939683
4.06542e-10    1.8202
4.28517e-10    2.0532
4.50492e-10    1.92603
4.72468e-10    1.65229
4.94443e-10    1.46512
5.16418e-10    1.32713
5.38393e-10    1.24476
5.60368e-10    1.15809
5.82344e-10    1.09392
6.04319e-10    1.06549
6.26294e-10    1.04861
6.48269e-10    1.01711
6.70245e-10    1.00786
6.9222e-10    0.99689
7.14195e-10    0.997948
7.3617e-10    0.99756
7.58146e-10    0.996265
7.80121e-10    0.995353
8.02096e-10    1.00181
8.24071e-10    0.984568
8.46047e-10    0.978803
8.68022e-10    0.986132
8.89997e-10    0.975197
9.11972e-10    0.972722
9.33947e-10    0.970005
9.55923e-10    0.966363
9.77898e-10    0.966671
9.99873e-10    0.965929
1.02185e-09    0.959942
1.04382e-09    0.962708
1.0658e-09    0.966311
1.08777e-09    0.957797
1.10975e-09    0.958196
1.13172e-09    0.953019
1.1537e-09    0.959102
1.17568e-09    0.960458
1.19765e-09    0.958501
1.21963e-09    0.954539
1.2416e-09    0.950137
1.26358e-09    0.959488
1.28555e-09    0.954667
1.30753e-09    0.95985
1.3295e-09    0.956261
1.35148e-09    0.957934
1.37345e-09    0.956074
1.39543e-09    0.955774
1.4174e-09    0.955935
1.43938e-09    0.959895
1.46135e-09    0.955697
1.48333e-09    0.958059
1.5053e-09    0.953405
1.52728e-09    0.957469
1.54925e-09    0.95976
1.57123e-09    0.956845
1.5932e-09    0.961691
1.61518e-09    0.959982
1.63715e-09    0.956372
1.65913e-09    0.962145
1.68111e-09    0.961514
1.70308e-09    0.962126
1.72506e-09    0.957173
1.74703e-09    0.96119
1.76901e-09    0.963653
1.79098e-09    0.960717
1.81296e-09    0.958316
1.83493e-09    0.96007
1.85691e-09    0.964718
1.87888e-09    0.963402
1.90086e-09    0.961162
1.92283e-09    0.960885
1.94481e-09    0.962387
1.96678e-09    0.963137
1.98876e-09    0.961191
2.01073e-09    0.96116
2.03271e-09    0.960997
2.05468e-09    0.965498
2.07666e-09    0.96771
2.09863e-09    0.963681
2.12061e-09    0.964423
2.14259e-09    0.963413
2.16456e-09    0.96471
2.18654e-09    0.966996
2.20851e-09    0.968365
2.23049e-09    0.969215

5.49381e-11    0
7.69133e-11    0
9.88886e-11    0
1.20864e-10    0
1.42839e-10    0
1.64814e-10    0
1.86789e-10    0
2.08765e-10    0
2.3074e-10    0
2.52715e-10    0
2.7469e-10    0
2.96666e-10    0
3.18641e-10    0
3.40616e-10    0.00069198
3.62591e-10    0.12869
3.84567e-10    0.94977
4.06542e-10    1.79555
4.28517e-10    2.00351
4.50492e-10    1.86007
4.72468e-10    1.65423
4.94443e-10    1.46181
5.16418e-10    1.3281
5.38393e-10    1.22434
5.60368e-10    1.13566
5.82344e-10    1.10005
6.04319e-10    1.04994
6.26294e-10    1.0147
6.48269e-10    1.01709
6.70245e-10    1.00491
6.9222e-10    0.994269
7.14195e-10    1.00295
7.3617e-10    0.990309
7.58146e-10    0.991532
7.80121e-10    0.985449
8.02096e-10    0.99211
8.24071e-10    0.987449
8.46047e-10    0.983279
8.68022e-10    0.967955
8.89997e-10    0.971349
9.11972e-10    0.975373
9.33947e-10    0.965991
9.55923e-10    0.960229
9.77898e-10    0.962633
9.99873e-10    0.962916
1.02185e-09    0.961348
1.04382e-09    0.963499
1.0658e-09    0.962062
1.08777e-09    0.954835
1.10975e-09    0.957505
1.13172e-09    0.956172
1.1537e-09    0.965255
1.17568e-09    0.957554
1.19765e-09    0.962245
1.21963e-09    0.954281
1.2416e-09    0.957324
1.26358e-09    0.955966
1.28555e-09    0.956642
1.30753e-09    0.957872
1.3295e-09    0.960048
1.35148e-09    0.959952
1.37345e-09    0.961644
1.39543e-09    0.958611
1.4174e-09    0.959482
1.43938e-09    0.955106
1.46135e-09    0.962083
1.48333e-09    0.95761
1.5053e-09    0.964206
1.52728e-09    0.956623
1.54925e-09    0.959097
1.57123e-09    0.95829
1.5932e-09    0.96152
1.61518e-09    0.960926
1.63715e-09    0.965276
1.65913e-09    0.963315
1.68111e-09    0.958957
1.70308e-09    0.959486
1.72506e-09    0.963922
1.74703e-09    0.96132
1.76901e-09    0.958287
1.79098e-09    0.96004
1.81296e-09    0.962254
1.83493e-09    0.966103
1.85691e-09    0.961159
1.87888e-09    0.962722
1.90086e-09    0.96538
1.92283e-09    0.962748
1.94481e-09    0.963359
1.96678e-09    0.96608
1.98876e-09    0.965224
2.01073e-09    0.962531
2.03271e-09    0.962446
2.05468e-09    0.965096
2.07666e-09    0.96349
2.09863e-09    0.967978
2.12061e-09    0.964241
2.14259e-09    0.96709
2.16456e-09    0.962437
2.18654e-09    0.966443
2.20851e-09    0.967053
2.23049e-09    0.966176

5.49381e-11    0
7.69133e-11    0
9.88886e-11    0
1.20864e-10    0
1.42839e-10    0
1.64814e-10    0
1.86789e-10    0
2.08765e-10    0
2.3074e-10    0
2.52715e-10    0
2.7469e-10    0
2.96666e-10    0
3.18641e-10    0
3.40616e-10    0.00138396
3.62591e-10    0.130961
3.84567e-10    0.939215
4.06542e-10    1.81082
4.28517e-10    2.05039
4.50492e-10    1.88719
4.72468e-10    1.65618
4.94443e-10    1.47503
5.16418e-10    1.34096
5.38393e-10    1.23953
5.60368e-10    1.16382
5.82344e-10    1.10645
6.04319e-10    1.06619
6.26294e-10    1.0325
6.48269e-10    1.02472
6.70245e-10    1.0001
6.9222e-10    1.00518
7.14195e-10    0.984968
7.3617e-10    0.987967
7.58146e-10    1.00593
7.80121e-10    1.00044
8.02096e-10    0.991936
8.24071e-10    0.994018
8.46047e-10    0.988648
8.68022e-10    0.988734
8.89997e-10    0.985131
9.11972e-10    0.972922
9.33947e-10    0.973396
9.55923e-10    0.971409
9.77898e-10    0.966459
9.99873e-10    0.963687
1.02185e-09    0.960346
1.04382e-09    0.965459
1.0658e-09    0.964618
1.08777e-09    0.962925
1.10975e-09    0.962621
1.13172e-09    0.967421
1.1537e-09    0.961565
1.17568e-09    0.963633
1.19765e-09    0.959187
1.21963e-09    0.95449
1.2416e-09    0.961039
1.26358e-09    0.959693
1.28555e-09    0.958458
1.30753e-09    0.960488
1.3295e-09    0.965613
1.35148e-09    0.962527
1.37345e-09    0.961663
1.39543e-09    0.961084
1.4174e-09    0.96435
1.43938e-09    0.958281
1.46135e-09    0.963177
1.48333e-09    0.95645
1.5053e-09    0.958919
1.52728e-09    0.957046
1.54925e-09    0.962751
1.57123e-09    0.962624
1.5932e-09    0.963523
1.61518e-09    0.958981
1.63715e-09    0.959592
1.65913e-09    0.961233
1.68111e-09    0.958507
1.70308e-09    0.965887
1.72506e-09    0.965324
1.74703e-09    0.964774
1.76901e-09    0.962305
1.79098e-09    0.963401
1.81296e-09    0.964054
1.83493e-09    0.95863
1.85691e-09    0.96542
1.87888e-09    0.96475
1.90086e-09    0.964848
1.92283e-09    0.962884
1.94481e-09    0.964666
1.96678e-09    0.965709
1.98876e-09    0.96279
2.01073e-09    0.965121
2.03271e-09    0.965788
2.05468e-09    0.963267
2.07666e-09    0.966528
2.09863e-09    0.965419
2.12061e-09    0.963639
2.14259e-09    0.966965
2.16456e-09    0.964917
2.18654e-09    0.964048
2.20851e-09    0.964368
2.23049e-09    0.965639

5.49381e-11    0
7.69133e-11    0
9.88886e-11    0
1.20864e-10    0
1.42839e-10    0
1.64814e-10    0
1.86789e-10    0
2.08765e-10    0
2.3074e-10    0
2.52715e-10    0
2.7469e-10    0
2.96666e-10    0
3.18641e-10    0
3.40616e-10    0.00069198
3.62591e-10    0.133989
3.84567e-10    0.952643
4.06542e-10    1.81082
4.28517e-10    2.06112
4.50492e-10    1.89934
4.72468e-10    1.66605
4.94443e-10    1.49888
5.16418e-10    1.33069
5.38393e-10    1.24677
5.60368e-10    1.15418
5.82344e-10    1.09255
6.04319e-10    1.06647
6.26294e-10    1.03055
6.48269e-10    1.02822
6.70245e-10    1.01177
6.9222e-10    1.00827
7.14195e-10    1.00361
7.3617e-10    1.00571
7.58146e-10    0.998259
7.80121e-10    0.995689
8.02096e-10    1.00149
8.24071e-10    0.990904
8.46047e-10    0.991196
8.68022e-10    0.981039
8.89997e-10    0.985143
9.11972e-10    0.980541
9.33947e-10    0.978234
9.55923e-10    0.968539
9.77898e-10    0.966526
9.99873e-10    0.972709
1.02185e-09    0.96597
1.04382e-09    0.966873
1.0658e-09    0.968102
1.08777e-09    0.964557
1.10975e-09    0.961403
1.13172e-09    0.960473
1.1537e-09    0.963438
1.17568e-09    0.965006
1.19765e-09    0.962403
1.21963e-09    0.95667
1.2416e-09    0.958163
1.26358e-09    0.956171
1.28555e-09    0.967471
1.30753e-09    0.961657
1.3295e-09    0.957997
1.35148e-09    0.966309
1.37345e-09    0.963092
1.39543e-09    0.964717
1.4174e-09    0.961449
1.43938e-09    0.962597
1.46135e-09    0.955969
1.48333e-09    0.959136
1.5053e-09    0.960253
1.52728e-09    0.963091
1.54925e-09    0.961583
1.57123e-09    0.960681
1.5932e-09    0.958224
1.61518e-09    0.961712
1.63715e-09    0.963501
1.65913e-09    0.963387
1.68111e-09    0.963831
1.70308e-09    0.960605
1.72506e-09    0.961311
1.74703e-09    0.960307
1.76901e-09    0.96487
1.79098e-09    0.96022
1.81296e-09    0.960499
1.83493e-09    0.963174
1.85691e-09    0.961913
1.87888e-09    0.960783
1.90086e-09    0.961015
1.92283e-09    0.964017
1.94481e-09    0.964911
1.96678e-09    0.967163
1.98876e-09    0.964368
2.01073e-09    0.962022
2.03271e-09    0.965138
2.05468e-09    0.962731
2.07666e-09    0.963569
2.09863e-09    0.964995
2.12061e-09    0.962358
2.14259e-09    0.966375
2.16456e-09    0.966949
2.18654e-09    0.966362
2.20851e-09    0.967215
2.23049e-09    0.966088

5.49381e-11    0
7.69133e-11    0
9.88886e-11    0
1.20864e-10    0
1.42839e-10    0
1.64814e-10    0
1.86789e-10    0
2.08765e-10    0
2.3074e-10    0
2.52715e-10    0
2.7469e-10    0
2.96666e-10    0
3.18641e-10    0
3.40616e-10    0.000864974
3.62591e-10    0.123013
3.84567e-10    0.950572
4.06542e-10    1.82109
4.28517e-10    2.01138
4.50492e-10    1.88394
4.72468e-10    1.66718
4.94443e-10    1.4652
5.16418e-10    1.32792
5.38393e-10    1.23459
5.60368e-10    1.14872
5.82344e-10    1.10005
6.04319e-10    1.04544
6.26294e-10    1.03377
6.48269e-10    1.02116
6.70245e-10    1.01041
6.9222e-10    0.993585
7.14195e-10    0.993567
7.3617e-10    0.998249
7.58146e-10    0.99351
7.80121e-10    0.99546
8.02096e-10    0.987346
8.24071e-10    0.985265
8.46047e-10    0.975129
8.68022e-10    0.978744
8.89997e-10    0.973332
9.11972e-10    0.964736
9.33947e-10    0.967364
9.55923e-10    0.962435
9.77898e-10    0.956816
9.99873e-10    0.958644
1.02185e-09    0.963334
1.04382e-09    0.962985
1.0658e-09    0.96224
1.08777e-09    0.966103
1.10975e-09    0.953696
1.13172e-09    0.961065
1.1537e-09    0.959137
1.17568e-09    0.956722
1.19765e-09    0.962117
1.21963e-09    0.960835
1.2416e-09    0.95847
1.26358e-09    0.959237
1.28555e-09    0.96242
1.30753e-09    0.95875
1.3295e-09    0.957838
1.35148e-09    0.957874
1.37345e-09    0.959465
1.39543e-09    0.957493
1.4174e-09    0.951915
1.43938e-09    0.957634
1.46135e-09    0.964076
1.48333e-09    0.962913
1.5053e-09    0.958824
1.52728e-09    0.956995
1.54925e-09    0.959414
1.57123e-09    0.963441
1.5932e-09    0.961773
1.61518e-09    0.960781
1.63715e-09    0.966896
1.65913e-09    0.960915
1.68111e-09    0.96632
1.70308e-09    0.960074
1.72506e-09    0.960786
1.74703e-09    0.960343
1.76901e-09    0.961724
1.79098e-09    0.962996
1.81296e-09    0.968732
1.83493e-09    0.962992
1.85691e-09    0.965028
1.87888e-09    0.9621
1.90086e-09    0.966109
1.92283e-09    0.964318
1.94481e-09    0.961261
1.96678e-09    0.961242
1.98876e-09    0.968311
2.01073e-09    0.967222
2.03271e-09    0.966555
2.05468e-09    0.964184
2.07666e-09    0.964545
2.09863e-09    0.963498
2.12061e-09    0.961213
2.14259e-09    0.968848
2.16456e-09    0.969548
2.18654e-09    0.96651
2.20851e-09    0.968327
2.23049e-09    0.965546

5.49381e-11    0
7.69133e-11    0
9.88886e-11    0
1.20864e-10    0
1.42839e-10    0
1.64814e-10    0
1.86789e-10    0
2.08765e-10    0
2.3074e-10    0
2.52715e-10    0
2.7469e-10    0
2.96666e-10    0
3.18641e-10    0
3.40616e-10    0.000864974
3.62591e-10    0.124148
3.84567e-10    0.93995
4.06542e-10    1.81765
4.28517e-10    1.98321
4.50492e-10    1.89422
4.72468e-10    1.66103
4.94443e-10    1.44993
5.16418e-10    1.32993
5.38393e-10    1.22059
5.60368e-10    1.14875
5.82344e-10    1.09683
6.04319e-10    1.05743
6.26294e-10    1.0241
6.48269e-10    1.01238
6.70245e-10    1.00428
6.9222e-10    0.990788
7.14195e-10    0.99287
7.3617e-10    1.00006
7.58146e-10    0.985534
7.80121e-10    0.990049
8.02096e-10    0.983939
8.24071e-10    0.983312
8.46047e-10    0.982477
8.68022e-10    0.984095
8.89997e-10    0.981703
9.11972e-10    0.970238
9.33947e-10    0.969149
9.55923e-10    0.960249
9.77898e-10    0.965161
9.99873e-10    0.966691
1.02185e-09    0.957947
1.04382e-09    0.95161
1.0658e-09    0.958514
1.08777e-09    0.959305
1.10975e-09    0.961277
1.13172e-09    0.954895
1.1537e-09    0.956606
1.17568e-09    0.95593
1.19765e-09    0.954891
1.21963e-09    0.956823
1.2416e-09    0.959209
1.26358e-09    0.954353
1.28555e-09    0.951607
1.30753e-09    0.96388
1.3295e-09    0.949971
1.35148e-09    0.954529
1.37345e-09    0.959167
1.39543e-09    0.957931
1.4174e-09    0.950932
1.43938e-09    0.961141
1.46135e-09    0.956151
1.48333e-09    0.958754
1.5053e-09    0.957757
1.52728e-09    0.961047
1.54925e-09    0.9666
1.57123e-09    0.96034
1.5932e-09    0.960235
1.61518e-09    0.963097
1.63715e-09    0.958635
1.65913e-09    0.95909
1.68111e-09    0.962908
1.70308e-09    0.962098
1.72506e-09    0.959884
1.74703e-09    0.959652
1.76901e-09    0.960233
1.79098e-09    0.96301
1.81296e-09    0.963629
1.83493e-09    0.961343
1.85691e-09    0.964867
1.87888e-09    0.958036
1.90086e-09    0.95941
1.92283e-09    0.96418
1.94481e-09    0.966923
1.96678e-09    0.96219
1.98876e-09    0.9635
2.01073e-09    0.962153
2.03271e-09    0.965034
2.05468e-09    0.964205
2.07666e-09    0.965319
2.09863e-09    0.964547
2.12061e-09    0.964975
2.14259e-09    0.965289
2.16456e-09    0.966525
2.18654e-09    0.964168
2.20851e-09    0.965526
2.23049e-09    0.967086

5.49381e-11    0
7.69133e-11    0
9.88886e-11    0
1.20864e-10    0
1.42839e-10    0
1.64814e-10    0
1.86789e-10    0
2.08765e-10    0
2.3074e-10    0
2.52715e-10    0
2.7469e-10    0
2.96666e-10    0
3.18641e-10    0
3.40616e-10    0.00121096
3.62591e-10    0.129296
3.84567e-10    0.948568
4.06542e-10    1.79508
4.28517e-10    2.03099
4.50492e-10    1.84873
4.72468e-10    1.63285
4.94443e-10    1.46425
5.16418e-10    1.33101
5.38393e-10    1.21611
5.60368e-10    1.15403
5.82344e-10    1.09272
6.04319e-10    1.04311
6.26294e-10    1.02598
6.48269e-10    1.00291
6.70245e-10    0.991866
6.9222e-10    0.991277
7.14195e-10    0.982236
7.3617e-10    0.987743
7.58146e-10    0.985048
7.80121e-10    0.988429
8.02096e-10    0.987649
8.24071e-10    0.980731
8.46047e-10    0.9691
8.68022e-10    0.975872
8.89997e-10    0.966977
9.11972e-10    0.975672
9.33947e-10    0.965738
9.55923e-10    0.968952
9.77898e-10    0.962383
9.99873e-10    0.960251
1.02185e-09    0.952938
1.04382e-09    0.956137
1.0658e-09    0.958934
1.08777e-09    0.961989
1.10975e-09    0.952746
1.13172e-09    0.95401
1.1537e-09    0.951296
1.17568e-09    0.955706
1.19765e-09    0.964781
1.21963e-09    0.959843
1.2416e-09    0.956627
1.26358e-09    0.95991
1.28555e-09    0.954193
1.30753e-09    0.955305
1.3295e-09    0.955962
1.35148e-09    0.952988
1.37345e-09    0.955983
1.39543e-09    0.960702
1.4174e-09    0.963754
1.43938e-09    0.957883
1.46135e-09    0.959772
1.48333e-09    0.955738
1.5053e-09    0.955773
1.52728e-09    0.962459
1.54925e-09    0.956069
1.57123e-09    0.961724
1.5932e-09    0.958466
1.61518e-09    0.957074
1.63715e-09    0.959083
1.65913e-09    0.963426
1.68111e-09    0.964134
1.70308e-09    0.964675
1.72506e-09    0.962092
1.74703e-09    0.961612
1.76901e-09    0.960906
1.79098e-09    0.963235
1.81296e-09    0.957445
1.83493e-09    0.961893
1.85691e-09    0.962714
1.87888e-09    0.965412
1.90086e-09    0.962725
1.92283e-09    0.964177
1.94481e-09    0.963808
1.96678e-09    0.962752
1.98876e-09    0.96574
2.01073e-09    0.967177
2.03271e-09    0.966855
2.05468e-09    0.968302
2.07666e-09    0.965873
2.09863e-09    0.964266
2.12061e-09    0.969779
2.14259e-09    0.968584
2.16456e-09    0.964597
2.18654e-09    0.967844
2.20851e-09    0.963665
2.23049e-09    0.966322

5.49381e-11    0
7.69133e-11    0
9.88886e-11    0
1.20864e-10    0
1.42839e-10    0
1.64814e-10    0
1.86789e-10    0
2.08765e-10    0
2.3074e-10    0
2.52715e-10    0
2.7469e-10    0
2.96666e-10    0
3.18641e-10    0
3.40616e-10    0.000951472
3.62591e-10    0.135352
3.84567e-10    0.946096
4.06542e-10    1.79306
4.28517e-10    1.99745
4.50492e-10    1.87284
4.72468e-10    1.64826
4.94443e-10    1.46937
5.16418e-10    1.33493
5.38393e-10    1.2113
5.60368e-10    1.14078
5.82344e-10    1.09274
6.04319e-10    1.06352
6.26294e-10    1.02297
6.48269e-10    1.01178
6.70245e-10    1.00278
6.9222e-10    0.989889
7.14195e-10    0.98627
7.3617e-10    0.993443
7.58146e-10    0.996233
7.80121e-10    0.992098
8.02096e-10    0.992427
8.24071e-10    0.983681
8.46047e-10    0.981752
8.68022e-10    0.97689
8.89997e-10    0.976375
9.11972e-10    0.973765
9.33947e-10    0.965336
9.55923e-10    0.964147
9.77898e-10    0.964123
9.99873e-10    0.962888
1.02185e-09    0.964002
1.04382e-09    0.958821
1.0658e-09    0.960353
1.08777e-09    0.952886
1.10975e-09    0.958894
1.13172e-09    0.966787
1.1537e-09    0.960413
1.17568e-09    0.957917
1.19765e-09    0.956499
1.21963e-09    0.958477
1.2416e-09    0.960224
1.26358e-09    0.96093
1.28555e-09    0.955728
1.30753e-09    0.958473
1.3295e-09    0.958845
1.35148e-09    0.960305
1.37345e-09    0.958142
1.39543e-09    0.953367
1.4174e-09    0.964828
1.43938e-09    0.961089
1.46135e-09    0.959471
1.48333e-09    0.960124
1.5053e-09    0.956839
1.52728e-09    0.959392
1.54925e-09    0.960212
1.57123e-09    0.961508
1.5932e-09    0.95641
1.61518e-09    0.962304
1.63715e-09    0.962165
1.65913e-09    0.961578
1.68111e-09    0.96047
1.70308e-09    0.961454
1.72506e-09    0.962259
1.74703e-09    0.96191
1.76901e-09    0.963866
1.79098e-09    0.965032
1.81296e-09    0.963637
1.83493e-09    0.962489
1.85691e-09    0.962195
1.87888e-09    0.964615
1.90086e-09    0.963581
1.92283e-09    0.966424
1.94481e-09    0.965106
1.96678e-09    0.966271
1.98876e-09    0.964202
2.01073e-09    0.965458
2.03271e-09    0.967809
2.05468e-09    0.965829
2.07666e-09    0.964813
2.09863e-09    0.964217
2.12061e-09    0.966158
2.14259e-09    0.965031
2.16456e-09    0.966255
2.18654e-09    0.96546
2.20851e-09    0.968742
2.23049e-09    0.967696

5.49381e-11    0
7.69133e-11    0
9.88886e-11    0
1.20864e-10    0
1.42839e-10    0
1.64814e-10    0
1.86789e-10    0
2.08765e-10    0
2.3074e-10    0
2.52715e-10    0
2.7469e-10    0
2.96666e-10    0
3.18641e-10    0
3.40616e-10    0.000778477
3.62591e-10    0.132021
3.84567e-10    0.9481
4.06542e-10    1.82026
4.28517e-10    2.00139
4.50492e-10    1.87739
4.72468e-10    1.62982
4.94443e-10    1.47417
5.16418e-10    1.33683
5.38393e-10    1.22869
5.60368e-10    1.15172
5.82344e-10    1.10978
6.04319e-10    1.06119
6.26294e-10    1.03685
6.48269e-10    1.01511
6.70245e-10    1.00846
6.9222e-10    1.00143
7.14195e-10    1.00099
7.3617e-10    0.988087
7.58146e-10    0.994547
7.80121e-10    0.992128
8.02096e-10    0.993669
8.24071e-10    0.982138
8.46047e-10    0.984986
8.68022e-10    0.976817
8.89997e-10    0.970463
9.11972e-10    0.969539
9.33947e-10    0.97329
9.55923e-10    0.969012
9.77898e-10    0.971785
9.99873e-10    0.960637
1.02185e-09    0.961436
1.04382e-09    0.954025
1.0658e-09    0.9602
1.08777e-09    0.958191
1.10975e-09    0.96219
1.13172e-09    0.954196
1.1537e-09    0.959034
1.17568e-09    0.957547
1.19765e-09    0.952412
1.21963e-09    0.948836
1.2416e-09    0.95456
1.26358e-09    0.956023
1.28555e-09    0.957863
1.30753e-09    0.95657
1.3295e-09    0.958881
1.35148e-09    0.956865
1.37345e-09    0.957079
1.39543e-09    0.957353
1.4174e-09    0.955922
1.43938e-09    0.9563
1.46135e-09    0.95451
1.48333e-09    0.957734
1.5053e-09    0.959506
1.52728e-09    0.954828
1.54925e-09    0.960005
1.57123e-09    0.959905
1.5932e-09    0.95968
1.61518e-09    0.960051
1.63715e-09    0.960188
1.65913e-09    0.955566
1.68111e-09    0.964115
1.70308e-09    0.961818
1.72506e-09    0.960608
1.74703e-09    0.958303
1.76901e-09    0.961733
1.79098e-09    0.959085
1.81296e-09    0.963931
1.83493e-09    0.962845
1.85691e-09    0.962001
1.87888e-09    0.963718
1.90086e-09    0.96224
1.92283e-09    0.961743
1.94481e-09    0.963552
1.96678e-09    0.964317
1.98876e-09    0.963541
2.01073e-09    0.967764
2.03271e-09    0.962637
2.05468e-09    0.963988
2.07666e-09    0.961386
2.09863e-09    0.964121
2.12061e-09    0.963455
2.14259e-09    0.963874
2.16456e-09    0.963907
2.18654e-09    0.968762
2.20851e-09    0.966722
2.23049e-09    0.968239

