              1      0.0489821    2.06474e+06              0
              2      0.0489564     2.0642e+06        541.232
              3      0.0491307    2.06647e+06        2288.99
              4      0.0489631    2.06583e+06        1737.64
              5      0.0488799    2.06475e+06        1726.12
              6      0.0491737     2.0661e+06        1947.21
              7      0.0489696    2.06583e+06        1667.58
              8       0.048865    2.06507e+06        1628.83
              9      0.0489709    2.06498e+06        1439.29
             10      0.0489654    2.06489e+06        1290.85
             11      0.0491322    2.06545e+06        1295.56
             12      0.0489235    2.06519e+06        1212.04
             13      0.0491534    2.06571e+06        1230.72
             14      0.0489772    2.06562e+06         1142.5
             15      0.0488827    2.06529e+06        1116.07
             16      0.0490333    2.06539e+06        1048.84
             17      0.0489343    2.06523e+06        997.576
             18      0.0492529    2.06584e+06        1119.34
             19      0.0491189    2.06608e+06        1086.92
             20      0.0491629     2.0664e+06        1077.88
