1	30.3634306
2	28.9915887
3	28.9710406
4	27.8555248
5	26.1850876
6	25.9378065
7	25.7205006
8	25.7709403
9	24.8991017
10	24.462885
11	24.3806018
12	24.0343303
13	23.70951
14	23.6271442
15	23.7107187
16	23.2638961
17	23.1714131
18	23.2082335
19	22.6531731
20	22.0741009
21	21.886327
22	20.8480491
23	20.2683306
24	19.8540678
25	19.5284903
26	19.3166175
27	18.94797
28	18.8266454
29	18.7724907
30	18.1070641
31	16.7763469
32	16.7987378
33	16.6496794
34	15.295056
35	15.3691513
36	15.4591098
37	15.4315637
38	15.3214787
39	15.3419824
40	14.9312773
41	15.3481087
42	15.4335875
43	15.3341813
44	15.5039138
45	15.0188606
46	14.5330594
47	15.0525604
48	14.6105165
49	14.0051347
50	13.8011708
51	13.8980565
52	13.7951619
53	14.0376962
54	14.3018493
55	14.3875876
56	14.6100269
57	14.2860039
58	14.5477417
59	14.4828715
60	14.4621934
61	14.3557441
62	14.3983048
63	14.3715158
64	14.4413074
65	15.0185541
66	14.4118168
67	14.3705508
68	14.3093911
69	13.6860059
70	13.9258435
71	13.6927319
72	13.1777156
73	13.4034654
74	13.5353785
75	13.869366
76	13.0302464
77	12.8604083
78	12.4527452
79	12.7099313
80	12.531183
81	12.1705474
82	12.0457239
83	12.7430601
84	12.6245007
85	12.6405649
86	13.2487641
87	12.3169664
88	12.8816287
89	13.5764701
90	12.6761362
91	12.3772785
92	12.5696678
93	12.5945755
94	12.5939159
95	13.1410747
96	13.8284464
97	13.3076756
98	13.0501606
99	12.6904766
100	12.3162299
101	12.8441718
102	12.377691
103	12.5724016
104	13.3361457
105	13.3631485
106	13.353269
107	12.9691334
108	13.3111042
109	12.8928342
110	13.2993311
111	13.215424
112	13.1825758
113	12.2129034
114	12.3994969
115	12.6273621
116	12.1922886
117	11.784514
118	12.364216
119	12.3337647
120	12.5870032
121	11.9991673
122	12.5119164
123	11.9251357
124	13.2682885
125	12.8852491
126	12.9026646
127	11.8829622
128	11.6575126
129	12.3834178
130	12.1310054
131	11.5576364
132	11.4734095
133	11.2625361
134	11.0956293
135	11.1462549
136	11.5309152
137	11.6925841
138	11.751184
139	12.169571
140	11.7084212
141	12.7533196
142	12.3997845
143	12.7085245
144	12.5393596
145	12.8117031
146	13.1171964
147	12.6424683
148	12.404856
149	11.7302355
150	11.4718347
151	11.2598144
152	12.3340219
153	10.9950849
154	10.5933791
155	10.9108179
156	10.7237691
157	11.2011545
158	10.9228957
159	10.8398231
160	10.9375975
161	11.11375
162	11.0392608
163	11.8578061
164	12.3982486
165	12.2940488
166	12.0223777
167	11.6983221
168	12.0205367
169	11.9466734
170	12.2662848
171	12.0168611
172	11.9310798
173	11.4736794
174	10.7435136
175	11.0789784
176	10.8919746
177	11.3211034
178	11.8133571
179	11.7633197
180	10.8218732
181	11.1781279
182	11.0915232
183	11.2531467
184	10.8113029
185	10.4761523
186	10.6882483
187	10.6598657
188	10.5211261
189	10.5922704
190	10.6434096
191	10.6883705
192	10.7472509
193	11.1340202
194	11.111521
195	11.424933
196	11.0284443
197	11.2419006
198	12.1112045
199	11.2842543
200	11.4855045
201	11.6907314
202	11.2670381
203	11.317597
204	10.9063392
205	10.6566598
206	10.9220262
207	11.3455379
208	11.3758912
209	11.226032
210	11.413768
211	11.2984896
212	11.55196
213	11.4214386
214	11.250452
215	11.0058504
216	11.0352641
217	10.4684647
218	10.5818561
219	10.7498632
220	10.446504
221	10.3057918
222	10.7314726
223	11.0086413
224	10.5350273
225	11.3428234
226	10.6747246
227	10.9636582
228	11.4237868
229	11.3060836
230	10.9166024
231	11.1218246
232	11.2774677
233	11.2414571
234	11.0791414
235	12.3413661
236	12.2851145
237	11.0065609
238	10.9029852
239	11.1004876
240	10.516959
241	10.4639427
242	10.7010248
243	10.8539868
244	11.7627986
245	12.5376279
246	12.3452644
247	11.5542539
248	11.78071
249	11.5957188
250	11.2795451
251	11.2002564
252	11.3338318
253	10.9384284
254	10.6738094
255	10.6587633
256	11.3848321
257	11.1480821
258	10.7464023
259	11.6117435
260	11.0668405
261	12.3466978
262	12.8286255
263	12.443924
264	12.9043185
265	12.5925712
266	12.1505386
267	11.5938574
268	11.9763833
269	11.7746382
270	11.3944637
271	11.3837735
272	10.5740826
273	10.6274703
274	10.5492651
275	10.3982352
276	10.6460659
277	10.7479613
278	10.8621641
279	10.7768431
280	11.3284212
281	11.6005973
282	11.6587834
283	11.8856327
284	11.5001559
285	10.7130252
286	10.5602148
287	11.0451439
288	11.165068
289	11.2679217
290	11.5029784
291	10.8397504
292	10.8611819
293	11.5251897
294	11.6444055
295	11.2209829
296	11.1195969
297	12.2183719
298	11.3424774
299	11.2650479
300	10.7995881
301	10.7476601
302	10.8414196
303	10.8966317
304	10.4569952
305	10.2185191
306	10.0339507
307	10.1848859
308	10.3871947
309	11.2884954
310	11.8108896
311	12.0349447
312	11.396586
313	11.9478316
314	12.012237
315	11.8205967
316	11.5265289
317	11.040245
318	10.6928675
319	10.4616211
320	10.6328931
321	10.517059
322	10.9643221
323	11.9380574
324	11.964926
325	11.5598863
326	11.2882688
327	12.1822827
328	11.1882356
329	11.5071524
330	12.1025375
331	12.338285
332	12.6019547
333	11.8563873
334	12.5923889
335	11.7623237
336	11.0081322
337	11.3189996
338	11.6474526
339	10.825765
340	10.3798332
341	10.1831334
342	10.2926307
343	10.6291863
344	10.8731133
345	10.5594368
346	10.3454862
347	10.6046309
348	10.5916631
349	11.1060864
350	10.7575594
351	10.3824766
352	10.4561223
353	10.388991
354	10.168788
355	9.9687569
356	10.5504753
357	11.1785817
358	10.9186962
359	11.6305138
360	11.4182354
361	11.1866764
362	10.5466481
363	11.2506033
364	10.483679
365	10.1924031
366	10.078416
367	10.1919704
368	10.5320477
369	10.9223917
370	10.6225542
371	10.1341805
372	9.94095291
373	9.98616669
374	10.5668732
375	10.9943578
376	10.9949885
377	10.6929936
378	10.530108
379	10.4799023
380	10.0675877
381	10.0163675
382	10.0181397
383	10.0540275
384	9.92443671
385	9.92443671
386	9.92443671
387	9.99827849
388	10.1072445
389	10.0709432
390	10.1003777
391	10.424282
392	10.3195039
393	10.2095338
394	10.0581991
395	9.90519172
396	9.94268013
397	10.2701214
398	9.67298783
399	9.45758538
400	9.50104702
401	9.64086348
402	9.69053028
403	9.73207675
404	9.96736352
405	9.78550634
406	9.66133506
407	9.59101898
408	9.68672566
409	9.60385595
410	9.50173686
411	10.35523
412	10.6001278
413	11.0724501
414	10.1337049
415	9.80028582
416	9.52285146
417	9.83730859
418	10.077721
419	10.5269654
420	10.3109175
421	10.8037871
422	10.5913716
423	10.0571446
424	10.0846473
425	10.2465024
426	10.6483769
427	10.2352889
428	10.1149889
429	9.88912188
430	9.69954732
431	10.0258971
432	9.97570229
433	9.94229972
434	9.71722641
435	9.44473132
436	9.72444255
437	10.0870418
438	10.0739222
439	9.95963543
440	10.4835127
441	10.3554266
442	11.0359719
443	10.0604668
444	9.81392847
445	9.64571675
446	10.4378822
447	10.2875292
448	10.9695544
449	10.804064
450	9.94460881
451	10.1361986
452	9.82522737
453	9.89075998
454	9.6153417
455	10.4066625
456	10.5133716
457	10.5476737
458	10.7551467
459	11.143635
460	10.4496688
461	10.4955609
462	10.3515374
463	10.0928102
464	10.1783606
465	10.5222118
466	10.7506016
467	11.0949422
468	10.7641697
469	9.9284435
470	10.2915661
471	10.0728249
472	10.2885503
473	10.7898122
474	9.78357252
475	10.3702378
476	9.87634216
477	10.1764149
478	10.6911971
479	10.5431817
480	10.2744601
481	10.560705
482	11.0115786
483	10.5875304
484	10.303704
485	10.5748924
486	10.9107172
487	10.0607066
488	10.2308944
489	10.6153133
490	10.2953449
491	11.1521651
492	11.3057641
493	11.4905033
494	11.0273633
495	11.3330246
496	11.0109204
497	12.0653192
498	11.1403755
499	11.0097627
500	11.3704254
