0	0.717472917	0.6965864
1	0.857503342	0.514478395
2	0.918643485	0.395087519
3	0.99119353	0.132421248
4	0.994096927	0.10849562
5	0.828785137	-0.559566973
6	0.517489208	-0.855689733
7	0.162934154	-0.986636945
8	0.037988424	-0.999278179
9	0.0292360459	-0.999572535
10	-0.127518286	-0.99183622
11	-0.278816159	-0.960344495
12	-0.556777763	-0.830661497
13	-0.861007603	-0.508592084
14	-0.866510612	-0.499158651
15	-0.898196853	-0.439593465
16	-0.899859064	-0.436180771
17	-0.958775872	-0.284163383
18	-0.999349644	0.0360595262
19	-0.999094445	0.0425474997
20	-0.991421271	0.130705256
21	-0.989679658	0.143297506
22	-0.984339841	0.176281243
23	-0.691370031	0.722500851
24	-0.488159119	0.872754648
25	-0.182645383	0.983178857
26	-0.0495759723	0.998770355
27	0.0673789949	0.997727453
28	0.105631352	0.994405359
29	0.348809718	0.937193566
30	0.482205267	0.876058263
31	0.490951061	0.871187153
32	0.717472917	0.6965864
